0 0 1025 1827 2652 3720 4373 5160 6255 7035 7735 8603
0 1 754 1777 2056 3033 3855 4964 5762 6763 7517 7925
0 2 1016 2072 3698 4567 5491 6346 7383 8093 8870 9973
0 3 738 2017 3493 4453 5218 6450 7584 9666 10230 11454
0 4 1304 2105 2711 3142 4364 5347 5825 6524 6877 7684
0 5 1327 1828 2850 3546 4279 4942 5708 6311 6675 7439
0 6 557 1265 1537 2391 2830 3401 3903 4748 5563 6467
0 7 1021 1920 2793 3785 4902 5388 6471 7474 8126 8506
0 8 662 1456 1778 2626 3369 4205 4925 5396 5798 6428
0 9 1129 1962 2694 3562 4245 5312 6431 6976 7423 7952
0 10 1206 1850 2952 3977 4853 5950 7067 8096 8855 10057
1 0 689 1600 1889 2398 2701 3024 3308 3831 4208 4550
1 1 767 1523 2071 2764 3234 3644 4032 4408 4852 5023
1 2 1144 1949 2456 2877 3326 4129 4588 4979 5219 5555
1 3 838 1498 2072 2605 3148 3448 3876 4190 4705 5188
1 4 1278 1811 2306 2602 2706 3348 3758 4009 4296 4562
1 5 1300 2155 2994 4029 4368 4801 5440 5777 6202 6656
1 6 1049 1973 2372 2639 3115 3703 4187 4399 4867 5130
1 7 528 2023 2703 3105 3395 3936 4490 4927 5437 5999
1 8 1039 2582 3204 4004 4489 4791 5100 5514 5883 6129
1 9 1842 3438 4342 4990 5688 6121 6676 6889 7256 7666
1 10 841 1763 2338 2939 3373 3678 3886 4300 4939 5194
2 0 615 1142 2086 2586 2930 3628 4089 4674 5067 5403
2 1 801 1321 1691 2176 2397 2798 3004 3402 3782 3926
2 2 854 1694 2061 2584 3101 3357 3832 4101 4357 4676
2 3 571 1594 2323 2951 3346 3814 4223 4554 4936 5163
2 4 1006 1801 2381 2691 2959 3177 3338 3635 3856 4170
2 5 1016 1638 2350 2753 3186 3542 3813 4164 4546 4866
2 6 1269 1745 2481 2791 3252 3645 4254 4839 5357 5918
2 7 1136 2144 3200 3653 4098 4700 5036 5384 5728 6024
2 8 1014 1788 2535 3307 4218 4960 5470 6262 7201 7658
2 9 1256 2226 2659 3226 3656 4232 4757 6115 6724 7771
2 10 1580 2088 2603 2936 3305 4022 4348 4662 5311 6471
3 0 879 1475 2178 2480 2996 3525 3814 4263 4654 5031
3 1 966 1704 2317 2866 3700 4403 4769 5421 5949 6425
3 2 685 1277 1747 2047 2504 3104 3416 3885 4302 4702
3 3 1200 2281 2895 3663 4238 4531 4833 5223 5532 5836
3 4 833 1706 2600 3216 3447 3893 4211 4664 4787 5216
3 5 1209 2138 2652 3056 3473 3795 4089 4304 4722 5081
3 6 699 1599 2525 2737 3046 3309 3587 3837 4049 4330
3 7 518 1048 1784 2592 3076 3472 3882 4323 4802 5220
3 8 1681 2539 3012 3730 4467 4823 5352 5926 6689 7143
3 9 1516 2411 3168 4144 5167 5440 5633 6205 6804 7280
3 10 1038 1723 2557 3297 3704 4686 5129 5606 6030 6767
4 0 736 2096 2587 3282 3490 4018 4400 4823 5100 5455
4 1 1039 1899 2349 2915 3387 3753 4292 4733 5125 5394
4 2 1449 2155 2755 3185 3647 3947 4230 4877 5147 5356
4 3 955 1438 1717 2251 2634 3183 3467 3889 4437 4758
4 4 1623 2119 2472 2752 3014 3469 3858 4169 4515 4909
4 5 674 1424 1879 2141 2756 3219 3419 3934 4260 4518
4 6 575 1171 1735 1950 2540 2957 3186 3623 3845 4073
4 7 944 1752 2426 2863 3440 3942 4156 4480 5044 5688
4 8 1137 2342 2959 3815 4501 5026 5530 6228 6855 7144
4 9 1016 1777 2556 3169 5038 6113 6514 7002 7607 8042
4 10 2032 4219 5553 6594 7660 8799 10417 11988 14209 15807
5 0 349 1031 1753 2480 3267 4277 4894 5523 6313 6848
5 1 750 1542 2321 2656 3004 3568 4072 4670 4923 5484
5 2 813 2178 2651 3382 4298 4794 5089 5520 5792 6304
5 3 750 1361 1985 2408 2872 3369 3823 4088 4460 4786
5 4 667 1574 2367 3078 3452 3766 4591 4948 5407 5646
5 5 1335 2182 2429 2836 3234 3677 4512 4776 5017 5243
5 6 1031 1642 2143 2593 3158 4041 4357 4664 5161 5661
5 7 1015 1750 2178 2740 3241 3873 4414 4723 5084 5545
5 8 768 1693 2232 2783 3550 3974 4497 4868 5679 6372
5 9 825 2511 3368 4825 5508 5861 7091 7483 9334 10026
5 10 815 1596 2277 2970 3849 5035 6203 6816 7299 8072
6 0 1125 1821 2215 3126 3832 4237 4481 5530 6476 7375
6 1 492 863 1684 2333 2785 3782 4282 4655 5077 5559
6 2 764 1892 2404 2645 3678 4161 4606 4933 5450 5977
6 3 858 1456 2362 3110 3488 3785 4140 4526 4830 5236
6 4 831 1439 1905 2548 3206 4132 4636 5091 5571 6388
6 5 524 1725 2363 3062 3904 4491 4992 5560 5968 6381
6 6 1109 2331 3077 3726 3934 4205 4672 5316 5634 5888
6 7 956 1598 1962 2366 3001 3586 4391 4570 5083 5628
6 8 981 1399 2008 2359 3123 3336 4001 4407 4893 5492
6 9 941 2348 2846 3408 5151 6338 7728 8295 8931 9636
6 10 2165 3621 4670 5853 6688 7185 7820 8761 9504 10159
7 0 783 1650 3008 4469 5486 6664 7325 8361 9557 10269
7 1 915 1363 1829 2269 4045 4834 5361 6788 7334 8095
7 2 1348 1686 3017 3597 4608 5546 6118 6744 7421 7974
7 3 618 2037 2710 3101 4149 4547 5135 5974 6494 6841
7 4 1725 2206 3003 3505 4092 4700 5090 6279 7071 7861
7 5 552 1409 1850 2374 2855 3203 3557 3965 4309 4723
7 6 1097 1893 2565 2990 3270 3632 4321 4697 5046 5342
7 7 968 1570 2270 2796 3201 3594 4306 4735 5384 5763
7 8 954 1967 3218 3572 4368 4797 5345 5901 6742 7490
7 9 1138 2677 3466 3896 4426 5229 6110 6706 7846 8343
7 10 1425 2527 4218 5214 5676 6530 7346 8180 8895 9620
8 0 901 1699 3672 4425 5576 6524 7263 7678 8161 8433
8 1 1170 2078 2829 3283 4204 4894 5417 6338 7990 8690
8 2 997 1526 2011 2818 4035 5041 5459 5796 6341 6887
8 3 1472 2928 4745 6384 8103 8912 9951 10394 11051 11739
8 4 528 1840 2493 2886 3395 3733 4429 5174 6102 6292
8 5 1125 1719 2852 3478 4002 4973 5425 6056 6921 7524
8 6 1215 2519 3529 4587 5613 6183 6658 6975 7340 7826
8 7 981 1758 2346 3396 4359 4916 5344 6141 7323 8069
8 8 1087 2440 3986 4877 5846 7333 8043 9100 9928 10575
8 9 1263 2570 4391 5337 6170 6742 8086 9088 9887 10463
8 10 1704 2925 4080 4550 5090 6528 7234 8126 8877 9429
9 0 934 1724 2686 3526 4223 4725 6499 7589 8094 8936
9 1 946 1850 2486 3212 4341 5400 6000 6427 7107 8912
9 2 1120 1802 2304 3600 4384 5063 5951 6703 7110 7643
9 3 1532 1963 2953 3471 4170 4751 4947 5243 5735 7476
9 4 701 1796 2285 3246 4299 4982 5415 5926 6507 6968
9 5 1050 1806 2602 3160 3540 4221 4946 5371 6878 8047
9 6 843 1387 2126 2417 2808 3716 4028 4235 4590 5070
9 7 732 1270 1618 2793 3507 4165 4382 4830 5555 6088
9 8 1199 2655 3463 4553 5305 5832 6399 7350 8343 8777
9 9 2464 3403 4122 5305 6267 7751 7956 8592 9479 10175
9 10 1318 2860 5178 5922 6555 7177 7560 8717 9600 10034
10 0 700 2321 3780 5523 6713 7504 8457 9911 10974 12318
10 1 896 1765 2406 3297 4320 6201 7400 9259 10634 11105
10 2 1219 2988 4016 4612 5519 6605 7130 8407 9194 9958
10 3 1398 2531 3893 4534 4957 6096 7049 7575 8520 8965
10 4 1707 2571 3089 3864 4071 4762 5617 6989 7885 8733
10 5 816 1962 3070 4509 5084 5711 6912 7690 8872 10699
10 6 901 2248 4155 5869 6287 7388 8352 9112 11053 12594
10 7 1076 3036 4644 5130 6868 8094 9862 10666 11547 12440
10 8 1471 2865 4193 5762 7097 8335 9133 9539 11611 12506
10 9 2535 4804 5474 6254 6870 8108 8912 10046 10502 12198
10 10 1639 3218 5573 6695 8305 9503 10870 11449 12516 13623
