0 0 1134 1761 2470 3493 4911 5373 6100 6482 6817 7734
0 1 1158 2304 3039 3571 4514 5229 6108 6734 7145 7901
0 2 919 1804 2386 2909 3386 4165 4956 5496 5958 6670
0 3 911 2740 3436 4962 6558 7158 7899 8718 9517 10634
0 4 785 1459 2307 2774 3323 3695 4223 5028 5737 6669
0 5 1186 1951 2508 3154 3978 4571 5050 5758 6345 7245
0 6 1279 1940 2443 2987 4011 4890 5414 6286 6982 7701
0 7 599 1473 2306 2659 3068 3692 4098 4520 5034 5445
0 8 711 1840 2526 3148 4235 4779 5481 5839 6586 7989
0 9 1043 2025 2702 3486 4275 5133 6305 7542 8345 9138
0 10 952 2005 2760 3150 3653 4610 5069 5919 6620 6913
1 0 1170 2043 2658 3181 3715 4127 4604 5044 5293 5692
1 1 861 1354 2055 2576 2959 3605 4064 4411 4705 5055
1 2 1116 1388 2038 2396 2593 2935 3243 3471 4001 4309
1 3 955 1798 2248 2978 3410 3950 4154 4624 5078 5456
1 4 1022 1994 2458 3177 3689 4224 4748 4966 5356 5920
1 5 1306 1724 2276 2621 3070 3242 3586 3930 4203 4625
1 6 1277 1995 2153 2535 3060 3448 4163 4542 5016 5591
1 7 1092 1635 2375 2931 3523 4088 4463 4902 5376 5766
1 8 624 1778 2366 3154 3782 4085 4749 4942 5478 5977
1 9 810 1525 2491 3696 4924 5919 7260 8044 8837 9432
1 10 1161 1943 2222 2801 3552 4615 5389 6114 6952 7383
2 0 880 1735 2254 2594 3024 3554 4084 4279 4703 5233
2 1 1138 2047 2801 3223 3626 4006 4431 4894 5367 5758
2 2 1282 2335 2828 3220 3490 3767 4118 4306 4570 4986
2 3 920 2107 2460 2892 3040 3344 3531 3805 4220 4574
2 4 689 1331 1894 2410 2824 3289 3691 4034 4389 4628
2 5 961 1796 2525 2828 3201 3788 4036 4304 4553 4884
2 6 662 1495 1792 2104 2525 3345 3774 4274 4722 5048
2 7 1322 1775 2494 3181 3470 3748 4065 4418 4727 5032
2 8 764 1736 2445 2952 3642 4272 4571 5083 5402 5707
2 9 839 1844 2344 3114 3571 3851 4136 4603 5352 5668
2 10 500 1805 2427 2788 3321 4116 4580 5173 5610 6152
3 0 527 1488 2343 2833 3569 4192 4616 5105 5454 6033
3 1 900 1234 1614 2041 2476 2973 3337 3809 3997 4517
3 2 1478 2022 2396 2784 3150 3413 3843 4153 4382 4644
3 3 843 1334 1798 2303 2782 3246 3641 3935 4148 4416
3 4 1211 1738 2355 2907 3247 3815 4331 4636 4910 5436
3 5 779 1579 2037 2410 2850 3192 3771 4279 4541 4996
3 6 578 1200 1505 2217 2826 3113 3277 3546 3937 4133
3 7 667 1568 2939 3259 3574 3917 4449 4858 5045 5301
3 8 1017 1583 2078 2466 2977 3547 4141 4815 5227 6253
3 9 1152 2473 3170 3660 5079 6672 7888 8651 9315 10165
3 10 1547 2261 2725 3961 4536 5241 5606 5985 6537 7123
4 0 814 1437 1895 2367 3308 4142 4710 5458 6016 6540
4 1 1047 1447 2193 2548 3213 3828 4362 4650 5011 5420
4 2 1113 1829 2178 3001 3617 4412 4829 5312 5452 5803
4 3 871 1520 2129 3342 3818 4205 4537 4965 5361 5536
4 4 716 1144 1518 1879 2205 2566 2719 3089 3529 3777
4 5 583 975 1195 1546 2052 2519 2854 3193 3423 3934
4 6 1091 1835 2661 3055 3504 3911 4301 4477 4833 5044
4 7 1090 1517 2203 2734 3260 3655 4334 4896 5357 5944
4 8 1866 2909 4298 5444 5889 6713 7659 8095 8688 9248
4 9 2113 2847 3838 4931 6197 7094 8109 8635 9873 10513
4 10 1556 2702 3987 4746 5194 6008 6551 7233 8574 9579
5 0 829 1254 1739 2264 3260 4666 5582 6603 7035 7682
5 1 762 1829 2780 3104 4287 4633 5700 6248 6769 7338
5 2 1383 2143 2645 3391 3677 3972 4327 4759 5367 5808
5 3 952 1395 2170 2763 3077 3493 3912 4208 4675 5110
5 4 831 1357 2024 2409 3053 3268 3548 4023 4311 4725
5 5 1267 2197 2713 3272 3675 3997 4433 5008 5388 5732
5 6 1544 2570 3111 3500 3865 4635 5178 5512 5986 6266
5 7 1204 1976 2532 2876 3506 4049 4488 4884 5341 5767
5 8 482 1362 2485 2838 3451 4170 4536 5002 5422 5994
5 9 1173 2455 3273 3855 4268 5313 6340 7107 7765 8586
5 10 610 2072 2645 3181 3742 4569 4987 5574 6196 6650
6 0 724 1744 2326 2697 3216 3777 4463 5068 5801 6315
6 1 855 1853 3161 3929 4636 5114 5520 6202 6788 7399
6 2 1179 1737 2023 2442 3254 3814 4255 4932 5724 6086
6 3 1422 1869 2601 2907 3552 4509 4649 5504 6039 6477
6 4 1139 1824 2268 2504 3275 3762 4182 5020 5468 5947
6 5 804 1773 2236 2856 3158 3569 3799 4296 4786 5072
6 6 1357 1889 2184 2650 3018 3307 3635 3923 4362 5144
6 7 1005 2003 2598 3276 3706 4297 4859 5212 5463 5769
6 8 1046 1877 2350 3065 3944 4492 4960 5505 6082 6709
6 9 1505 2375 3315 3870 4245 4761 5811 6353 7416 8494
6 10 1416 2822 3727 4406 4869 5194 5638 6372 6996 7426
7 0 1618 2522 4306 5233 6314 7334 8065 8554 9427 10595
7 1 616 1856 2339 3628 3969 4505 4907 5467 5991 6544
7 2 1312 2373 3254 3947 4604 5377 6097 6782 7542 7899
7 3 284 1568 2449 2996 3623 4114 4715 5002 5791 6800
7 4 958 2363 2881 3382 4202 4390 5099 5648 6245 6656
7 5 839 1592 2468 3199 3930 4494 5248 5711 6410 6832
7 6 931 1236 1756 2423 3176 3674 4226 4933 5606 6171
7 7 657 1632 2159 2937 3897 4656 5233 5973 6582 7117
7 8 1847 2449 4041 4844 5571 6181 6737 7044 7494 7747
7 9 1520 2175 3825 4317 5094 5604 6150 6843 7339 7882
7 10 908 3090 3870 4182 5601 6895 7444 8198 9065 9926
8 0 1275 2010 3316 4071 5418 6296 7322 7812 8248 9535
8 1 1245 2014 3073 3798 4625 6284 6742 7361 8001 8397
8 2 1620 2059 3613 4500 4959 6187 6737 7253 8319 8939
8 3 1104 1515 2734 3418 4227 5025 5716 6486 7396 7734
8 4 1042 1563 2195 2857 3250 3886 4661 5025 5323 5641
8 5 1118 1575 2068 2584 3032 3599 3965 4489 4858 5746
8 6 750 1727 2438 2874 3585 4519 5693 6131 6470 7081
8 7 1342 2760 3655 4674 5473 5832 6564 6972 7288 7612
8 8 1124 2443 3914 4820 5421 5829 6395 6844 7553 7993
8 9 867 2550 3414 4124 4735 5311 5973 6345 6754 7694
8 10 1143 2419 3646 4686 5491 6464 7455 7735 8264 9256
9 0 1013 1592 2526 3916 4933 6174 7161 7937 8810 9480
9 1 1365 2170 2942 3684 5041 6065 6551 7126 7789 8416
9 2 1198 2795 3616 4432 5042 5476 6087 6986 7615 8959
9 3 449 1383 3407 4400 5036 5724 6207 7027 7737 8142
9 4 774 1591 2322 3066 3933 4657 5417 6451 6927 7982
9 5 1227 2661 3103 4481 5356 5862 6238 6454 7122 7727
9 6 567 1645 2938 3791 4495 5304 5615 6239 6777 7112
9 7 656 2062 3128 3833 4749 5545 6242 6855 7399 8468
9 8 956 2453 3694 4442 5208 5721 6198 6940 7422 8172
9 9 1417 2611 3630 5007 7329 8288 9842 10810 11347 12021
9 10 1538 2357 3640 4419 5323 7514 8634 10209 11040 12176
10 0 1851 3412 5075 6744 8143 9428 10439 11465 12216 13092
10 1 744 1680 2742 4022 5067 5914 6637 8265 9258 10524
10 2 635 1912 3187 4288 6306 7959 8781 9639 10798 11785
10 3 967 2417 3400 4015 4541 5175 6106 6467 7798 8900
10 4 607 1476 3009 3438 3781 5261 5642 6392 7293 8274
10 5 1490 2406 3415 4378 5464 6412 7187 7877 9052 10112
10 6 2041 3128 4458 5438 6304 8107 9885 10660 11280 12272
10 7 546 1645 2438 3123 4328 5008 5670 7421 8684 9483
10 8 822 2890 4554 5589 6663 7862 9123 9874 11081 11773
10 9 926 2206 3544 5225 6699 8159 8744 9160 10578 11473
10 10 1831 2786 4163 4852 5583 6636 8039 8787 9622 10354
