0 0  1003 1482 2662 3324 4308 5320 5920 6975 7798 8516
0 1  1198 1764 2656 3718 4789 5634 6497 7268 8202 9105
0 2  964 2025 2778 3231 3898 4485 5674 6585 7135 7728
0 3  1144 1892 3921 4607 5356 6185 6903 7318 8187 8986
0 4  821 2038 2827 3719 4580 5114 6233 7091 8193 9094
0 5  1113 1345 1685 2182 2530 2957 3322 3718 4178 4736
0 6  1070 1651 2449 3276 4158 4731 5447 6464 7460 8148
0 7  922 1722 2278 3062 4048 4596 5222 5715 6728 7301
0 8  949 2186 2971 3751 4595 5590 6006 6513 7547 8532
0 9  776 1556 2132 2656 3407 4000 4639 5423 5983 6552
0 10  1021 1727 2459 2972 3728 4734 5517 6442 7311 8523
1 0  745 1527 1904 2691 3518 4105 4530 4975 5367 5878
1 1  517 1105 1534 2251 2732 3326 3742 4216 4559 4950
1 2  1046 2100 2468 2969 3358 3787 4041 4245 4603 4927
1 3  802 1307 1720 2283 2617 3020 3410 3699 4032 4317
1 4  1307 1611 2113 2815 3011 3406 3731 4148 4603 4905
1 5  1716 2410 2726 3221 3461 3752 4212 4461 4696 5239
1 6  884 1786 2319 2716 3298 3964 4255 4645 4981 5289
1 7  481 1164 1728 2324 2841 3481 3871 4322 4797 5384
1 8  1464 2277 3268 3795 4466 4950 5421 5674 6062 6304
1 9  1810 2546 3259 3831 4873 5219 5573 5917 6463 7008
1 10  1715 2622 3882 4745 5586 6432 7303 7770 8734 9802
2 0  1084 1723 2536 2887 3220 3650 4055 4526 5099 5448
2 1  630 2252 2922 3335 3589 3857 4161 4605 5068 5437
2 2  1067 1516 2052 2367 2617 2936 3171 3533 3903 4115
2 3  677 1419 2380 3157 3645 4029 4312 4798 5217 5690
2 4  635 1226 1589 2189 2375 2613 2818 3159 3525 4009
2 5  550 1025 1569 1912 2421 2858 3227 3879 4273 4585
2 6  1021 1623 2257 2782 3324 3657 4086 4495 5064 5369
2 7  991 2011 2470 2910 3232 3743 4205 4870 5228 5627
2 8  756 2760 3267 4165 6065 7316 7844 8642 9221 10000
2 9  1033 1684 2521 4151 4746 5493 5947 6409 7304 7915
2 10  1731 2517 3160 3615 3933 4562 5078 5946 6769 7579
3 0  577 1717 2699 3316 3771 4194 4606 5014 5452 5716
3 1  904 1257 1596 1782 2409 2610 2846 3516 3858 4095
3 2  1453 1905 2344 2620 3006 3232 3605 3947 4295 4598
3 3  671 1353 1776 2428 2754 2989 3400 3742 3988 4241
3 4  1274 2383 3092 3807 4376 4683 4961 5380 5580 5882
3 5  1385 2185 2801 3185 3581 4065 4474 5028 5420 5863
3 6  935 1762 2366 3158 3600 4188 4601 5177 5727 6106
3 7  1245 2334 2968 3316 3950 4364 4759 4994 5293 5640
3 8  639 1564 2379 3281 3821 4387 4873 5496 5801 6174
3 9  773 1795 2692 3709 4305 4882 5487 5875 6177 6597
3 10  643 1293 2220 3086 3985 4297 5059 6766 7363 8259
4 0  981 2199 2682 3305 4037 4451 5047 5648 6390 6822
4 1  551 1012 1339 1693 1927 2441 2692 2948 3233 3738
4 2  849 1847 2538 3096 3436 3742 4083 4841 5381 5759
4 3  746 1271 1954 2261 2608 2865 3256 3773 4223 4405
4 4  1335 2017 2603 3099 3544 3933 4357 4752 4984 5239
4 5  523 1163 1534 2206 2675 2998 3529 3744 4082 4613
4 6  1041 1872 2358 2871 3307 3943 4301 4634 4875 5235
4 7  692 1827 2430 2913 3383 3807 3942 4375 4739 5296
4 8  1549 2622 3593 4278 4979 5934 6337 6807 7570 7773
4 9  1529 2484 2954 3512 4092 4476 5796 6594 7345 7994
4 10  1178 2097 2535 3418 3967 4392 4783 5286 5993 6537
5 0  457 1008 1708 2372 2884 3383 4029 5086 5860 7003
5 1  559 1777 2193 3146 3786 4460 4727 5152 5624 6042
5 2  768 1655 2279 3098 3455 3819 4166 4621 4967 5297
5 3  1159 1727 2201 2528 3452 3991 4217 4610 5065 5534
5 4  996 1364 2081 2648 3196 3619 3924 4363 4744 5112
5 5  751 1176 1499 1917 2318 2523 2885 3292 3714 4087
5 6  726 1214 1696 2061 2804 3521 3783 4168 4339 4652
5 7  1360 2106 2856 3351 3633 4231 4665 4981 5408 5705
5 8  1105 1856 2737 3477 4120 5350 6557 7093 7611 8368
5 9  1163 2021 2466 3507 4071 4722 5564 6124 6919 7933
5 10  1929 2791 3833 4464 5073 6934 7757 9571 10378 10930
6 0  407 1146 1776 2407 3182 3715 4242 5127 5595 6528
6 1  834 1583 2267 2759 3642 4584 5314 6356 7163 8008
6 2  1419 2328 2624 3026 3770 4396 5057 5692 6005 6130
6 3  725 1766 2337 2870 3380 3831 4504 4932 5480 5910
6 4  1165 2402 2782 3528 4011 4428 4868 5535 5760 6360
6 5  1198 2213 2797 3041 3338 3843 4458 4658 5090 5276
6 6  901 1492 2221 2557 3347 3712 4365 4837 5079 5477
6 7  807 2387 2939 3377 4305 4741 5352 5987 6600 7004
6 8  1004 1878 2461 3394 3775 4107 4870 5386 5717 6184
6 9  2142 3127 4091 4550 5061 5667 6579 7684 8777 9549
6 10  1091 1984 2549 3397 4053 4824 5125 6103 7694 8477
7 0  927 1346 3110 4595 5114 5753 6280 6744 7516 9002
7 1  784 1441 2693 3599 4404 5118 5916 6443 6833 7503
7 2  1717 3397 3843 4476 5121 5470 6372 6682 7240 7736
7 3  1380 2175 2476 3303 4011 4581 5127 5568 5837 6546
7 4  1163 1881 2481 3052 3492 3824 4253 4812 5148 5756
7 5  360 1379 1804 2334 2733 2989 3509 3893 4238 4666
7 6  1245 2344 3441 4503 5238 5644 6360 6757 7206 8083
7 7  903 1548 2142 2527 3024 3950 4910 5288 5820 6517
7 8  1034 1580 2269 2813 3201 3842 4373 4910 5350 5902
7 9  649 1582 2894 3497 5139 6269 6784 7468 8120 8601
7 10  1965 2953 4662 5514 6042 6518 7040 7635 8905 9197
8 0  1177 2007 3419 4158 5393 5855 6989 7730 8969 9722
8 1  829 1552 1843 2965 3953 4377 5073 5598 6390 7127
8 2  707 1524 2055 3012 3725 4274 4950 5902 6522 7156
8 3  691 1825 3361 4407 5336 5896 6734 7253 7716 8141
8 4  816 1367 2127 2801 3685 4682 5831 6423 7208 8104
8 5  1510 2803 3643 4437 5123 5740 6138 6582 6874 7355
8 6  1013 2199 2786 3491 3985 4842 5554 5943 6315 7065
8 7  964 2532 3945 4833 5422 6172 6619 7183 7567 8524
8 8  1433 2200 3556 4410 5557 6278 6983 7557 8236 9235
8 9  1022 2395 4031 4391 4930 5437 6033 7000 8021 8688
8 10  1596 2682 4253 5879 7322 8233 8663 9586 10418 11788
9 0  1503 2900 3366 4359 6107 7102 7636 9078 10014 10604
9 1  897 2618 3392 4391 5388 6482 7372 8428 9031 9522
9 2  913 2207 3841 4303 4609 5466 6408 7437 8662 9331
9 3  1115 1815 2849 3483 4713 6051 6474 6749 7513 8220
9 4  2402 3321 4264 5069 6040 6938 7546 8529 10010 10568
9 5  817 1819 2441 3219 3822 4394 4822 5823 6851 7448
9 6  693 1171 1958 3400 4277 4737 5705 6234 6709 7316
9 7  937 1964 2580 2976 3412 3894 4332 4754 4996 5683
9 8  1381 2089 3346 4508 5034 6828 8149 9568 10478 10921
9 9  1983 3597 4511 6177 7196 7987 9202 9763 10300 10782
9 10  1302 2755 3685 4418 5021 5665 6371 7085 7633 8307
10 0  1795 2625 3663 4340 5557 6624 7920 8687 9427 10633
10 1  1378 2908 4487 5589 6369 7556 8792 10047 11142 12188
10 2  1063 3003 4200 5981 7106 8675 9791 10990 12455 13212
10 3  1015 1975 2486 3677 4943 6138 6834 7821 8530 9380
10 4  1008 1927 2373 3904 4480 5469 6890 7981 8969 9829
10 5  1183 2035 2533 3066 4165 4786 5732 7054 8038 9194
10 6  626 1312 2011 3172 4175 6030 6820 7446 8587 9127
10 7  1277 2604 4212 4751 5385 5658 6402 7300 8280 9350
10 8  1477 2615 4119 5207 5709 6601 7215 8640 9558 11040
10 9  865 1859 3348 4170 5239 6472 7699 8777 9632 11119
10 10  1293 3201 4242 6446 7722 9021 10284 12570 14153 15045
