0 0  903 1456 1800 2291 3091
0 1  943 1950 2415 3020 3683
0 2  1164 2308 2697 3756 4950
0 3  922 1669 2119 2568 3152
0 4  897 1681 2577 3180 4088
0 5  900 1963 2880 3706 4490
0 6  1967 2538 3857 4912 5406
0 7  972 1624 2378 3173 4027
0 8  777 1534 2720 3142 4530
0 9  960 1313 2250 3117 3525
0 10  992 1477 1959 2933 3520
1 0  1704 2299 2643 3217 3648
1 1  334 763 1290 1539 1886
1 2  1098 1803 2415 3046 3498
1 3  349 957 1631 2148 2457
1 4  407 1630 2133 2657 3087
1 5  855 1372 2238 2609 3056
1 6  1244 2127 2722 2938 3433
1 7  1056 1738 2509 3206 3545
1 8  1256 2204 2706 3325 3676
1 9  506 1381 2619 4073 5102
1 10  1094 2478 3327 4243 4719
2 0  678 1535 1956 2574 2742
2 1  700 1528 2066 2476 2947
2 2  744 1268 1675 2130 2554
2 3  454 1133 1709 2325 2931
2 4  854 1538 1802 2118 2545
2 5  408 914 1849 2618 2995
2 6  984 1482 1935 2462 2820
2 7  738 1216 1679 2079 2371
2 8  1776 3024 3847 4277 4669
2 9  1555 2582 3061 3583 3739
2 10  1542 2551 3462 5222 5979
3 0  894 1419 2037 2574 3281
3 1  847 1701 2121 2554 3073
3 2  1219 1910 2458 3066 3343
3 3  604 1559 1811 2085 2692
3 4  620 1288 1721 2163 2720
3 5  1305 1923 2264 2802 3259
3 6  1434 2546 2982 3356 3677
3 7  1324 1982 2506 2946 3612
3 8  1296 2812 3945 5071 5603
3 9  1542 2750 3480 4048 4503
3 10  1585 2755 3672 4088 4626
4 0  730 1385 2040 3078 3606
4 1  1450 2349 2856 3602 4038
4 2  406 1042 1703 1961 2486
4 3  776 1295 1760 2001 2692
4 4  564 1371 2041 2552 2913
4 5  1124 1848 2571 3263 3581
4 6  1067 1903 2276 2898 3559
4 7  1409 2360 3066 3300 3828
4 8  1061 2035 2400 2965 3591
4 9  837 1678 2811 4021 4740
4 10  1164 1636 1974 2536 3107
5 0  956 1520 2327 2743 3111
5 1  861 1414 1814 2201 2476
5 2  851 1696 2342 2797 3077
5 3  1091 1629 1917 2145 2581
5 4  653 1273 1721 2072 2627
5 5  1236 1587 2146 2543 2841
5 6  866 1607 1872 2434 2752
5 7  304 1099 1535 1894 2602
5 8  864 1636 2376 2755 3172
5 9  610 1648 2893 3739 4637
5 10  2174 2912 3879 4600 5129
6 0  2229 2997 3931 4721 5718
6 1  1349 1784 2387 2928 3630
6 2  825 1889 3402 3929 4836
6 3  626 1511 2096 2655 3639
6 4  472 1524 2048 2466 2978
6 5  826 1198 1942 2514 3138
6 6  1460 2390 2891 3467 4063
6 7  1168 2869 3503 3966 4451
6 8  1495 2155 3267 3932 4470
6 9  1781 2739 3361 5026 5978
6 10  1578 3203 4644 4939 5506
7 0  744 1695 2259 3182 3796
7 1  789 1356 2306 3450 3986
7 2  482 1341 1788 2443 3353
7 3  853 2136 3138 3912 4497
7 4  856 1461 2117 2590 3419
7 5  1027 1665 2507 3055 3509
7 6  842 2015 2323 2812 3100
7 7  940 1362 2168 2749 3058
7 8  683 1424 2220 4126 5464
7 9  821 2049 2927 3638 5722
7 10  1002 3050 4280 4912 5897
8 0  916 1702 2604 3692 4543
8 1  965 1876 2455 3184 4014
8 2  633 2378 3232 3977 4366
8 3  724 1019 1322 1772 2495
8 4  668 2354 2805 3992 4761
8 5  897 1614 2332 3228 3464
8 6  654 1317 2884 3629 4741
8 7  895 1723 3017 4018 4601
8 8  843 1475 1962 2616 3649
8 9  1620 2446 3628 4869 5905
8 10  1838 3334 4338 5516 6767
9 0  833 2564 4344 4747 6329
9 1  1581 2279 2914 4155 4941
9 2  1125 2128 3278 4824 5141
9 3  511 1055 1758 2679 3957
9 4  587 1305 1999 2465 2965
9 5  1196 1793 2599 3606 4853
9 6  1725 2618 3233 3706 4006
9 7  1665 2272 3095 4214 5435
9 8  1156 2167 2471 3316 4158
9 9  1010 2319 3138 5488 6071
9 10  1035 2527 4108 5216 6764
10 0  1540 2727 3551 4401 5572
10 1  916 1956 3070 3916 5235
10 2  1964 2965 3837 5058 6124
10 3  925 2192 3552 4766 5850
10 4  501 2392 3446 3795 5154
10 5  1159 2201 3444 4671 5538
10 6  1453 2151 2881 4057 4869
10 7  1649 2958 3959 4560 4819
10 8  722 2462 3589 4822 5751
10 9  1581 4444 5845 7787 9195
10 10  1306 2827 4542 5720 6665
