0 0  977 1419 2334 2945 3802 5016 5716 6090 7201 7622
0 1  1257 2153 2940 3570 4146 4956 6300 7432 8714 9290
0 2  717 1583 2042 2842 3714 4345 5003 5831 6288 7024
0 3  432 1387 2278 3006 4014 5251 5903 6489 7707 8190
0 4  636 1349 1866 2079 2759 3296 4778 5577 6108 6507
0 5  1208 2572 3290 4072 4666 5504 6376 7617 8352 8869
0 6  854 1422 2364 3362 4029 4622 5654 6086 6816 7526
0 7  534 1493 2001 2764 3782 4324 4930 5670 6144 6941
0 8  911 1936 2359 3192 3766 4503 5144 6136 7230 7773
0 9  779 1217 1936 2542 3053 3817 4274 4931 5837 6489
0 10  922 2302 3404 3982 5772 7168 8028 9006 10636 12440
1 0  883 1689 2057 2709 3220 3484 3802 4096 4342 4723
1 1  1487 2028 2295 2778 2947 3350 3707 3964 4320 4725
1 2  1618 2080 2579 2990 3311 3708 4060 4325 4644 4834
1 3  1184 1698 2263 2925 3030 3575 3874 4296 4648 4800
1 4  793 1671 2082 2519 2752 2971 3382 3700 3904 4453
1 5  900 1461 1971 2630 3062 3698 3996 4279 4645 4837
1 6  840 1734 2427 3137 3323 3680 4085 4384 4603 5059
1 7  911 1705 2324 2890 3202 3501 3732 4058 4445 4713
1 8  851 2487 3124 3679 4215 4712 5166 5503 5971 6204
1 9  871 1431 1782 2516 2937 3379 4090 4731 5416 5783
1 10  1411 2349 2957 3252 3735 4167 4344 4572 4889 5447
2 0  871 1404 2002 2823 3387 3603 4043 4280 4812 5189
2 1  659 1332 1906 2281 2615 2857 3431 3802 4156 4461
2 2  886 1596 2074 2286 2762 3285 3702 4027 4370 4593
2 3  544 1077 1607 2051 2587 2943 3219 3510 3884 4170
2 4  946 1595 1993 2518 2835 3227 3605 4008 4254 4536
2 5  639 1906 2433 2841 3189 3748 4036 4460 4692 4934
2 6  911 1559 1980 2305 2627 3052 3507 3698 3926 4307
2 7  946 1957 2482 2915 3331 4002 4436 4872 5255 5522
2 8  1708 2572 3121 3931 4191 4591 4998 5455 5851 6193
2 9  1221 1721 2193 2715 3106 3518 4349 4766 5500 6006
2 10  905 1773 2323 3015 3723 4416 4818 5746 6838 7534
3 0  1618 2706 3594 4246 4757 5049 5465 6081 6638 7099
3 1  835 1539 1907 2288 2854 3155 3494 4020 4501 5015
3 2  1203 1929 2326 2760 3142 3700 4033 4376 4673 4918
3 3  1000 1992 2611 3117 3981 4255 4466 4857 5081 5530
3 4  520 1269 1905 2397 2745 3176 3549 3944 4357 4610
3 5  1719 2453 3033 3402 3856 4464 4864 5283 5518 5999
3 6  1471 1913 2663 2985 3470 3993 4443 4780 5110 5539
3 7  1185 1702 2203 2801 3347 3842 4065 4452 4783 5036
3 8  583 1862 2546 3097 3555 4039 4645 5177 6209 6742
3 9  1341 2855 3504 4022 4760 5295 6106 6870 7352 7789
3 10  1259 2652 3684 4348 4926 5641 6559 7452 8319 8980
4 0  1004 1757 2139 2604 3045 3555 3881 4225 4894 5311
4 1  1587 2276 2638 3133 3451 3836 4405 4843 5075 5473
4 2  1035 1695 2230 2712 2997 3685 4074 4534 4809 5129
4 3  1088 1822 2193 2625 2940 3203 3544 4218 4495 5027
4 4  652 1357 2231 2905 3454 3939 4397 4801 5270 5541
4 5  823 1340 1615 2121 2343 2772 2997 3346 3536 3823
4 6  979 1739 2056 2411 2688 3307 3745 4031 4206 4467
4 7  678 1516 2175 2451 2901 3942 4588 5319 5593 5891
4 8  693 1494 2926 3393 3827 4296 5140 5818 6476 7295
4 9  422 1667 2652 3517 3801 4123 4908 5474 5932 6935
4 10  895 2404 2986 4033 4795 5403 5693 6462 6940 7525
5 0  1387 2268 2703 3519 4176 5145 5776 6723 7553 7990
5 1  409 945 1715 2451 3218 3747 4152 4466 5132 5648
5 2  748 1505 2413 2919 3575 3942 4406 4943 5573 6195
5 3  792 1400 1997 2413 2906 3169 3471 3868 4115 4476
5 4  1280 1777 2130 2787 3219 3471 3797 4130 4331 4588
5 5  949 1382 1972 2500 2971 3456 4122 4416 5254 5613
5 6  831 1329 1678 1997 2376 2730 3044 3494 3653 3991
5 7  614 1131 1564 2157 2802 3148 3557 3975 4527 4835
5 8  1089 1710 2229 3453 4268 5075 5638 6543 7019 7700
5 9  456 1261 2451 3158 3609 4567 5940 6503 7146 8005
5 10  1746 2717 3429 4078 4676 5602 6545 7064 7567 8065
6 0  867 1563 2755 3356 3811 4441 5920 7263 8011 8950
6 1  485 1313 2100 2798 3239 3750 4365 4911 5475 6237
6 2  2717 4265 4864 5504 6128 6494 6688 6942 7269 7668
6 3  1289 2717 3194 3890 4451 4872 5353 5727 6135 6911
6 4  1096 1815 2223 2634 2968 3306 3706 4011 4404 5041
6 5  632 878 1465 1945 2417 2855 3235 3515 3903 4321
6 6  696 1160 1631 2413 2961 3250 3770 4235 4622 5460
6 7  1112 1982 2718 3644 4230 4705 5034 5404 5671 5933
6 8  834 2306 2894 4641 5437 6103 6511 7112 7957 8392
6 9  1119 2243 2887 3748 4540 4974 5268 5590 6178 6734
6 10  1260 2261 3165 3741 4903 5855 6430 6862 7386 8001
7 0  1211 2083 2830 3316 4405 5037 5457 6481 7219 7717
7 1  766 1519 2434 2916 3501 4151 4600 5090 5463 5987
7 2  924 1239 2034 2570 3481 3976 4549 4961 5622 6092
7 3  488 2185 2744 3056 3640 4378 5306 6045 6450 6921
7 4  1092 1932 2763 2861 3304 3779 4431 5268 5632 5965
7 5  912 1465 2124 3142 3903 4447 5721 6470 7028 7426
7 6  858 1554 3154 3779 4307 4704 5298 5565 5926 6243
7 7  818 1639 2451 3082 3613 4116 4748 5247 5970 6276
7 8  999 2122 2895 3758 4593 5085 5572 6061 6592 7082
7 9  961 1946 3024 4563 5235 5724 6182 7025 7675 8433
7 10  1660 2413 4290 5182 5554 6456 7611 8320 9341 9675
8 0  1472 2103 3238 3881 4992 5720 6667 7722 8527 9434
8 1  1094 3542 4170 5493 6036 6804 7492 7798 8178 8449
8 2  1534 2590 3185 3654 4186 4871 5817 6298 7153 7646
8 3  1248 2415 3200 4044 4784 5511 6037 6644 7403 7769
8 4  949 1734 2153 2994 3478 4865 5365 5859 6256 7159
8 5  1163 1544 2148 2595 2862 3276 3677 3893 4320 4819
8 6  1028 1617 2211 3369 4315 4690 5482 5959 6474 6871
8 7  1488 1997 2927 3608 4552 5034 5891 6581 6792 7605
8 8  525 1235 1630 2707 3906 4418 5353 6661 7410 8161
8 9  732 1676 3350 4605 5698 6725 7860 9528 9925 10638
8 10  1276 2731 3608 4687 5238 6294 6933 7368 8146 8584
9 0  1182 2144 3803 4506 6088 7239 8702 9684 10507 11765
9 1  930 1557 3112 4274 6379 7235 8630 9379 10393 10841
9 2  1200 2905 3627 4363 4961 5649 6275 7081 7544 8191
9 3  1540 2723 3393 4010 4790 5661 6336 6839 7430 8011
9 4  444 1355 2032 2675 3583 5118 5525 6357 6896 7152
9 5  600 1574 2521 3254 4367 4861 5260 5709 6369 7076
9 6  392 1024 2509 3242 4999 5796 7094 8093 8547 9054
9 7  527 1813 2913 3825 4490 4964 5584 6372 6980 7439
9 8  872 1797 2856 3636 4378 5371 5837 6905 7495 8152
9 9  2590 3360 4449 5886 6660 7408 8501 9877 10483 11281
9 10  934 1919 2705 3481 5183 6102 7141 7775 8948 9987
10 0  1292 2225 3088 4317 5578 7284 8452 9784 10346 11142
10 1  1381 2543 4406 4973 6013 6998 7598 8311 10219 11653
10 2  986 2006 2681 3221 4224 5566 7530 8241 9020 9989
10 3  1575 2810 4558 5719 7632 9322 10645 12120 13363 14211
10 4  411 1816 2394 3340 4293 5064 6199 7749 8631 9479
10 5  1739 3194 3775 4707 5916 6533 7697 8539 9309 10360
10 6  831 2148 3192 4326 5873 6773 7341 8043 8617 9476
10 7  1140 2454 3318 4016 5025 6149 7328 8763 9739 10661
10 8  1211 2700 3834 6116 7388 8168 8866 9782 10693 11437
10 9  1127 2858 4061 4983 5472 6016 6905 7641 7990 9191
10 10  1691 3176 3784 6574 8818 10183 11455 12739 13816 15330
