0 0 623 1715 2773 3468 4343 5446 6251 6858 7755 8514
0 1 1567 2914 3938 5064 5795 6609 7084 7659 8570 9371
0 2 1654 3188 4340 5434 6223 7018 7698 8191 9273 10141
0 3 1290 2574 3214 4441 5520 6389 7602 8811 9962 10721
0 4 727 1190 1822 2254 2966 3454 4124 4526 5106 5822
0 5 853 1526 2112 2545 3136 3769 4767 5608 6297 7254
0 6 1330 2475 3606 3898 4453 6635 7545 8797 9497 10416
0 7 784 1883 2774 4006 4969 6023 7130 7935 8837 10935
0 8 1052 2299 3321 4182 4781 5472 6382 7599 8388 9005
0 9 950 1734 2448 3030 3587 4006 4463 5323 6191 6797
0 10 1017 1730 2345 2873 3587 4247 4599 5394 6245 6700
1 0 721 1099 1683 2156 2638 3000 3457 3807 4243 4530
1 1 1499 2069 2506 3024 3602 3927 4203 4597 4770 5065
1 2 1285 1876 2676 3128 3657 4124 4442 4712 5048 5308
1 3 623 1148 1769 2115 2353 2917 3179 3460 3722 3957
1 4 543 1412 2112 2767 3252 3560 3972 4377 4734 4894
1 5 1029 1502 2310 2738 3136 3474 3995 4269 4674 5008
1 6 1319 1841 2475 2778 3068 3335 3792 3973 4481 4872
1 7 1009 1973 2236 2815 3209 3698 4089 4369 4894 5300
1 8 1361 1963 2701 3345 3818 4204 4697 4904 5116 5454
1 9 1276 1994 2416 3110 3476 3919 4410 5000 5240 5787
1 10 1065 1795 2798 3380 3783 4191 4645 5033 5594 5755
2 0 731 1202 1524 1822 2267 2529 2958 3453 4027 4380
2 1 789 1228 1785 2267 3000 3346 3606 4035 4263 4569
2 2 1036 1641 1994 2778 3256 3487 3743 4151 4391 4749
2 3 891 1617 2122 2549 2906 3312 3642 3923 4295 4511
2 4 860 1344 1824 2396 2662 2927 3261 3623 3985 4316
2 5 1113 1631 1986 2335 2689 3193 3784 4210 4591 4802
2 6 738 1918 2642 3081 3323 3750 4081 4560 4886 5219
2 7 2044 2424 2839 3343 3808 4198 4485 4760 5106 5672
2 8 986 1908 2745 3747 4363 5138 5465 6034 6809 7084
2 9 1832 2510 3342 4101 5252 5802 6127 6345 7060 7792
2 10 1298 2313 3120 4292 5042 5505 6646 7268 7840 8543
3 0 1042 1655 2422 3338 3943 4433 4671 5095 5794 6203
3 1 801 1977 2353 2837 3286 3651 3841 4255 4664 5465
3 2 544 970 1366 1957 2377 2725 3233 3507 4137 4832
3 3 1038 1921 2762 3326 3573 3828 4139 4761 5185 5489
3 4 1378 1858 2434 3014 3489 4161 4440 4751 4883 5340
3 5 758 1767 2238 2701 2940 3520 3821 4290 4614 5103
3 6 764 1249 2129 2538 3078 3729 4123 4535 4965 5201
3 7 1021 1718 2313 2729 3156 3464 3870 4438 4677 5063
3 8 722 1261 1943 2606 3188 3959 4412 4873 5364 5918
3 9 1986 3388 4321 5058 5851 6276 7144 8212 9762 11060
3 10 643 1463 2073 2961 4474 5893 6337 7654 8397 9650
4 0 1617 2608 3082 3383 4012 4461 4801 5451 6136 6775
4 1 924 1425 2135 2731 3562 3952 4517 4790 5192 5767
4 2 1126 1773 2301 2670 3147 3418 3773 4104 4542 4834
4 3 1514 2395 3050 3513 3848 4292 4657 5157 5576 5869
4 4 385 947 1387 1693 1928 2415 2822 3092 3514 3867
4 5 1411 2261 2729 3105 3766 4023 4571 5216 5642 6004
4 6 1303 1781 2183 2608 2983 3589 3940 4404 4842 5496
4 7 603 1415 2171 2366 2675 3405 3782 4424 4915 5536
4 8 778 2317 3398 3994 4519 5697 6520 6758 7896 8757
4 9 1013 2433 3418 3927 4544 5204 5575 5859 6604 7205
4 10 853 2345 4144 5488 6686 8247 10268 11156 12161 13317
5 0 1099 1736 2636 3062 3852 4435 5110 5670 6029 6755
5 1 575 1216 1731 2167 2442 3068 3512 4219 4810 5774
5 2 534 1133 1641 1878 2339 2770 3244 3939 4271 4667
5 3 649 1356 2236 2832 3188 3693 4156 4686 4826 5035
5 4 1074 1882 2663 3259 3889 4474 5327 5623 6270 6697
5 5 1275 1918 2277 2598 2870 3258 3578 4003 4291 4676
5 6 1311 1995 2304 2654 3556 3775 4200 4611 4853 5121
5 7 946 1881 2406 2745 3091 3940 4339 4483 4955 5463
5 8 526 1971 2739 3363 3689 4728 5449 6087 6510 6893
5 9 1801 3033 3376 4108 4532 4891 5311 5755 6459 7241
5 10 1768 3138 4339 4890 6416 7262 7897 8533 8983 9481
6 0 1226 2007 2621 3186 3992 4874 5174 6218 6862 7522
6 1 584 1049 1458 1934 2491 3303 3933 4385 4762 5607
6 2 1248 1863 2196 2614 3631 4544 4737 5186 6397 7051
6 3 574 1080 1584 1919 2204 2851 3173 3650 4077 4586
6 4 1025 1572 2416 2799 3204 3715 4171 4592 4952 5424
6 5 1787 2255 2770 3473 3956 4330 4640 5078 5595 5915
6 6 979 1641 2078 2462 2882 3245 3480 4000 4431 5461
6 7 683 2018 2519 3174 3789 4673 5152 5725 6079 6674
6 8 565 895 1617 2533 2884 3634 3931 4466 4800 5126
6 9 1410 2977 3802 4273 4713 5295 5876 6271 6713 7216
6 10 2207 3064 4976 6155 7820 8376 9806 11176 11989 12619
7 0 750 1504 2413 3401 5160 6432 7430 8054 8796 9736
7 1 818 1691 2260 3350 4226 4909 5198 5771 6393 7137
7 2 1222 2018 2739 3308 3642 4196 4563 5717 6668 7156
7 3 1256 2723 3343 3857 4946 5381 5813 6541 7271 7725
7 4 1183 1876 2363 2709 3559 4090 4716 5165 6030 6881
7 5 1070 1905 2518 2720 3202 3469 4069 4552 4770 5241
7 6 1180 1958 2778 3368 3917 4472 4801 5369 5613 5995
7 7 1059 1766 2829 3612 3966 4771 5256 5633 6132 6453
7 8 904 2078 2649 3095 4018 5402 5930 6526 7225 8319
7 9 796 1556 2487 3355 3957 4772 5175 5695 6281 7127
7 10 1004 2175 3457 5001 6089 6456 6985 7641 8153 9098
8 0 1268 2025 2763 3912 4455 4832 5492 6166 6626 7578
8 1 723 1940 2250 2944 4205 4655 5623 6597 7105 8077
8 2 460 1278 1781 2210 2737 3448 4519 4998 5354 6090
8 3 1123 1833 2975 4186 4646 5337 5970 6858 7802 8273
8 4 1520 2274 2682 3320 4091 5059 5666 6439 7044 7643
8 5 1023 2208 3018 3533 4128 4589 5066 5882 6614 7269
8 6 859 1725 2265 2805 3161 3805 4775 5327 5829 6672
8 7 1316 2394 2975 3294 4052 4744 5364 6069 6564 7765
8 8 870 1986 3518 4346 4888 5723 6574 7745 8594 9341
8 9 695 2146 2544 3203 3800 4741 5255 5928 6900 7681
8 10 1238 2451 4128 5511 6449 7366 8681 10314 11009 11896
9 0 652 2419 4383 6503 7084 7570 8644 10527 12195 13123
9 1 1156 2571 3119 4440 5122 6063 6735 7519 8228 8744
9 2 1637 2324 3175 3839 4629 5047 5867 6311 7559 8646
9 3 662 2654 3096 3481 4615 5169 6516 7226 7792 8730
9 4 742 1409 2708 3182 4259 5790 6260 6958 7327 7788
9 5 620 1321 2066 2568 3933 5103 5983 6775 7268 8198
9 6 714 1515 2325 2857 3815 4257 4705 5441 5945 6602
9 7 1424 2208 2831 3501 3773 4259 5082 5376 6183 6791
9 8 1525 3054 4277 5376 6067 6772 7442 7854 8203 8907
9 9 1978 3508 4599 6397 6835 7393 8655 9522 10076 10523
9 10 985 2744 4595 5987 7072 7508 8651 9457 10403 11076
10 0 718 1971 4116 5416 6828 8064 8920 9730 10436 11541
10 1 1138 2601 3481 5141 6327 7409 8961 9722 10600 12187
10 2 1035 2292 3025 5044 5690 7090 8150 9148 10663 11720
10 3 876 1732 2444 3644 4877 6379 7653 8788 9783 10683
10 4 962 2539 3348 4505 5538 6398 8030 8911 9502 10736
10 5 1511 2080 3621 5262 5932 7684 8521 9185 9751 10591
10 6 1745 3097 3909 5037 5769 7500 8204 8950 12047 13173
10 7 1327 2167 3653 5164 6517 7246 8281 9071 9753 11256
10 8 1492 2590 3453 4446 5999 7245 8899 9617 10944 12104
10 9 1620 2314 3454 4680 5738 7326 9084 9933 11275 12313
10 10 1959 3098 4465 5983 7050 7671 8468 9496 10187 10983
