0 0 1081 2430 3373 3956 4473 5692 6169 6970 7744 8844
0 1 897 1773 2382 3469 3877 4520 5379 5929 6754 7098
0 2 1174 1972 3088 3874 4349 5096 6248 7049 8041 8916
0 3 942 1592 2113 2741 3191 3777 4727 5454 6107 6771
0 4 973 1986 2882 3419 3923 4569 4950 5515 6103 7056
0 5 1094 2087 2897 3739 4221 5203 5825 6612 7621 8233
0 6 1360 1843 2292 3672 4653 6259 7107 7783 8786 9493
0 7 1457 2269 3430 5009 5676 6360 6751 7927 9066 10375
0 8 1198 1970 3256 4135 4815 6149 6849 8249 9634 10113
0 9 721 1822 2822 3490 3964 5049 5570 6216 7021 7683
0 10 531 1343 2138 2551 3425 4627 5310 5890 6411 7061
1 0 950 1458 1895 2449 2800 3223 3488 3685 3949 4229
1 1 478 1322 1761 2258 2751 3202 3726 4115 4452 4632
1 2 1577 2212 2807 3138 3580 3759 4044 4503 4880 5262
1 3 1027 2236 3295 3762 3981 4426 4919 5193 5469 5727
1 4 1317 2291 3249 3887 4332 4660 4846 5194 5497 5727
1 5 964 1751 2416 3000 3370 3854 4316 5015 5447 5909
1 6 733 1593 2329 2922 3596 4008 4167 4383 4838 5205
1 7 595 1536 2233 2949 3600 4072 4476 4976 5409 5743
1 8 636 1356 2324 3008 3467 4091 4558 4869 5162 5333
1 9 995 1750 2679 3735 4368 4945 5425 6010 6562 6958
1 10 771 1419 2228 3224 3784 4499 4883 5915 6605 7010
2 0 884 1948 2506 3251 3690 4159 4449 4723 4863 5193
2 1 1396 2081 2714 2930 3204 3463 3788 4214 4501 4836
2 2 1267 2459 3269 3698 3933 4186 4458 4651 5134 5311
2 3 1185 1575 2375 3037 3372 3686 3968 4232 4764 4926
2 4 1070 1555 2519 3032 3351 3797 4090 4438 4948 5160
2 5 1108 2040 2683 3166 3459 3781 4203 4772 5204 5706
2 6 578 1477 2132 2721 3053 3536 3912 4308 4803 5321
2 7 1269 2258 3215 3557 3684 4161 4941 5404 5685 5963
2 8 1292 2362 3357 4191 4664 5056 5507 6055 6852 7294
2 9 1466 2326 2896 4103 4918 5569 6925 7858 8545 9597
2 10 1723 2312 2715 3118 3892 4399 5040 5770 6495 7396
3 0 582 1321 1509 2279 3117 3515 3921 4449 4913 5222
3 1 868 1732 2159 2731 3196 3536 3996 4258 5034 5423
3 2 741 1496 1895 2578 3061 3321 3720 4030 4527 4720
3 3 672 1356 1813 2359 2613 3143 3460 3836 4258 4667
3 4 1247 1715 2094 2635 3159 3551 3843 4100 4419 4802
3 5 921 1784 2353 2792 3193 3532 3791 4066 4464 4870
3 6 735 1565 2511 3347 3733 4158 4686 5336 5673 6050
3 7 525 1691 2862 3483 3815 4343 4574 5057 5468 5865
3 8 942 1490 1928 2699 3564 4333 4852 5386 5763 6310
3 9 960 1202 2239 2749 3426 4717 5085 5916 6503 7461
3 10 1757 3267 4225 5087 6031 6777 7837 8396 9259 9662
4 0 866 1766 2587 3101 3653 4060 4533 5101 6177 6956
4 1 754 1193 1604 2017 2371 3142 3728 4044 4699 5093
4 2 1280 1953 2672 3049 3475 3773 4100 4575 5041 5333
4 3 1277 1797 2342 2806 3316 3752 3968 4216 4446 4953
4 4 533 1073 2008 2432 2730 3178 3518 3790 4155 4616
4 5 1096 2378 3015 3827 4311 4894 5474 5743 6120 6620
4 6 744 1177 1847 2232 2658 3067 3319 3861 4212 4613
4 7 1318 2895 3353 4120 4822 5465 6063 6736 7119 7426
4 8 2375 3507 4437 5327 5787 6077 7100 7481 8274 8774
4 9 753 1557 2360 4129 4908 5939 7304 8038 8720 9468
4 10 424 2214 2948 3327 4056 5246 5648 6532 7528 8374
5 0 897 1772 2991 3437 4001 4715 5607 6106 7137 7563
5 1 917 1852 2419 2683 3361 3993 4364 5075 6307 7064
5 2 701 1416 1826 2190 2565 3163 3633 4177 4599 5082
5 3 847 1491 2019 2771 3339 3814 4251 4546 5306 5614
5 4 746 1259 1786 2281 2703 3162 3381 3974 4398 4706
5 5 837 1612 2079 2567 2937 3324 3772 4077 4207 4439
5 6 573 1193 1927 2736 3254 3627 3883 4215 4804 5155
5 7 516 1206 2072 2705 3512 3880 4247 4766 4982 5600
5 8 996 2111 3269 4084 5263 5980 6614 7232 7752 8208
5 9 910 1788 2417 2769 3581 4147 4908 5589 6586 7592
5 10 1261 2864 3907 4443 5039 6111 6638 7705 8289 9053
6 0 899 1977 3200 3795 4697 5735 6195 6675 7188 8122
6 1 1320 2239 2880 3569 4426 5056 5694 6191 6779 7112
6 2 545 1011 1513 2926 3482 4155 4463 4949 5218 5701
6 3 778 1540 2220 2920 3629 3869 4331 4601 5028 5326
6 4 1318 1980 2857 3274 4066 4512 4881 5337 5716 5984
6 5 1634 2205 2612 2975 3353 3743 4080 4333 4978 5302
6 6 825 1733 2222 3132 3660 4745 5196 5850 6185 6985
6 7 1792 2481 3002 3378 4266 4825 5963 6270 6675 7047
6 8 756 1911 2474 3082 3604 4399 4830 5754 6207 6815
6 9 2095 3001 3956 4793 5402 5819 6299 6764 8130 8860
6 10 969 2667 3289 4767 5519 6024 6660 7082 7684 9016
7 0 438 1788 2689 3656 4192 4964 5981 6548 7502 8638
7 1 1004 1551 2104 2632 3101 3843 4261 4838 5331 6168
7 2 411 838 1585 2145 2855 3243 3510 3724 4248 4823
7 3 683 1583 2042 2395 3152 3777 4548 5451 6290 7520
7 4 952 1573 2284 2823 3471 4568 5185 6030 6567 6909
7 5 1571 2232 2603 3060 3229 3706 4112 4527 4946 5157
7 6 743 1961 2248 2615 3091 3493 3842 4232 4652 5129
7 7 757 1657 2499 3080 3779 4408 4731 5285 6161 6621
7 8 1398 3120 3973 4571 5426 5882 6614 7740 8531 9064
7 9 914 2259 3145 3927 4854 6099 7292 8981 9485 10337
7 10 1498 3090 3928 4567 5258 6031 6464 7350 8444 9488
8 0 1210 1776 2109 2613 3272 4203 5093 5546 6468 7046
8 1 1380 2001 2664 3370 4172 4795 5841 6499 7325 8339
8 2 1001 2283 3093 3785 4508 5468 6675 7736 8190 8973
8 3 1289 2346 3501 3985 4371 5060 5799 7250 7790 8710
8 4 808 1393 2397 3036 3484 3938 4301 4752 5551 6421
8 5 547 1600 2904 3510 3947 4461 4700 5027 5539 6077
8 6 719 1604 2354 3288 3551 4799 5333 5848 6187 6443
8 7 1300 2326 2662 3487 4121 4827 5165 6148 6636 7276
8 8 1300 2215 2737 2995 3847 4568 4715 5522 5992 6707
8 9 1275 2335 3128 4493 5569 6245 7015 7428 7847 8847
8 10 1545 3193 4310 5137 5929 7415 8547 10085 11246 12297
9 0 1821 2366 3157 4230 4866 5457 6306 7563 8301 8828
9 1 702 1986 2660 3402 4310 4623 5970 6867 8061 8558
9 2 989 2640 3188 4057 4619 5379 6070 6955 7333 7788
9 3 896 1705 2548 3311 3909 4926 5354 6001 6799 7418
9 4 1365 2458 3075 3812 4419 5081 6413 7141 8024 8885
9 5 1248 1802 2299 2852 3688 4025 4815 5344 5883 6277
9 6 1035 1721 2345 3022 3966 4860 5557 6340 7074 7915
9 7 1255 2697 3500 4345 5153 5692 6349 6664 7000 7509
9 8 944 1813 2796 4621 5445 6045 7266 7813 8160 9104
9 9 879 2090 3435 3921 4741 6207 7176 8080 9118 9910
9 10 1403 2702 4344 6108 7229 8231 9026 10206 10962 12200
10 0 908 2492 3514 4729 5715 6924 7604 8589 9521 10361
10 1 454 1599 2987 3760 5035 5899 7622 9075 9716 10478
10 2 1336 2384 3146 3641 4082 5003 5615 6430 7955 9474
10 3 906 2578 3502 4359 5098 5813 7287 8954 10033 11025
10 4 895 2041 3175 4128 5672 6230 7150 8629 9759 11085
10 5 1233 2071 3366 4765 5595 6304 7097 8521 9288 11011
10 6 770 2219 3326 4013 4294 4932 5779 6512 7870 8593
10 7 593 1687 2901 3451 3743 4850 6005 7336 8717 9724
10 8 1562 2758 3869 5416 6224 6915 8057 9163 10558 11419
10 9 626 1167 2091 2952 5103 6616 7156 7962 9514 10624
10 10 1871 3580 5427 6352 7652 8848 9823 11061 13821 16475
