0 0 1743 2595 3662 4505 5765 6591 7883 8682 9346 10130
0 1 482 1795 2876 3454 4314 5124 5608 6320 7642 8390
0 2 896 1964 2698 3959 4992 5680 6464 7252 7779 8502
0 3 630 1715 2142 3443 3891 4694 5217 5707 6567 7270
0 4 553 1364 1957 2324 2938 3741 4182 4922 5525 5919
0 5 533 1154 1987 2308 2858 3601 4177 4568 5118 5574
0 6 1496 2375 3156 3767 4667 5126 6309 7286 7697 8925
0 7 1066 1889 3029 3555 4348 5291 5890 6495 7076 7652
0 8 1850 2990 4161 4735 5604 6476 7448 8692 9469 10128
0 9 667 1476 1944 2541 3499 4261 4823 5881 7108 7871
0 10 769 1142 1961 2744 3710 4451 5333 6008 6551 7226
1 0 1309 2372 2634 3215 3595 3914 4099 4351 4864 5313
1 1 897 1484 2053 2439 3156 3573 3945 4224 4450 4773
1 2 1114 1767 2254 2810 3151 3463 3709 4202 4722 4912
1 3 1218 1587 2243 2692 3252 3881 4381 4648 4887 5101
1 4 603 1511 1798 2221 2533 2761 3130 3479 3760 4068
1 5 639 1517 2177 2781 2995 3278 3858 4352 4594 4938
1 6 611 1353 1836 2159 2687 3153 3580 4381 4956 5393
1 7 739 1664 2951 3648 4205 4519 4797 5219 5926 6400
1 8 2079 2612 2942 3688 4038 4648 5077 5614 5911 6171
1 9 1442 2750 3546 4419 5192 5640 6017 6737 6939 7521
1 10 733 1514 2214 2609 3044 3505 4103 4772 5147 5955
2 0 1372 2305 3074 3597 3990 4493 4869 5202 5517 5988
2 1 552 1423 1863 2742 3024 3445 3745 3983 4242 4635
2 2 1024 1393 1831 2276 2844 3131 3420 3668 4079 4407
2 3 553 1043 1541 1891 2229 2557 2918 3494 3824 4141
2 4 814 1403 1822 2214 2505 2765 3040 3291 3707 3992
2 5 1310 2238 2684 3101 3496 4006 4343 4709 4958 5268
2 6 1339 2379 3008 3444 3775 4318 4812 5356 5841 6172
2 7 1155 2356 2793 3191 3574 3964 4481 4839 5252 5698
2 8 885 1589 2473 3474 4446 5029 5625 6309 7133 7694
2 9 1534 2876 3414 3849 5069 6115 6690 7371 7830 8555
2 10 1476 2314 3183 4821 6074 6836 8153 9049 10459 11418
3 0 776 1478 2239 2808 3175 3576 4014 4547 5001 5517
3 1 1065 1562 2263 2603 3179 3688 4102 4624 5166 5708
3 2 779 1508 2046 2293 2722 3499 4080 4722 5081 5281
3 3 1144 1780 2575 3042 3354 3827 4331 4680 5026 5342
3 4 686 1281 1779 2254 2710 2993 3358 3594 3796 4248
3 5 718 1374 2042 2854 3237 3430 3772 4262 4619 4899
3 6 534 1736 2177 2735 3256 3744 4113 4607 5004 5345
3 7 789 1439 2523 3181 3870 4232 4641 5025 5747 6127
3 8 1617 2452 3098 3613 4065 4481 5321 5823 6751 7362
3 9 1370 2630 3421 5152 5835 6465 7299 7774 8355 8892
3 10 1410 2506 3643 4439 5093 5964 6596 7248 7714 8884
4 0 861 1297 2074 2557 3017 3645 4251 4769 5124 5551
4 1 517 1216 1743 2394 2902 3404 3630 4128 4429 5023
4 2 1148 2197 2667 3117 3440 3648 3937 4189 4420 4647
4 3 1238 1857 2171 3021 3479 3786 4236 4556 4839 5248
4 4 655 1118 1549 2027 2408 2864 3147 3562 3755 3980
4 5 1097 1614 2127 2595 2926 3322 3551 4018 4318 4688
4 6 1108 2055 2829 3155 3600 4044 4520 4877 5267 5862
4 7 1105 1820 2075 2893 3999 4539 5300 5689 6065 6396
4 8 1726 2497 3001 3303 4023 4460 4953 5357 5996 6441
4 9 1403 2665 3597 4836 5893 6532 7048 7919 8439 8843
4 10 1182 2276 3087 4044 4919 5698 7105 8195 8568 9115
5 0 893 2021 2664 3755 4394 5285 5562 6069 6797 7629
5 1 1381 1945 2777 3672 4241 4818 5432 5952 6697 7128
5 2 1128 2098 2791 3277 3672 3921 4270 4571 4960 5291
5 3 1300 2254 2786 3372 4081 4520 4808 5189 5558 5752
5 4 924 1449 1786 2002 2428 2805 3231 3521 3856 4230
5 5 1092 1787 2858 3314 3691 4134 4453 4790 5231 5560
5 6 1060 1670 2191 2699 3135 4027 4722 5108 5560 6048
5 7 1025 2135 2739 3054 3392 3854 4246 4600 4993 5312
5 8 1045 1655 2408 3133 4049 4667 5479 6615 7741 8935
5 9 1152 2156 2886 3385 4008 4840 5459 6176 6716 7499
5 10 749 1391 2084 3272 3554 3964 4417 4924 5426 6031
6 0 1403 1868 2425 3177 3888 4759 5885 6623 7791 9200
6 1 1262 2319 2852 3277 3775 4348 4701 5547 6010 6677
6 2 1470 1886 2655 2886 3399 4073 4624 4994 5372 5905
6 3 783 1138 2331 2796 2981 3491 4038 4520 4745 5375
6 4 707 1619 2102 2595 2919 3121 3433 3792 3986 4358
6 5 454 1324 1819 2827 3469 3993 4644 5077 5766 6184
6 6 988 1506 2035 2519 2924 3278 3657 4085 4336 4650
6 7 542 1569 2202 2947 3226 3665 4059 4560 4810 5317
6 8 511 1815 2311 2505 3143 3968 4415 4946 5848 6172
6 9 562 806 1949 2559 3814 4586 5315 5780 6686 7185
6 10 2003 3621 4970 6431 7773 8431 8900 9671 10995 11838
7 0 872 1798 2491 3118 3359 3883 4629 6161 6842 7453
7 1 1567 2519 3366 3789 4275 4730 5305 5527 6162 6705
7 2 790 1718 2101 2661 3273 3624 4158 4925 5552 5895
7 3 973 1536 2048 2453 3165 3731 4078 4236 4603 5167
7 4 1080 1501 2040 2700 3265 3633 4512 4947 5409 5933
7 5 1094 2397 3016 4138 4689 5315 5944 7190 7911 8860
7 6 1067 1440 2347 2836 3517 3924 4431 5050 5729 6246
7 7 557 1627 1998 2377 3299 3657 4319 4965 5299 5735
7 8 1028 1886 2522 3472 3834 4311 5201 5877 6301 6948
7 9 504 1670 2929 3731 4384 6002 6458 7590 8489 9289
7 10 1722 3423 4565 5475 6701 7987 8431 9229 9807 10716
8 0 1087 2574 3745 4432 4833 5421 5941 7007 7627 8023
8 1 540 1773 2810 3647 4492 6036 6600 7008 7967 8936
8 2 1036 1885 2830 3732 4278 4962 5714 6262 6548 7183
8 3 607 2077 2937 3571 4018 4847 5293 5919 6309 6645
8 4 451 1242 2279 2900 4662 5563 6102 6645 7054 7281
8 5 1188 1896 3039 3362 3746 4511 4896 5360 5770 6297
8 6 787 2019 3039 3354 3883 4373 4849 5943 6611 7132
8 7 1015 1356 2655 2873 3439 3803 4059 4280 4728 5132
8 8 945 1576 2399 2758 3566 4466 5052 5602 6627 7601
8 9 1458 3069 4383 6033 7606 8803 9302 9785 10180 10869
8 10 634 2299 3433 3989 4763 5377 6357 6977 7415 7937
9 0 566 1469 2133 2645 3100 4385 5361 6324 7280 8083
9 1 628 2033 2897 3473 3973 4690 5541 6406 7884 8914
9 2 1318 2771 3807 4461 5133 5686 6975 7747 9072 10024
9 3 1357 2041 2719 3543 4291 5013 5485 6124 6435 7473
9 4 566 977 2300 2877 3548 4400 5469 6138 6590 7044
9 5 1336 1729 2147 2481 3113 3777 4418 5111 5580 6042
9 6 598 1414 2348 2730 3200 3626 4401 5265 5735 6373
9 7 1161 2146 2977 3486 4681 5463 5909 6420 6858 7497
9 8 1624 3244 4557 5415 6224 7425 9311 9723 10424 10906
9 9 1265 2214 3977 4754 6333 7269 7535 8409 9317 10232
9 10 698 1925 3284 4402 5624 6643 7264 7892 8681 9584
10 0 961 3689 4952 7205 9089 10010 10639 12097 13155 14535
10 1 487 1158 1620 3335 3974 5001 5861 7331 8043 8656
10 2 1473 2465 3796 5731 6351 7326 8630 10660 11978 13554
10 3 1223 2277 3225 4083 5290 6718 7719 8338 9606 10390
10 4 1485 2051 3406 4152 5174 6681 8214 8763 9531 10585
10 5 866 1834 3154 3851 5317 6568 7190 8600 9290 10473
10 6 677 2191 3132 3760 4472 5389 5891 6744 7058 7990
10 7 1542 2628 3866 4795 5411 6361 7348 8199 8994 9970
10 8 1585 3084 5290 6080 7030 7791 9091 10810 11659 12177
10 9 2498 3446 4945 6994 7782 9033 10081 11211 12365 13594
10 10 1796 2979 4391 5465 6500 7776 9262 9558 10495 12064
