0 0 10 19 29 39 45 57 65 73 84 93 1 2 3 3 3 5 6 6 7 9
0 1 14 21 30 36 47 53 62 71 78 86 0 0 0 1 2 2 2 2 3 3
0 2 5 14 22 31 39 45 54 64 69 78 0 3 3 5 5 5 6 6 7 9
0 3 9 18 24 35 41 53 60 69 79 89 2 2 3 4 4 4 4 5 6 6
0 4 13 21 33 37 47 57 68 76 89 95 1 1 1 1 2 4 4 4 5 5
0 5 6 16 22 29 40 52 65 75 82 91 1 3 3 3 3 4 4 5 6 6
0 6 7 16 28 39 49 56 64 69 75 86 1 4 5 5 6 6 6 7 8 9
0 7 9 11 19 31 38 45 50 59 64 72 2 3 3 5 5 6 6 6 6 6
0 8 5 11 20 27 37 41 49 56 61 65 0 0 1 3 6 7 7 7 7 8
0 9 9 19 28 33 41 50 68 73 80 90 1 2 2 3 5 6 6 8 8 8
0 10 6 17 26 34 41 47 55 62 70 78 0 2 2 2 2 4 5 5 7 7
1 0 4 12 15 25 29 35 41 49 57 65 0 0 0 0 2 3 3 3 3 3
1 1 5 10 20 28 36 51 59 62 71 84 1 2 3 4 5 5 5 5 7 7
1 2 5 21 31 40 54 66 77 85 96 105 3 5 5 6 6 7 8 9 10 10
1 3 7 15 22 35 50 60 66 72 81 93 2 2 2 3 3 3 4 7 8 8
1 4 5 15 24 32 38 42 48 51 57 68 1 2 3 5 6 8 8 10 10 11
1 5 6 18 26 33 38 45 52 61 71 79 0 1 3 3 3 3 3 3 3 3
1 6 8 15 21 31 42 50 59 68 75 83 3 3 3 5 5 6 6 6 6 6
1 7 7 13 27 38 50 64 70 80 88 96 0 0 0 3 5 5 6 7 10 13
1 8 13 26 36 43 52 62 70 80 85 92 1 2 2 3 4 5 7 9 9 9
1 9 7 18 23 33 39 48 52 61 70 81 0 4 4 5 6 6 7 9 11 12
1 10 13 20 26 39 46 56 63 69 77 83 1 1 3 5 5 6 6 6 7 7
2 0 7 9 16 23 33 37 45 55 64 69 0 0 2 2 3 4 7 7 9 11
2 1 8 14 23 37 48 56 64 72 82 91 0 1 1 1 2 3 4 4 4 4
2 2 11 23 30 36 39 50 56 64 71 85 0 0 0 1 1 2 2 2 3 3
2 3 9 16 25 32 43 49 58 65 73 79 0 0 2 2 2 3 3 4 6 6
2 4 11 22 34 39 49 61 68 75 87 95 0 1 1 3 3 4 4 4 6 6
2 5 11 19 28 35 44 51 59 70 78 91 0 1 1 3 4 5 6 6 7 7
2 6 7 16 26 34 40 45 50 59 69 78 2 4 6 6 6 7 7 8 8 10
2 7 7 9 18 28 40 47 54 64 74 81 0 1 2 2 2 2 5 6 6 6
2 8 8 21 35 44 54 66 71 78 85 93 2 3 3 5 5 5 6 7 7 7
2 9 7 14 21 25 35 41 49 56 61 69 0 1 1 1 2 2 2 4 4 4
2 10 8 16 28 44 51 58 67 78 81 91 0 1 2 4 6 7 9 10 11 12
3 0 9 13 20 29 34 39 47 55 61 67 0 0 1 1 1 2 4 4 4 4
3 1 6 12 19 28 43 47 55 64 73 79 0 2 2 3 4 4 4 6 7 7
3 2 13 25 36 45 51 58 67 79 85 92 1 1 3 4 4 4 6 6 6 6
3 3 6 15 22 32 43 50 58 66 74 92 0 0 0 3 4 6 7 9 10 11
3 4 6 16 27 38 47 57 65 76 85 91 2 2 4 4 4 5 6 6 6 7
3 5 12 22 31 41 54 65 75 83 92 103 1 1 1 2 3 3 6 9 12 13
3 6 6 14 25 33 43 52 58 70 80 83 0 0 0 1 1 1 2 4 5 5
3 7 9 19 29 38 51 56 60 67 72 77 0 0 0 0 2 4 5 5 5 5
3 8 8 17 23 30 42 51 62 67 72 80 0 0 0 1 1 1 4 4 5 5
3 9 11 24 37 43 47 55 65 71 82 87 0 1 1 1 2 2 2 3 3 3
3 10 6 16 26 34 41 45 49 59 71 78 1 1 2 2 2 3 4 4 5 6
4 0 7 16 24 33 41 49 57 67 76 89 0 0 0 1 1 1 1 2 4 4
4 1 9 20 31 45 53 62 69 79 84 87 0 1 1 2 4 4 4 5 5 5
4 2 9 17 27 35 40 45 50 59 65 73 1 2 3 5 5 5 5 6 6 6
4 3 9 14 19 28 38 42 52 60 73 84 0 0 0 0 0 1 1 2 4 5
4 4 8 16 25 37 46 55 61 66 74 82 1 1 1 1 1 1 3 4 6 8
4 5 13 22 35 39 47 61 68 80 93 102 3 3 4 5 5 5 5 6 7 8
4 6 7 13 22 31 40 47 52 60 71 81 3 3 4 5 7 7 9 9 9 11
4 7 5 13 21 30 38 43 52 56 65 73 1 1 1 2 2 2 5 7 7 8
4 8 7 15 22 31 37 44 55 65 69 76 0 1 4 4 4 4 4 4 6 6
4 9 9 16 22 35 41 49 54 62 68 82 0 1 1 2 2 2 2 2 2 2
4 10 5 14 24 34 43 53 61 71 75 84 1 1 1 1 2 2 2 2 4 4
5 0 8 22 33 43 54 56 60 73 84 97 0 2 2 2 3 4 6 7 7 8
5 1 11 22 31 39 44 54 64 72 81 91 1 1 2 2 2 4 4 6 6 6
5 2 11 21 30 38 48 59 65 74 75 88 1 2 3 4 4 4 4 6 6 6
5 3 12 19 31 39 45 54 67 75 82 90 1 1 1 2 2 3 3 4 6 6
5 4 6 10 18 26 35 47 54 67 71 76 1 2 2 2 3 3 4 6 7 7
5 5 9 15 24 37 48 55 64 73 80 85 0 0 1 1 2 2 4 5 5 6
5 6 9 19 29 46 57 66 71 80 91 103 0 1 1 2 3 3 4 5 6 6
5 7 6 13 26 33 48 57 62 70 79 87 0 1 4 5 6 7 7 8 8 9
5 8 6 13 21 26 34 39 49 61 70 76 1 2 3 3 3 5 5 6 9 9
5 9 7 14 25 32 40 53 66 77 83 92 0 0 0 0 0 3 4 5 6 8
5 10 9 21 31 42 50 58 65 69 77 86 1 3 4 5 7 7 8 8 8 9
6 0 7 15 26 33 41 48 58 66 69 83 5 7 7 7 8 9 14 15 15 15
6 1 12 25 36 42 53 59 71 84 94 102 2 4 4 5 5 6 7 7 8 9
6 2 13 25 33 42 51 62 67 74 81 88 1 1 1 1 2 2 4 4 7 7
6 3 10 14 27 37 47 53 60 67 75 88 2 3 5 5 7 8 8 8 8 8
6 4 12 19 29 36 45 57 64 70 78 84 0 0 1 2 2 4 4 6 7 8
6 5 12 28 39 48 57 73 82 91 97 107 0 0 0 1 3 4 5 5 6 6
6 6 11 23 37 44 49 57 66 76 80 91 0 1 2 2 2 3 4 4 4 4
6 7 15 22 32 38 48 60 66 72 84 94 0 1 1 1 2 4 5 6 7 9
6 8 9 17 28 38 45 55 66 74 87 94 0 1 2 2 2 4 5 6 8 9
6 9 8 14 17 26 35 49 61 68 74 83 1 2 2 4 4 4 4 4 5 5
6 10 14 26 32 41 49 53 64 73 79 89 1 1 1 2 2 2 2 3 3 3
7 0 7 18 27 38 46 52 60 66 73 79 1 2 2 2 3 5 5 7 7 7
7 1 10 19 30 35 50 59 65 70 74 83 0 4 4 5 5 5 6 6 7 8
7 2 8 15 23 34 46 54 58 63 69 77 0 1 2 3 3 4 5 6 6 6
7 3 10 19 28 36 42 50 55 67 75 87 0 0 2 3 6 6 6 7 10 10
7 4 8 16 23 31 42 53 60 67 78 89 0 2 3 3 6 6 7 8 8 8
7 5 10 21 30 38 45 53 59 64 74 88 0 0 0 2 2 2 2 2 3 5
7 6 9 16 26 36 44 54 60 69 79 85 1 1 1 3 6 6 6 7 7 8
7 7 5 16 24 32 43 53 59 67 75 85 1 1 1 3 3 3 4 4 6 6
7 8 3 11 16 27 36 43 50 57 64 69 0 0 1 2 2 3 3 5 5 5
7 9 7 15 22 31 44 57 72 85 95 104 0 2 4 4 5 5 6 9 9 10
7 10 6 13 19 30 39 53 64 68 73 82 1 2 5 5 6 6 6 6 6 6
8 0 12 19 26 37 44 49 57 67 74 85 0 1 2 3 3 3 3 4 4 4
8 1 8 19 27 40 49 52 58 64 74 81 1 1 1 1 2 2 2 2 4 6
8 2 7 19 28 41 48 56 67 75 87 93 0 0 0 0 0 1 2 6 7 7
8 3 10 19 30 40 49 58 68 74 82 86 1 2 2 2 3 3 3 4 4 4
8 4 12 22 30 42 52 58 67 74 80 92 0 0 0 0 1 1 1 2 2 3
8 5 9 21 30 35 39 54 62 69 73 78 1 3 4 6 6 7 9 9 9 9
8 6 9 22 35 42 55 63 71 78 88 97 1 2 2 4 4 5 5 6 6 7
8 7 10 17 23 32 42 51 55 66 73 79 1 1 1 1 2 2 4 4 4 5
8 8 5 17 27 41 52 61 75 90 100 111 0 2 2 3 3 3 4 5 6 7
8 9 12 20 31 43 51 61 65 70 83 90 1 2 2 3 4 4 4 4 6 7
8 10 10 17 30 41 51 65 73 81 96 99 2 2 2 3 4 4 7 7 9 10
9 0 7 12 20 25 36 42 52 64 74 84 0 0 0 0 1 4 6 6 8 8
9 1 9 19 26 34 41 50 58 65 73 78 0 1 2 2 2 2 2 2 3 4
9 2 7 11 19 25 29 39 46 51 61 67 1 2 4 5 5 8 12 12 13 15
9 3 9 17 30 36 40 50 57 64 70 76 0 0 2 2 4 5 6 6 8 9
9 4 7 21 27 36 44 55 63 71 78 86 0 1 2 2 3 4 5 6 6 6
9 5 8 18 25 34 38 45 56 67 73 77 0 1 1 1 2 5 5 5 5 5
9 6 11 29 33 40 47 54 63 76 79 89 0 0 0 0 0 0 0 2 3 3
9 7 10 20 25 33 40 50 52 59 67 81 1 2 2 2 2 3 4 4 5 6
9 8 13 24 31 41 53 60 66 68 69 76 0 1 2 2 4 4 4 4 4 6
9 9 5 11 26 34 39 46 53 59 67 72 0 1 1 1 2 2 2 2 2 4
9 10 8 17 23 29 40 45 53 65 72 81 0 0 1 1 3 4 5 6 7 8
10 0 7 10 17 22 36 46 52 59 63 73 0 1 1 2 3 5 7 10 11 12
10 1 4 8 15 25 33 42 50 63 68 77 0 0 1 2 4 4 4 4 4 4
10 2 8 18 29 39 46 51 61 73 82 93 3 3 5 8 9 11 13 13 13 13
10 3 12 23 27 38 45 50 60 72 82 90 1 1 1 1 2 2 2 3 4 7
10 4 7 18 22 35 43 52 63 68 75 84 0 1 1 1 1 1 1 1 2 2
10 5 12 20 28 36 47 59 64 71 82 94 1 1 1 1 2 2 2 7 8 8
10 6 6 12 23 29 41 49 55 68 75 81 1 2 2 3 3 3 4 6 9 9
10 7 9 21 24 33 48 58 62 74 82 92 2 2 3 5 6 6 6 7 7 9
10 8 12 25 32 41 45 54 59 65 78 83 2 2 3 3 4 4 4 4 4 5
10 9 10 16 26 36 45 54 64 71 75 82 0 0 0 0 1 1 2 2 2 2
10 10 5 12 18 25 36 41 50 58 62 67 0 1 1 2 2 2 2 3 5 6