0 0 7 14 23 31 36 40 51 62 73 85 0 1 2 3 3 3 3 5 7 8
0 1 11 19 24 35 44 56 66 76 84 92 1 3 3 3 4 4 5 6 6 6
0 2 9 19 25 31 40 51 56 61 66 77 0 0 0 1 2 2 2 2 2 2
0 3 9 21 31 40 52 61 69 79 84 86 1 2 2 4 4 5 5 5 5 6
0 4 11 21 29 35 44 51 56 68 78 87 0 0 1 1 1 2 4 5 5 5
0 5 7 13 20 31 38 46 52 58 67 76 2 3 3 3 3 3 4 4 4 5
0 6 5 13 22 31 39 46 54 61 66 76 2 3 4 4 4 8 10 12 13 13
0 7 6 14 23 30 39 44 53 57 64 75 2 2 3 4 4 4 4 4 5 5
0 8 6 15 18 26 39 49 58 64 76 83 0 1 2 2 3 3 5 5 6 6
0 9 6 11 24 31 40 48 51 61 66 75 0 0 3 4 5 6 8 9 10 11
0 10 9 19 29 36 49 53 61 73 80 93 1 2 2 4 6 6 6 6 6 7
1 0 11 19 29 40 49 61 68 79 90 102 1 1 3 4 5 6 7 8 10 12
1 1 9 21 32 44 53 65 72 84 96 107 1 3 3 3 3 3 3 3 4 5
1 2 6 15 21 29 36 42 48 57 66 82 0 1 1 3 3 3 3 4 4 5
1 3 6 19 25 35 43 56 65 74 86 89 0 1 5 5 6 6 6 6 6 7
1 4 8 20 26 40 48 61 69 79 87 97 2 2 3 3 4 4 5 6 6 6
1 5 9 18 29 33 39 51 63 76 84 93 0 1 1 1 2 2 3 4 5 6
1 6 8 16 26 34 44 53 61 68 74 80 0 0 0 1 1 1 1 1 2 3
1 7 4 16 22 29 35 47 60 67 78 90 2 2 2 2 3 4 4 4 6 8
1 8 10 17 26 35 44 50 65 75 86 94 1 1 2 3 3 3 3 5 6 8
1 9 12 17 23 32 37 47 59 67 74 85 1 1 3 4 4 5 9 10 11 11
1 10 9 19 31 41 47 55 58 65 71 77 1 2 2 2 2 2 3 3 4 4
2 0 11 19 28 35 41 48 57 65 73 80 0 2 2 2 3 4 4 5 6 8
2 1 4 11 22 32 40 47 53 62 69 74 0 1 1 3 5 5 5 6 7 8
2 2 10 24 34 44 51 58 69 78 83 96 0 0 1 2 2 2 3 5 8 8
2 3 8 13 24 31 38 50 55 64 72 80 0 0 0 0 0 2 2 3 4 5
2 4 9 18 22 32 37 47 58 67 74 82 2 2 2 2 3 5 7 7 7 8
2 5 11 23 29 34 41 52 55 58 67 77 0 0 1 1 1 1 1 1 1 5
2 6 6 10 22 28 36 44 50 59 65 72 0 4 4 5 6 7 7 7 7 7
2 7 9 15 24 30 41 48 54 63 64 73 0 1 1 2 3 3 3 3 3 3
2 8 7 20 27 37 47 54 62 66 71 75 1 2 3 4 4 4 4 4 6 8
2 9 5 17 27 37 48 56 67 69 74 80 1 2 3 3 3 4 4 5 5 6
2 10 8 17 28 37 42 50 58 65 74 84 0 0 1 1 3 5 5 5 6 6
3 0 6 15 24 31 39 56 60 64 67 78 1 3 4 5 6 6 6 6 7 7
3 1 7 18 25 34 40 51 59 68 76 82 1 1 2 2 2 3 3 5 6 6
3 2 12 16 25 33 45 54 58 64 72 80 1 2 2 4 4 5 5 5 6 6
3 3 12 21 27 36 45 55 59 64 69 76 0 1 5 7 8 9 11 11 11 13
3 4 7 17 23 29 36 45 52 67 78 85 1 1 1 1 3 3 4 4 4 6
3 5 10 17 25 33 43 52 60 66 71 78 0 0 0 1 1 1 2 2 2 2
3 6 6 18 25 32 39 42 55 62 69 77 0 1 2 2 2 2 3 3 5 6
3 7 15 22 33 41 51 61 73 79 88 95 0 3 5 5 5 5 5 6 6 6
3 8 10 21 29 38 46 48 55 60 67 77 0 1 1 1 2 3 4 5 5 5
3 9 8 18 30 40 47 54 63 74 84 90 0 0 3 3 3 3 4 5 5 5
3 10 10 20 32 38 43 53 60 64 76 85 0 0 0 4 5 7 8 8 8 8
4 0 15 22 33 40 46 54 65 74 80 87 1 1 3 4 4 4 4 5 5 6
4 1 14 21 30 36 43 49 56 66 75 82 2 2 2 2 3 4 4 5 6 6
4 2 12 19 26 33 40 46 52 61 70 78 2 2 3 3 3 3 5 5 5 5
4 3 6 18 27 41 50 59 68 78 85 94 1 2 3 5 5 6 7 7 9 10
4 4 5 17 27 35 39 44 51 61 69 77 1 1 1 1 1 1 2 2 5 7
4 5 10 19 27 36 45 54 71 83 91 93 1 2 2 3 4 5 6 6 7 7
4 6 10 14 22 32 39 45 52 60 65 72 2 2 3 4 5 5 5 5 5 6
4 7 10 21 33 40 46 55 60 69 76 88 1 1 3 4 5 6 6 7 7 9
4 8 11 18 24 34 45 55 64 75 77 83 0 1 2 2 3 3 3 3 3 4
4 9 13 23 34 40 51 60 75 86 94 101 2 2 2 2 3 4 5 6 6 8
4 10 11 14 22 28 36 42 45 54 63 74 1 2 3 4 4 4 4 6 7 8
5 0 8 14 24 35 44 50 57 66 75 84 2 2 2 3 5 7 7 7 8 8
5 1 7 14 26 32 36 42 50 56 68 76 2 3 3 4 5 6 6 6 7 7
5 2 10 22 28 38 48 59 66 74 83 88 1 1 1 1 1 2 3 3 3 3
5 3 13 25 33 39 46 57 63 74 79 88 0 1 1 1 2 2 2 2 2 2
5 4 9 22 30 41 50 60 74 83 93 97 1 2 3 4 5 7 8 10 10 10
5 5 10 24 36 48 60 63 68 81 88 100 1 3 4 5 8 8 8 8 8 9
5 6 10 17 26 34 40 50 61 71 84 96 1 2 2 2 2 2 2 2 2 4
5 7 10 17 23 27 38 48 52 56 61 70 2 3 3 3 3 3 3 3 4 4
5 8 5 14 25 29 39 48 60 70 76 90 1 1 1 3 3 3 4 4 5 6
5 9 12 20 35 44 53 61 66 73 77 86 0 0 0 0 0 1 1 1 1 1
5 10 13 20 26 32 40 50 62 70 77 89 0 2 2 3 4 4 6 7 7 9
6 0 10 21 29 37 44 50 62 68 74 77 0 0 0 2 3 3 4 4 5 5
6 1 13 23 32 43 48 57 69 73 78 89 2 2 2 2 4 5 5 5 5 6
6 2 9 21 37 48 56 62 70 75 83 90 1 1 1 1 1 1 1 1 3 3
6 3 5 10 17 27 36 39 54 58 71 84 1 3 4 4 5 5 5 6 6 7
6 4 6 17 24 31 37 45 49 56 61 72 1 1 2 3 3 3 3 3 4 5
6 5 6 15 22 31 42 47 56 62 70 80 0 0 2 3 3 3 4 4 6 6
6 6 4 12 17 25 33 42 53 62 68 77 0 0 2 4 5 6 8 8 9 9
6 7 12 17 27 36 48 54 63 73 85 94 0 1 3 3 3 4 5 5 8 8
6 8 12 17 24 30 36 45 54 58 62 66 1 1 2 3 3 3 3 4 4 5
6 9 12 20 28 36 42 47 54 62 70 82 2 5 7 7 7 8 9 9 9 10
6 10 12 26 38 43 54 62 68 78 87 94 0 0 0 1 4 4 4 5 7 10
7 0 7 12 22 33 38 50 59 65 72 82 1 2 3 4 4 4 5 6 7 7
7 1 10 19 26 34 45 53 57 65 72 78 1 1 1 1 2 2 3 4 4 4
7 2 10 19 28 40 50 59 64 70 79 86 0 0 0 2 2 2 2 3 3 4
7 3 6 13 20 31 44 50 59 69 77 89 1 2 3 3 4 5 6 7 7 8
7 4 9 14 19 25 32 42 49 56 64 75 1 2 6 7 8 9 12 13 13 14
7 5 12 20 32 40 53 58 69 76 87 97 1 4 5 6 7 7 8 9 11 11
7 6 9 13 24 37 45 45 49 55 62 70 1 2 3 4 6 6 6 6 7 8
7 7 5 18 26 34 40 51 58 67 76 81 1 2 3 6 7 8 10 10 11 11
7 8 8 17 23 29 34 45 52 59 73 82 2 2 4 6 7 7 7 8 8 8
7 9 10 17 27 33 44 51 56 63 69 80 2 4 5 6 7 7 7 8 9 9
7 10 8 18 24 35 40 48 53 64 73 79 1 2 3 3 3 3 3 4 4 5
8 0 10 23 29 38 50 63 71 80 84 92 0 0 1 1 2 3 4 5 5 5
8 1 7 17 28 35 43 49 61 68 76 83 1 3 3 4 4 4 5 5 7 7
8 2 10 16 27 35 45 53 65 71 85 93 1 1 1 1 2 2 2 2 4 4
8 3 7 16 23 32 36 41 56 67 73 81 2 2 3 5 5 5 7 8 9 9
8 4 14 28 37 44 55 62 70 78 83 89 0 0 0 0 0 0 1 1 2 2
8 5 7 16 22 29 43 49 57 61 76 80 2 2 3 5 6 6 6 6 6 6
8 6 14 19 26 32 39 54 64 73 81 92 2 2 3 3 3 5 5 5 7 7
8 7 9 17 27 37 45 50 61 68 75 79 0 0 3 3 3 4 7 8 8 8
8 8 7 15 26 31 40 48 53 64 68 77 0 0 2 2 2 3 3 5 5 6
8 9 8 16 25 34 42 52 63 71 78 87 0 1 1 3 3 4 4 4 5 5
8 10 8 15 25 33 38 47 55 61 64 71 2 2 2 4 4 4 6 7 7 8
9 0 8 14 20 23 33 42 57 65 73 81 2 2 2 3 5 6 6 6 6 6
9 1 10 16 25 36 46 60 67 79 85 94 1 1 1 1 1 2 2 3 3 4
9 2 12 23 36 45 54 63 70 76 88 95 0 1 1 2 5 5 6 6 6 7
9 3 10 21 26 32 36 44 50 61 71 78 2 2 3 3 4 6 8 10 11 12
9 4 8 18 29 40 50 54 65 72 79 89 2 3 4 4 4 7 8 8 8 8
9 5 7 20 34 43 53 64 69 73 82 89 0 1 1 2 4 5 5 6 7 7
9 6 9 18 26 35 42 50 55 59 66 74 1 2 4 4 6 7 8 8 9 9
9 7 6 17 25 33 40 57 68 81 87 94 2 3 5 5 8 8 9 9 9 10
9 8 10 18 30 36 42 56 64 70 80 86 0 0 2 3 3 4 8 8 10 11
9 9 12 24 31 41 48 55 63 74 79 87 3 3 3 3 6 7 7 7 8 8
9 10 15 24 40 50 61 68 77 85 94 103 2 3 3 3 4 5 6 6 6 7
10 0 10 20 28 35 42 59 72 79 87 94 1 1 1 2 2 3 4 6 7 7
10 1 12 18 28 41 46 51 61 71 80 89 0 1 1 1 1 1 1 2 2 3
10 2 10 19 27 36 45 56 63 69 80 90 1 2 2 3 4 6 6 6 7 8
10 3 4 11 22 28 37 43 57 63 69 78 1 1 2 2 2 3 4 5 7 7
10 4 12 24 30 41 49 61 70 80 83 100 1 1 1 1 4 4 5 5 5 7
10 5 8 18 27 37 48 58 63 68 73 79 1 1 2 3 3 4 5 6 6 6
10 6 10 21 31 42 48 56 65 75 86 93 2 2 3 3 3 5 7 10 10 12
10 7 10 15 30 42 47 51 61 68 70 74 0 0 1 2 2 5 5 5 5 8
10 8 16 26 34 43 48 56 64 77 88 93 0 1 1 3 3 3 5 5 5 6
10 9 11 27 38 51 57 64 74 81 92 99 1 2 2 2 2 4 4 6 8 8
10 10 5 15 29 33 43 51 62 68 74 83 3 4 5 5 6 8 8 8 9 9