0 0 75 145 217 257 330 398 467 536 595 667 5 8 12 14 17 18 21 21 24 28
0 1 68 138 198 242 312 380 454 533 589 655 3 5 5 10 12 18 19 21 22 24
0 2 76 141 203 262 318 394 458 513 584 630 3 5 6 7 9 11 12 12 14 19
0 3 78 148 207 283 348 387 441 506 568 626 4 7 8 9 10 11 13 13 15 16
0 4 75 143 207 303 365 420 498 553 605 669 4 5 8 8 9 10 12 17 19 21
0 5 91 164 228 310 365 423 494 556 620 677 4 4 7 8 11 12 14 19 21 22
0 6 75 152 222 279 351 432 497 561 613 661 4 5 8 9 10 14 19 22 24 24
0 7 70 135 205 264 325 393 453 529 584 635 4 6 7 7 8 10 15 16 17 17
0 8 75 139 195 272 341 398 456 526 595 660 1 3 3 4 7 9 10 10 12 12
0 9 77 133 193 245 305 379 426 486 565 657 3 4 4 4 4 6 6 6 6 9
0 10 52 130 196 269 332 420 484 540 606 657 5 8 10 15 19 22 22 23 25 28
1 0 75 143 214 286 352 415 483 545 609 676 6 9 10 14 14 19 20 24 25 26
1 1 67 142 210 263 320 396 442 491 535 619 1 3 4 6 7 8 8 10 11 12
1 2 84 130 198 251 314 364 419 490 567 624 3 4 7 11 12 13 13 15 19 19
1 3 79 143 226 283 348 398 465 530 603 686 2 5 7 8 9 11 12 17 19 20
1 4 82 142 198 261 330 398 445 517 576 631 4 6 8 9 12 15 19 22 23 29
1 5 66 131 194 243 310 390 463 525 577 635 4 8 10 12 16 19 23 24 25 26
1 6 73 143 198 278 331 399 468 530 610 683 6 8 9 12 13 14 18 21 22 22
1 7 53 119 191 254 325 392 453 505 562 628 5 10 13 15 17 20 20 22 26 26
1 8 88 153 225 289 340 412 480 541 601 661 4 8 9 12 13 16 17 18 20 21
1 9 75 153 215 281 327 385 451 498 571 630 4 7 10 11 12 13 15 16 21 23
1 10 81 143 226 277 333 395 451 505 582 644 5 10 10 13 13 15 16 17 18 18
2 0 59 137 203 274 342 399 450 510 574 643 0 2 5 5 6 7 12 16 17 19
2 1 71 144 187 235 306 355 427 497 562 623 3 6 9 11 12 12 12 12 13 14
2 2 76 147 198 266 316 382 451 515 576 625 4 7 10 12 15 18 24 25 25 28
2 3 66 144 192 271 347 398 459 527 585 644 6 7 9 10 12 14 15 16 18 18
2 4 73 139 206 264 321 377 429 481 537 610 1 2 5 10 12 12 13 14 15 17
2 5 71 138 190 253 338 419 474 536 575 637 2 3 4 4 7 7 8 9 9 12
2 6 66 135 198 247 303 363 414 480 539 625 2 6 8 8 11 14 14 14 17 19
2 7 70 147 206 262 329 411 484 545 606 672 1 5 7 8 12 15 20 22 25 26
2 8 62 116 168 241 302 344 395 427 488 568 4 6 7 7 9 11 12 12 18 18
2 9 58 126 181 255 323 380 451 510 569 606 1 4 6 7 8 10 10 11 13 13
2 10 70 122 195 256 323 375 440 502 570 615 2 3 6 8 9 9 9 10 14 15
3 0 67 131 200 261 322 390 439 514 590 647 3 3 5 5 6 8 11 15 19 21
3 1 60 135 188 243 292 361 421 497 536 591 3 4 4 5 5 9 10 12 15 16
3 2 67 126 196 254 327 407 486 547 612 673 3 4 5 7 7 13 16 17 20 23
3 3 68 119 190 254 322 385 439 503 561 622 2 4 6 6 10 10 12 14 16 19
3 4 58 105 177 236 287 362 424 490 546 623 4 5 7 7 8 11 14 16 17 20
3 5 72 137 205 258 319 387 429 492 557 615 3 5 6 8 10 11 12 14 14 15
3 6 74 126 189 246 309 378 435 490 546 608 2 6 7 12 13 16 17 17 19 22
3 7 74 159 228 294 357 404 462 527 572 626 5 6 10 12 15 16 17 21 23 25
3 8 50 103 171 231 311 370 441 506 550 587 0 1 6 6 12 13 14 17 18 21
3 9 69 136 206 270 322 372 422 463 528 580 2 5 7 10 12 13 14 15 15 18
3 10 64 135 193 257 322 389 450 518 564 611 2 4 5 8 12 15 16 16 17 17
4 0 79 151 226 288 366 427 490 543 602 675 4 4 8 11 11 13 16 18 18 18
4 1 60 141 201 259 331 395 454 525 570 643 5 7 8 8 9 10 10 10 11 11
4 2 69 117 175 239 308 368 427 484 551 619 2 3 5 7 10 12 13 13 17 17
4 3 62 117 196 253 329 393 454 512 570 627 1 4 5 7 8 9 12 14 16 17
4 4 63 108 170 230 289 346 409 477 548 578 1 2 5 7 8 13 16 18 22 25
4 5 59 124 182 241 297 363 439 504 549 571 1 2 3 3 5 6 7 9 9 9
4 6 89 144 204 248 300 371 439 495 558 621 2 4 5 5 9 13 13 17 23 26
4 7 81 151 212 258 312 368 418 479 537 592 4 4 6 6 8 10 12 13 15 17
4 8 69 126 202 282 345 405 461 515 586 652 0 3 6 7 8 9 11 13 14 15
4 9 56 121 181 233 286 335 376 424 481 537 3 4 8 10 11 11 12 13 16 17
4 10 58 122 192 250 316 380 442 510 573 610 6 9 9 9 10 13 14 17 19 20
5 0 75 131 197 259 310 370 434 494 563 624 3 3 4 5 6 6 6 7 7 7
5 1 77 119 184 240 290 350 416 470 544 606 7 7 8 8 9 11 12 15 17 20
5 2 67 129 205 255 316 362 411 478 514 563 6 6 11 12 16 19 21 24 25 29
5 3 63 144 206 279 337 395 451 517 577 631 2 6 8 10 12 12 14 15 17 19
5 4 62 122 160 229 279 326 390 452 505 572 8 14 16 19 20 21 26 26 27 30
5 5 78 149 229 277 339 396 474 522 586 644 3 5 7 8 9 10 12 17 18 20
5 6 70 146 210 268 341 407 465 522 585 644 0 4 5 6 8 9 11 13 16 20
5 7 79 135 175 237 286 342 397 441 503 574 3 5 9 12 13 15 15 16 19 19
5 8 60 106 180 241 291 340 405 462 513 568 1 4 6 9 12 12 14 14 16 20
5 9 63 127 198 247 302 346 405 447 535 590 2 6 7 10 11 12 15 15 16 17
5 10 68 131 190 258 310 367 417 460 516 586 2 7 9 11 13 14 16 16 19 20
6 0 69 122 182 249 317 384 430 499 556 629 3 3 3 6 7 8 11 12 15 18
6 1 60 141 211 262 324 398 461 517 600 672 1 2 4 5 5 6 7 7 11 12
6 2 66 141 193 248 312 379 449 512 570 649 5 6 6 6 9 9 10 13 15 18
6 3 75 138 181 237 312 365 410 454 502 564 3 4 5 5 9 11 16 19 21 22
6 4 69 138 230 295 357 424 483 567 623 690 2 5 6 10 12 17 18 25 28 28
6 5 80 133 187 239 288 338 392 436 498 550 5 6 6 8 10 12 13 13 14 15
6 6 68 127 194 234 308 380 423 473 521 602 2 3 9 11 12 13 13 14 14 14
6 7 64 135 192 254 311 360 419 491 560 610 4 5 6 9 13 13 13 16 20 20
6 8 65 115 186 251 314 375 459 534 595 653 0 3 3 5 8 8 12 15 17 21
6 9 58 118 180 244 305 381 449 520 565 618 6 6 7 7 9 11 11 13 13 13
6 10 70 133 194 255 301 350 409 448 513 570 0 4 5 6 7 10 11 11 14 17
7 0 68 141 208 284 369 430 497 551 615 679 3 7 11 12 14 14 15 15 16 19
7 1 64 133 213 263 328 393 457 513 568 651 3 6 7 8 10 11 14 15 17 20
7 2 66 123 195 270 337 395 441 496 557 613 2 3 6 7 7 8 9 9 11 12
7 3 88 155 205 273 330 403 456 523 585 643 6 9 11 14 17 18 21 23 28 34
7 4 83 165 228 307 377 448 504 564 619 664 3 4 4 4 4 11 13 14 14 14
7 5 59 111 160 222 285 333 386 435 508 554 4 7 11 13 17 20 21 24 25 26
7 6 75 130 198 265 330 379 454 501 552 605 2 4 5 7 8 10 12 12 14 14
7 7 81 137 177 252 304 357 411 484 524 591 1 3 5 7 7 7 7 7 7 7
7 8 81 142 196 233 272 332 372 441 513 569 3 5 5 5 5 9 10 12 13 14
7 9 60 124 186 241 302 351 390 430 479 527 1 4 6 9 11 11 14 16 18 19
7 10 81 150 202 264 319 369 413 475 539 579 4 8 8 8 9 9 10 12 14 14
8 0 73 135 188 241 308 368 425 479 540 595 5 7 11 12 14 17 18 21 24 26
8 1 74 140 200 256 327 382 429 503 571 623 4 6 7 10 13 15 17 20 21 22
8 2 62 137 196 257 310 386 422 486 551 606 1 5 9 11 15 17 19 23 26 32
8 3 82 168 237 294 358 435 479 543 598 660 6 6 6 7 7 8 9 9 11 11
8 4 65 142 203 273 333 407 464 512 565 609 4 5 6 7 9 10 12 13 13 14
8 5 79 153 214 270 346 397 452 505 561 623 3 3 4 6 7 10 11 14 17 17
8 6 84 141 206 259 314 364 414 483 531 594 5 8 11 13 18 19 22 25 27 29
8 7 78 132 192 253 320 376 443 512 574 634 2 2 3 4 4 6 12 13 14 14
8 8 78 143 217 274 346 413 448 514 581 633 3 5 8 10 14 14 15 15 18 19
8 9 73 121 182 249 309 356 407 471 522 597 4 5 8 8 9 10 14 15 17 19
8 10 78 151 213 257 323 378 436 471 516 556 6 7 7 10 15 15 18 20 21 22
9 0 62 134 193 258 320 394 445 500 573 644 8 10 12 15 16 18 20 25 29 33
9 1 84 153 214 264 330 394 446 514 584 643 4 6 9 11 17 19 20 20 21 24
9 2 91 157 207 274 342 410 457 520 575 660 1 2 3 4 7 8 8 11 14 15
9 3 58 116 154 224 272 335 407 459 524 586 3 5 5 7 11 11 11 14 15 17
9 4 59 109 171 249 301 367 425 473 527 568 1 2 4 5 6 8 8 8 8 9
9 5 63 119 190 253 315 371 429 489 545 608 4 8 11 14 16 18 18 21 21 25
9 6 82 153 213 268 347 407 462 530 580 631 4 7 10 11 12 12 14 15 16 18
9 7 67 127 191 253 318 368 424 488 551 601 2 5 8 14 17 20 23 27 28 30
9 8 65 120 173 242 313 356 427 491 539 574 3 5 9 11 12 14 14 15 15 18
9 9 82 144 172 220 255 319 397 450 515 572 2 5 5 6 7 7 9 13 14 15
9 10 77 149 214 262 324 386 445 478 535 608 2 6 8 9 9 11 13 14 14 17
10 0 78 161 231 302 350 410 477 518 599 651 6 8 9 10 11 14 16 18 19 22
10 1 70 142 216 290 350 422 496 566 617 674 3 5 6 7 8 10 12 14 14 15
10 2 55 127 183 241 300 354 417 458 510 569 3 9 13 15 15 16 18 18 18 18
10 3 85 135 175 234 283 349 396 469 535 614 3 4 5 7 8 12 13 15 21 21
10 4 91 151 211 266 340 412 476 532 591 650 1 3 5 5 7 8 12 16 23 23
10 5 86 152 204 265 322 367 432 481 557 611 5 7 9 10 11 11 11 12 16 17
10 6 72 140 187 258 316 361 430 501 555 606 2 3 4 4 5 6 8 10 12 14
10 7 65 135 191 271 318 364 408 455 502 558 2 4 9 12 13 13 14 14 15 17
10 8 61 129 192 246 315 371 427 478 535 568 3 5 7 9 12 17 17 19 19 19
10 9 68 134 186 240 280 352 394 439 503 563 4 5 8 10 12 15 17 19 21 22
10 10 74 128 173 237 285 349 395 469 530 593 5 8 9 10 11 12 15 16 18 19