0 0 88 145 222 280 353 427 498 565 651 718 2 2 3 3 5 6 7 8 8 9
0 1 61 124 198 256 320 387 450 515 573 632 4 5 6 11 14 16 18 20 24 26
0 2 68 139 187 246 314 356 420 475 550 609 3 6 8 9 12 14 16 19 23 25
0 3 66 134 197 266 337 385 456 532 583 643 6 8 8 9 11 15 17 19 22 25
0 4 76 141 209 276 349 409 473 535 599 686 7 9 10 14 17 17 18 20 22 25
0 5 74 142 210 271 332 387 445 514 575 634 3 7 8 8 9 10 10 11 12 14
0 6 74 140 213 278 352 422 491 555 633 709 5 7 8 10 13 13 17 19 23 25
0 7 82 168 232 302 364 415 488 542 610 668 6 8 9 10 13 14 18 23 25 26
0 8 72 142 195 254 311 385 444 520 592 658 3 6 7 9 9 10 14 20 24 26
0 9 75 139 192 250 322 402 467 540 597 655 3 9 9 10 12 15 16 18 20 23
0 10 78 138 199 256 328 374 436 515 574 631 1 4 7 7 9 10 12 18 19 21
1 0 75 128 185 254 309 372 434 490 567 622 5 7 13 14 16 19 23 25 28 30
1 1 64 144 212 280 336 398 467 529 605 672 3 5 7 9 9 12 14 15 16 18
1 2 76 123 191 260 345 401 465 518 580 644 0 3 5 7 9 10 13 17 19 24
1 3 77 154 208 267 324 382 453 526 570 640 2 4 6 10 11 13 14 14 14 18
1 4 54 120 181 232 288 344 392 465 505 569 1 3 4 6 9 9 9 9 11 17
1 5 76 141 207 281 329 388 458 513 572 642 2 5 10 15 19 21 21 25 27 30
1 6 75 132 196 267 331 396 446 516 570 631 2 3 6 10 10 11 11 14 17 18
1 7 53 111 184 240 326 377 424 476 536 596 3 4 6 8 9 13 15 18 19 23
1 8 74 133 198 240 287 330 393 461 528 589 3 6 8 9 11 13 13 13 15 18
1 9 72 122 181 247 309 367 430 485 530 576 2 3 5 6 8 9 11 14 16 17
1 10 73 140 199 270 344 406 466 519 592 661 1 2 4 7 10 13 16 17 17 19
2 0 86 162 220 296 361 441 496 562 618 700 1 5 11 14 16 22 23 27 28 29
2 1 77 135 195 244 292 363 421 476 534 587 3 6 13 13 15 16 18 19 23 24
2 2 60 135 200 255 308 371 433 499 558 609 0 3 3 5 6 9 13 16 18 18
2 3 79 141 201 246 313 382 442 493 546 615 4 8 11 13 14 16 16 18 18 20
2 4 68 124 191 246 307 369 416 460 528 573 5 6 10 12 14 15 16 17 17 17
2 5 74 139 208 260 317 378 414 485 523 582 3 6 8 8 8 14 15 16 18 22
2 6 56 125 182 241 296 333 374 434 494 557 3 11 13 15 18 19 22 24 27 31
2 7 81 151 211 266 334 404 470 530 586 639 3 5 6 6 8 10 12 13 14 14
2 8 66 127 202 289 346 417 456 521 571 608 4 8 13 17 17 19 20 21 21 22
2 9 79 150 223 264 311 368 412 467 528 589 3 6 7 11 12 13 14 15 17 18
2 10 69 132 205 260 321 374 427 476 523 585 1 2 4 5 6 7 13 18 20 25
3 0 78 160 221 275 327 382 449 504 571 656 1 2 3 3 5 7 7 8 8 15
3 1 67 127 188 266 322 395 446 520 578 642 2 2 4 5 8 12 14 15 15 18
3 2 69 129 196 245 310 381 435 502 574 639 1 5 5 7 8 10 12 12 17 17
3 3 85 149 222 271 329 398 462 518 580 653 2 3 4 5 6 9 12 15 15 18
3 4 65 115 171 243 298 355 412 477 542 611 2 5 10 17 20 21 22 25 27 31
3 5 58 109 163 223 277 337 416 477 542 606 3 6 8 10 12 13 16 17 19 24
3 6 73 123 170 244 310 376 437 481 546 613 0 3 4 8 9 9 10 11 13 19
3 7 71 122 182 249 316 364 435 490 542 626 2 9 11 11 14 15 17 18 19 26
3 8 66 133 199 269 319 370 426 474 531 584 6 7 11 15 17 20 21 22 25 27
3 9 82 124 196 274 325 358 426 474 529 579 1 3 5 7 7 7 9 13 16 17
3 10 68 128 193 239 294 363 411 465 524 576 2 4 4 11 12 13 13 14 15 16
4 0 88 162 218 289 360 429 483 538 603 669 2 3 4 5 7 7 9 9 10 15
4 1 57 114 189 251 319 399 454 515 574 652 2 5 8 8 9 13 14 17 18 19
4 2 79 159 230 283 340 402 472 559 621 673 6 8 9 11 11 16 17 18 19 21
4 3 91 178 242 309 371 441 497 546 604 669 4 4 5 7 10 13 14 15 17 20
4 4 74 141 211 279 341 409 473 535 584 630 2 2 3 4 4 4 6 6 9 9
4 5 71 142 210 276 342 400 466 522 582 640 3 4 6 6 8 9 11 11 13 13
4 6 68 130 181 247 300 339 397 451 509 593 1 6 7 9 10 11 12 14 15 17
4 7 78 135 196 249 302 355 421 479 539 584 3 4 6 7 9 11 13 13 14 16
4 8 64 130 186 253 308 393 443 504 567 615 4 6 8 13 17 20 23 24 26 26
4 9 76 130 216 261 323 384 451 497 551 594 2 5 7 11 13 15 15 16 18 18
4 10 82 150 209 283 354 414 475 535 602 658 2 4 5 7 10 15 16 18 19 20
5 0 85 152 219 295 350 416 488 550 623 688 2 3 8 12 15 18 20 22 22 22
5 1 62 123 194 261 342 386 456 510 577 640 0 1 2 4 7 8 9 10 13 14
5 2 86 139 206 282 346 419 481 534 587 657 2 4 6 8 9 12 13 14 16 16
5 3 72 159 214 284 336 394 471 538 593 671 1 2 4 5 11 12 13 14 16 18
5 4 71 129 187 248 299 371 426 470 543 594 5 7 8 11 15 17 20 21 24 27
5 5 62 132 196 261 312 368 434 490 537 594 3 6 8 10 11 13 15 15 15 16
5 6 66 136 203 269 314 382 449 518 587 659 3 3 4 6 10 12 12 13 17 22
5 7 53 107 169 215 272 348 401 457 495 561 4 6 11 15 21 26 29 32 34 36
5 8 64 116 173 227 288 338 395 472 541 605 2 2 2 3 4 9 11 15 17 19
5 9 69 117 186 259 332 380 439 508 563 640 2 3 3 4 5 8 8 9 13 17
5 10 65 132 192 257 321 368 429 458 511 559 3 6 9 11 17 20 22 22 22 22
6 0 60 134 180 248 308 369 418 465 532 594 7 10 12 14 15 16 17 20 20 21
6 1 57 124 205 264 342 403 469 526 595 640 2 8 8 11 13 16 18 20 22 23
6 2 74 153 210 268 323 368 421 466 513 583 0 1 3 3 6 9 11 11 13 16
6 3 72 140 202 263 314 377 440 500 556 617 3 6 10 13 13 15 20 20 25 25
6 4 64 123 187 249 315 390 442 502 564 627 1 3 3 5 8 11 12 14 15 16
6 5 70 119 182 232 291 340 399 458 520 572 0 2 4 4 7 10 13 17 18 19
6 6 57 117 183 248 295 357 402 460 516 569 5 7 11 12 13 15 16 19 19 20
6 7 65 128 190 251 303 363 416 453 497 557 4 5 9 12 13 13 14 14 14 16
6 8 69 144 213 280 335 403 450 510 556 620 2 4 5 7 7 9 11 12 14 15
6 9 103 171 236 288 351 410 492 550 598 658 2 2 7 7 7 9 9 9 10 14
6 10 74 156 204 268 328 393 448 509 569 630 1 3 4 5 6 6 8 11 11 15
7 0 68 124 181 252 324 378 428 499 547 601 3 3 6 6 6 8 9 10 10 14
7 1 56 113 175 227 298 368 421 480 537 608 1 2 3 5 6 7 12 15 18 20
7 2 73 129 191 264 311 372 427 498 540 597 2 3 4 7 11 13 13 13 13 16
7 3 66 155 218 294 336 383 447 520 563 629 2 4 7 10 11 16 20 21 23 28
7 4 74 125 188 246 325 398 444 490 538 589 3 5 9 15 18 19 20 20 22 28
7 5 72 138 185 255 321 369 422 482 536 599 5 7 8 11 12 15 17 20 24 27
7 6 81 155 225 284 355 424 471 513 570 633 4 5 6 10 12 14 15 17 19 21
7 7 70 138 181 247 303 359 421 489 540 580 5 7 7 7 10 10 12 12 14 15
7 8 78 158 213 264 323 389 448 482 549 607 6 11 14 17 17 19 22 23 24 26
7 9 57 122 182 235 304 350 404 459 510 556 5 6 8 10 13 14 14 16 18 22
7 10 83 142 189 242 284 326 387 453 490 539 4 4 6 10 11 13 13 13 16 17
8 0 65 127 186 248 306 382 459 514 585 639 4 5 6 7 9 11 13 15 21 24
8 1 72 127 188 244 307 358 437 506 574 644 8 9 9 10 13 16 19 20 21 23
8 2 69 124 190 257 314 357 424 471 536 608 1 4 5 8 12 13 16 17 17 19
8 3 61 121 165 217 275 343 402 459 495 565 3 4 4 6 8 8 9 10 12 16
8 4 74 131 194 245 311 377 433 500 546 615 2 2 6 6 12 13 14 15 15 20
8 5 78 142 199 270 321 385 445 508 570 622 2 6 8 10 12 13 13 15 15 19
8 6 76 150 209 288 348 397 455 508 561 619 3 9 12 13 17 17 22 22 24 24
8 7 71 141 194 261 318 365 426 481 551 618 4 7 8 9 9 11 11 11 11 14
8 8 51 120 179 223 291 355 380 428 470 508 5 6 7 9 9 11 12 13 14 16
8 9 74 141 198 270 322 385 430 468 520 577 0 1 4 5 6 7 7 7 8 9
8 10 84 125 170 230 281 341 404 438 474 525 1 2 5 8 11 13 13 13 13 13
9 0 74 133 199 268 309 379 442 520 595 657 2 2 4 5 6 9 11 14 17 20
9 1 65 137 213 277 355 433 484 544 620 679 2 6 10 12 15 15 15 20 24 25
9 2 61 122 183 231 308 378 433 471 534 595 1 3 4 6 8 12 14 17 17 19
9 3 70 123 189 240 309 366 412 462 533 591 2 5 7 7 9 12 14 15 16 18
9 4 76 150 224 276 332 379 439 490 543 610 6 9 11 13 13 17 21 22 25 29
9 5 61 131 196 259 318 368 410 467 509 579 4 4 5 5 8 10 11 13 14 14
9 6 69 107 180 238 294 349 407 468 522 567 2 3 3 4 7 7 9 9 11 12
9 7 56 117 177 257 334 368 414 475 540 590 4 4 5 6 8 8 8 8 12 15
9 8 65 124 188 234 288 336 387 436 494 570 3 4 6 6 8 8 9 9 9 11
9 9 79 140 204 260 308 362 410 460 519 561 2 4 5 6 6 7 9 10 11 11
9 10 54 108 155 202 254 305 378 451 506 573 0 0 2 4 4 4 6 8 11 13
10 0 77 161 250 326 393 469 530 576 643 724 1 3 5 6 6 11 17 18 20 22
10 1 78 159 219 277 331 397 449 520 596 655 0 0 3 4 7 9 10 12 14 15
10 2 81 150 205 285 352 407 464 517 564 624 2 4 4 5 7 12 14 16 17 21
10 3 77 144 202 259 339 403 458 513 560 621 3 5 9 14 19 20 20 22 23 25
10 4 68 137 205 265 316 384 448 495 550 605 3 6 9 11 14 15 16 17 21 24
10 5 51 110 161 210 253 327 380 448 495 545 0 2 4 5 6 8 11 12 12 14
10 6 63 105 169 223 274 345 400 466 535 569 3 4 7 7 9 9 11 14 15 16
10 7 62 124 171 224 294 339 408 459 502 579 4 4 6 9 10 11 12 13 14 16
10 8 80 118 175 226 277 326 375 429 486 534 0 0 1 3 4 8 9 10 10 10
10 9 82 139 197 255 301 357 401 475 530 580 2 2 3 3 6 6 9 11 12 13
10 10 70 138 183 241 300 355 422 471 511 565 5 7 9 10 10 13 15 17 18 20