0 0 62 122 167 221 285 362 416 474 528 603 3 4 10 13 17 18 22 23 24 29
0 1 66 139 182 238 289 362 423 475 524 593 4 6 8 11 12 15 18 19 19 24
0 2 55 122 200 245 318 382 430 482 546 624 5 8 9 9 11 14 15 15 15 16
0 3 59 137 196 253 337 406 472 528 613 689 2 5 10 14 16 19 20 22 26 29
0 4 58 124 198 249 315 383 448 523 586 641 1 3 3 5 7 9 13 19 20 21
0 5 78 143 204 268 316 375 443 507 573 632 2 5 5 8 8 9 11 12 13 14
0 6 57 116 181 233 288 354 413 471 539 600 1 5 7 8 11 16 17 18 20 23
0 7 73 139 219 278 332 386 443 505 568 642 3 3 4 5 5 8 11 14 18 20
0 8 71 160 224 274 330 386 446 516 582 650 1 7 10 13 15 18 20 25 28 29
0 9 62 130 210 281 355 421 499 553 632 678 3 5 7 9 10 11 11 14 15 19
0 10 59 113 169 227 276 342 399 474 527 609 2 5 6 7 12 16 19 21 22 23
1 0 70 140 198 264 332 401 456 516 584 662 1 4 4 7 8 10 12 15 17 19
1 1 66 131 198 251 313 371 409 463 516 581 2 4 4 5 5 6 6 6 8 13
1 2 71 146 215 280 355 421 475 538 605 667 1 3 6 9 11 12 12 15 17 18
1 3 76 124 185 241 298 359 419 481 536 591 1 2 3 5 6 8 9 9 10 11
1 4 85 148 222 272 346 414 470 526 575 636 0 4 9 10 11 14 18 22 24 24
1 5 86 139 194 266 348 400 469 533 593 655 1 3 4 7 8 8 9 14 15 16
1 6 57 117 180 227 293 339 395 474 547 607 3 7 9 9 9 10 11 13 17 19
1 7 76 139 204 276 330 385 444 504 569 642 5 8 9 12 14 16 16 17 21 21
1 8 58 120 190 238 274 318 359 416 476 530 2 7 12 14 14 16 16 17 18 21
1 9 74 149 207 271 320 386 444 493 565 633 4 8 10 11 14 17 19 21 24 25
1 10 73 131 196 261 324 390 441 475 530 590 3 5 6 10 13 15 17 18 20 21
2 0 69 136 199 258 333 383 437 496 546 610 1 4 5 9 12 12 13 16 20 23
2 1 70 132 214 254 307 378 434 471 529 607 3 6 9 9 9 11 12 12 15 17
2 2 83 153 207 260 328 376 445 505 563 626 1 4 7 8 10 11 12 13 17 19
2 3 89 148 223 294 371 428 491 547 601 676 4 5 5 9 11 12 12 13 13 14
2 4 59 126 203 261 330 388 429 498 550 596 2 3 3 7 8 10 13 15 20 21
2 5 50 118 188 262 323 371 457 502 547 593 1 4 6 8 8 9 10 10 10 11
2 6 73 142 199 268 324 389 453 514 575 614 1 2 3 6 7 8 9 11 12 14
2 7 69 111 173 214 278 333 386 441 490 549 5 6 9 10 12 12 13 14 14 15
2 8 80 149 213 265 325 361 430 482 548 602 2 3 5 5 5 6 9 11 13 17
2 9 53 116 181 241 304 378 428 481 549 604 4 7 9 15 16 18 20 21 23 24
2 10 81 141 188 242 306 363 418 483 546 599 3 4 5 7 10 13 14 17 19 22
3 0 64 121 185 269 331 394 460 534 595 669 1 4 6 11 13 15 16 18 18 18
3 1 81 156 238 300 373 422 501 569 618 674 2 5 12 15 16 16 20 22 24 28
3 2 73 138 216 277 346 417 488 555 618 689 1 3 4 4 8 11 11 12 14 15
3 3 78 147 203 254 330 395 443 486 548 608 4 6 7 8 9 10 10 13 17 20
3 4 47 102 166 229 290 348 397 457 528 578 0 2 2 4 6 11 11 12 16 17
3 5 72 137 187 247 313 362 424 488 535 599 3 4 6 8 10 11 12 15 19 20
3 6 77 139 217 269 306 373 420 487 542 608 3 5 8 9 9 12 12 15 17 18
3 7 84 166 230 297 353 398 434 501 553 616 1 1 5 5 5 9 12 15 15 17
3 8 84 176 240 289 355 418 462 525 573 623 4 8 11 13 16 19 21 23 23 24
3 9 79 147 209 270 329 392 452 511 560 612 3 5 6 6 8 10 11 14 16 18
3 10 80 151 214 269 354 431 495 548 601 673 5 6 6 7 11 12 12 14 17 20
4 0 72 119 182 236 306 394 479 534 604 657 3 5 7 9 11 12 16 17 18 18
4 1 60 127 178 238 285 340 399 480 541 603 5 5 7 9 11 12 14 15 16 17
4 2 80 139 191 245 285 350 423 487 531 587 7 8 8 10 12 14 17 20 24 30
4 3 73 127 185 241 296 375 443 494 568 607 1 4 4 9 14 17 22 24 28 28
4 4 67 129 190 249 319 390 447 511 580 646 1 3 7 9 11 14 15 18 22 26
4 5 83 130 190 267 346 404 476 526 582 644 2 5 10 10 14 14 17 18 21 22
4 6 67 141 205 258 320 368 440 494 561 628 5 7 10 14 15 17 18 21 21 22
4 7 74 122 182 254 310 359 419 470 532 588 2 4 5 5 7 11 12 12 15 15
4 8 75 127 189 250 325 375 421 480 531 584 6 7 11 13 14 15 16 17 18 21
4 9 80 131 179 245 321 387 430 499 561 628 2 2 5 5 5 7 7 9 10 10
4 10 59 126 178 241 293 346 407 469 528 583 5 5 6 9 11 12 17 18 18 21
5 0 66 128 199 263 327 387 432 489 554 634 4 7 7 10 14 17 17 18 21 22
5 1 68 122 179 223 284 338 395 464 525 612 3 4 6 8 8 11 11 17 21 22
5 2 67 130 200 266 323 387 430 514 565 615 3 5 8 8 13 16 17 19 22 26
5 3 79 154 213 261 326 373 441 496 552 607 2 3 4 8 8 9 10 11 14 16
5 4 51 113 177 236 283 350 407 472 531 579 2 7 11 13 14 15 19 21 25 27
5 5 55 121 192 262 332 389 458 530 601 665 3 9 10 12 15 16 18 20 20 20
5 6 63 140 209 266 324 361 424 487 535 587 0 2 2 2 4 5 6 9 9 11
5 7 75 144 202 260 326 389 448 492 560 622 2 4 5 6 7 9 9 12 13 15
5 8 81 154 209 279 338 405 452 487 546 585 3 5 5 6 8 8 9 11 14 14
5 9 84 151 221 287 358 418 462 522 573 625 3 4 8 10 11 12 13 14 16 16
5 10 66 119 178 233 289 330 385 442 499 564 3 6 7 9 10 11 12 14 15 16
6 0 58 120 186 247 312 373 435 493 546 605 5 8 8 14 15 19 21 24 25 26
6 1 62 126 185 260 326 396 460 528 599 665 2 3 4 5 6 9 14 19 23 27
6 2 81 141 205 251 309 362 425 478 534 586 2 7 9 11 12 13 15 19 21 26
6 3 63 138 202 258 318 366 432 488 552 612 2 5 11 15 19 19 21 22 24 24
6 4 74 137 200 256 332 380 440 492 572 635 2 3 7 10 12 15 16 19 23 24
6 5 69 149 225 290 349 404 471 535 585 638 3 5 10 12 14 15 17 19 20 21
6 6 59 108 172 228 290 351 405 454 516 565 2 2 5 5 6 8 9 10 15 16
6 7 72 117 161 215 287 352 416 470 530 590 1 2 4 6 6 6 6 6 6 9
6 8 51 124 166 228 293 333 377 448 493 566 0 4 6 10 11 12 12 13 13 15
6 9 67 145 212 267 336 392 464 531 606 659 4 8 9 9 9 9 13 15 19 22
6 10 76 141 186 252 323 372 442 499 555 608 3 5 11 13 19 19 21 21 23 24
7 0 70 143 218 283 347 415 457 507 571 636 6 9 10 13 16 17 17 19 21 22
7 1 66 126 186 264 325 370 430 504 574 633 2 4 5 7 7 9 12 15 17 18
7 2 72 136 189 239 298 358 420 475 533 599 1 3 5 7 8 14 18 20 22 24
7 3 81 143 213 269 338 388 458 523 571 632 1 3 5 6 8 12 12 13 15 17
7 4 57 118 173 241 317 378 424 497 552 626 2 3 5 6 7 8 9 9 10 13
7 5 71 144 206 253 295 374 428 482 530 588 2 3 3 5 5 8 9 10 10 11
7 6 53 121 172 229 281 354 384 452 492 549 3 5 7 8 8 12 13 17 18 21
7 7 79 136 204 250 299 366 409 466 519 589 2 2 3 5 5 8 11 14 15 15
7 8 83 148 199 266 322 380 435 487 538 598 3 6 7 7 11 13 14 16 16 16
7 9 71 139 209 278 347 383 458 513 573 633 4 10 13 15 17 18 19 19 21 23
7 10 83 141 205 262 301 355 413 468 534 580 2 3 7 9 9 10 12 13 14 15
8 0 64 128 201 253 321 388 452 516 579 652 4 7 9 12 15 17 20 20 24 24
8 1 65 151 238 299 368 429 493 555 602 661 3 4 8 9 11 15 16 20 21 23
8 2 66 119 162 226 287 336 408 474 543 593 3 8 9 10 11 12 13 15 16 18
8 3 55 110 192 230 304 358 401 455 515 577 1 2 4 4 5 5 5 5 6 11
8 4 60 117 170 229 274 338 388 434 480 534 0 3 3 5 8 9 11 12 13 17
8 5 72 127 187 248 310 351 407 451 506 553 4 6 7 9 12 14 18 20 22 22
8 6 48 107 159 212 279 364 438 533 587 634 1 1 3 5 7 10 12 17 20 22
8 7 72 132 182 250 318 377 433 496 546 604 2 5 5 6 6 9 9 9 11 12
8 8 58 115 172 251 310 360 416 453 475 518 4 6 8 10 10 10 10 10 10 10
8 9 83 149 212 266 325 394 443 508 566 628 2 5 9 14 15 16 19 24 28 32
8 10 78 140 176 233 300 367 432 499 552 624 2 4 5 8 9 10 10 12 12 12
9 0 68 135 201 276 349 401 473 531 580 634 5 6 7 9 10 13 14 15 17 18
9 1 84 143 191 255 316 399 464 531 599 657 4 9 12 13 14 18 22 24 25 27
9 2 82 141 202 260 345 392 450 512 576 634 3 4 5 7 10 13 15 15 17 17
9 3 65 129 198 266 331 402 444 483 524 581 1 2 6 8 11 13 14 16 19 21
9 4 80 140 214 275 357 423 470 522 579 639 1 2 6 8 11 12 16 18 20 21
9 5 68 144 206 257 310 360 424 472 518 585 6 11 12 14 18 21 22 24 24 26
9 6 72 148 208 269 321 386 437 481 532 593 2 4 7 8 12 13 15 18 19 19
9 7 71 138 220 267 329 396 453 520 596 643 1 4 7 10 14 15 16 20 20 21
9 8 60 139 203 252 308 356 418 480 529 604 4 8 9 10 11 14 17 19 20 25
9 9 74 141 195 252 287 344 399 456 498 549 2 3 6 9 9 10 10 10 10 11
9 10 80 148 204 257 311 367 407 476 533 584 3 5 6 6 6 8 8 8 9 10
10 0 62 128 187 242 309 387 439 493 548 614 4 7 9 10 13 16 17 20 24 30
10 1 74 140 195 258 323 397 463 528 567 638 3 4 6 7 7 11 13 15 15 18
10 2 69 140 201 269 326 399 451 505 546 588 6 7 8 11 15 17 19 20 22 22
10 3 70 156 220 267 330 389 448 519 578 637 1 3 4 7 10 12 13 14 17 17
10 4 64 134 201 253 303 361 429 477 529 594 3 3 5 7 12 14 16 18 20 23
10 5 53 112 160 230 290 366 433 489 542 596 3 6 8 10 14 14 15 17 18 19
10 6 75 141 207 267 321 380 452 515 565 625 3 3 4 5 8 11 12 14 15 17
10 7 78 145 207 263 320 370 418 458 510 576 3 4 5 7 8 10 10 10 11 12
10 8 79 141 192 265 310 372 421 487 528 605 5 8 9 13 13 18 18 20 21 23
10 9 90 137 213 265 310 371 418 478 556 608 5 6 6 8 9 11 12 13 13 13
10 10 82 147 204 258 282 344 384 423 487 542 2 5 7 8 9 9 9 11 11 12