0 0 71 131 198 256 327 387 457 514 568 617 2 5 8 8 10 14 16 17 18 22
0 1 87 149 218 290 361 431 470 531 598 659 2 5 8 10 12 15 16 21 24 24
0 2 65 127 198 263 333 410 477 558 621 680 2 4 7 9 9 12 14 16 17 19
0 3 62 121 192 260 308 362 413 493 562 637 2 2 2 4 6 7 7 10 10 11
0 4 70 134 200 269 317 373 436 497 554 623 3 3 5 8 10 13 13 14 14 16
0 5 73 142 213 277 337 382 454 527 589 661 4 7 8 11 12 13 15 18 23 27
0 6 66 145 226 292 359 415 503 574 649 704 2 11 15 18 18 21 21 21 21 23
0 7 69 152 217 289 363 416 487 537 596 660 2 3 4 5 6 6 8 11 14 15
0 8 77 132 195 262 322 392 463 511 571 639 3 4 7 11 12 13 15 15 16 16
0 9 75 135 183 258 316 392 441 503 579 626 3 5 6 8 8 9 13 17 18 18
0 10 83 150 207 268 334 396 458 526 597 655 4 5 5 6 7 8 9 13 14 17
1 0 76 134 218 298 359 413 458 520 590 651 3 4 8 9 11 11 13 19 23 23
1 1 88 156 211 280 340 405 464 516 573 619 2 4 6 6 7 10 12 13 14 16
1 2 66 119 196 248 323 366 430 487 538 609 0 1 4 6 8 8 10 12 12 14
1 3 71 128 179 240 305 368 425 484 535 592 2 3 4 7 10 12 14 15 17 23
1 4 77 149 226 292 342 397 466 515 559 610 2 4 7 9 10 15 18 20 20 22
1 5 62 129 197 271 326 390 459 531 571 616 2 3 6 8 9 9 10 10 11 13
1 6 86 168 210 276 353 411 462 530 600 666 6 10 11 13 16 16 18 19 20 20
1 7 61 113 182 246 309 354 422 508 563 643 6 6 6 7 8 8 11 12 13 18
1 8 55 115 194 250 313 362 416 488 549 608 3 4 6 8 13 16 19 20 20 21
1 9 60 123 178 239 303 347 379 447 498 561 1 7 11 13 13 15 16 19 22 25
1 10 71 133 193 259 330 393 475 525 593 668 2 3 6 9 11 13 18 20 24 29
2 0 66 122 188 258 329 412 466 526 596 665 3 5 5 9 13 16 18 18 18 19
2 1 64 127 174 247 318 361 430 489 541 591 2 4 5 5 8 8 12 12 13 16
2 2 71 140 192 253 306 370 430 487 541 584 0 4 4 7 10 10 13 17 19 20
2 3 78 127 186 235 291 355 426 468 517 577 4 5 6 9 12 13 13 15 16 18
2 4 63 124 195 262 328 392 446 497 551 615 2 3 7 8 10 14 16 19 20 22
2 5 67 123 195 244 304 362 418 466 514 587 1 3 5 5 7 10 12 14 15 17
2 6 73 123 189 247 331 398 447 490 550 607 5 8 12 16 19 21 24 26 28 28
2 7 71 155 217 288 334 393 460 509 565 623 4 5 5 11 12 13 14 15 15 16
2 8 55 118 186 252 288 342 391 452 511 579 3 4 5 6 6 6 6 7 10 11
2 9 66 120 195 233 288 345 398 452 495 556 2 6 7 7 9 13 16 18 20 22
2 10 73 133 206 272 319 378 442 510 582 657 2 5 6 7 11 13 13 14 17 21
3 0 68 140 188 250 314 385 446 513 588 666 2 7 10 10 15 18 18 18 20 22
3 1 65 120 195 247 324 403 468 536 597 655 4 5 9 10 13 19 25 28 28 29
3 2 68 125 182 261 323 388 453 505 565 630 4 6 7 9 11 14 15 17 21 22
3 3 78 130 189 258 321 400 455 530 583 644 4 4 6 7 10 11 12 14 16 19
3 4 53 107 174 213 275 327 394 465 526 586 4 6 6 6 6 8 9 9 11 11
3 5 77 127 201 266 318 372 413 463 524 583 3 9 9 10 10 12 12 15 18 20
3 6 69 140 186 249 302 359 407 478 527 589 2 5 5 5 6 9 10 12 13 14
3 7 56 113 183 236 331 383 450 512 560 614 2 3 6 6 6 10 11 15 18 19
3 8 60 107 174 234 284 339 397 455 528 580 4 7 9 10 10 12 13 13 17 20
3 9 67 131 192 256 328 394 462 523 560 624 1 2 4 5 8 10 13 14 15 16
3 10 70 136 199 259 313 358 418 467 521 588 1 4 5 8 9 9 10 11 11 13
4 0 62 122 190 260 321 377 444 521 575 634 7 8 8 11 12 16 20 21 22 26
4 1 66 123 180 255 309 363 426 496 557 630 3 6 7 8 8 9 10 14 18 20
4 2 72 133 187 235 305 359 426 481 527 593 1 3 6 7 9 10 11 14 15 18
4 3 70 146 200 265 330 387 446 511 575 640 0 1 1 3 3 6 6 10 10 14
4 4 74 135 203 269 347 388 442 498 548 600 2 3 8 8 12 13 15 15 15 15
4 5 83 159 229 299 358 422 471 530 583 639 5 6 9 10 13 14 16 16 17 18
4 6 90 147 203 260 328 382 444 513 571 627 1 1 1 2 3 5 7 9 10 12
4 7 66 135 201 265 333 377 444 490 543 579 3 3 7 7 9 9 9 12 12 13
4 8 66 132 179 246 291 354 422 470 523 581 3 6 7 10 11 12 16 17 18 19
4 9 72 122 180 235 311 380 435 493 555 620 3 5 7 9 10 14 16 18 20 21
4 10 94 157 221 272 325 372 434 494 549 616 4 7 9 11 15 16 18 20 21 24
5 0 55 126 197 264 316 382 461 538 600 651 4 9 12 12 13 14 17 18 20 21
5 1 73 123 192 266 332 397 487 558 617 674 4 6 7 7 10 12 12 17 18 22
5 2 68 136 215 272 352 409 475 515 568 620 4 7 9 10 12 14 15 15 16 18
5 3 56 114 182 231 287 360 414 469 539 609 1 5 6 8 8 11 12 13 14 17
5 4 67 131 209 270 326 380 434 487 542 608 2 3 5 7 8 10 12 12 12 15
5 5 84 148 211 266 318 369 428 467 514 561 3 6 8 10 11 11 11 13 14 14
5 6 72 121 183 252 298 360 428 492 555 613 1 1 4 7 9 9 9 12 12 14
5 7 74 151 209 253 320 353 418 474 546 614 4 6 6 7 11 11 12 15 17 19
5 8 72 142 203 256 318 397 452 522 589 649 4 7 11 13 15 16 17 20 20 20
5 9 81 149 205 261 313 365 426 474 542 599 5 6 7 7 9 9 10 11 16 17
5 10 74 143 212 271 316 366 425 498 564 616 4 5 7 10 11 12 12 13 14 17
6 0 65 130 184 252 309 369 434 499 559 619 3 3 5 8 10 12 14 17 18 19
6 1 71 145 193 233 278 356 439 514 599 672 3 4 5 6 8 11 12 13 14 14
6 2 83 155 221 291 361 431 494 558 623 687 3 4 7 9 12 13 14 18 19 19
6 3 81 160 216 285 335 406 483 536 588 647 2 4 6 10 12 13 14 16 17 19
6 4 87 129 191 275 336 390 439 500 562 628 1 3 4 5 6 8 9 10 10 12
6 5 81 160 234 279 319 370 442 495 549 617 2 5 7 8 10 11 14 16 17 17
6 6 55 109 176 227 286 357 417 466 516 572 1 4 6 8 9 13 14 14 19 22
6 7 73 141 212 268 331 385 443 510 575 628 3 4 7 8 11 11 14 15 16 18
6 8 78 137 217 273 333 396 475 541 591 650 6 9 12 16 18 19 19 20 20 22
6 9 66 132 202 244 306 366 424 479 534 583 2 5 5 7 7 7 7 7 10 11
6 10 74 154 217 290 345 407 454 504 571 612 3 5 8 10 10 13 13 16 18 21
7 0 77 126 195 240 292 350 423 485 557 626 1 4 6 7 10 10 10 11 13 15
7 1 62 141 202 267 323 388 441 492 554 625 3 7 12 16 19 25 30 31 31 32
7 2 70 121 187 259 315 363 433 490 559 601 3 3 5 9 10 12 14 15 19 21
7 3 63 113 178 226 288 353 411 445 503 554 2 4 4 4 6 8 10 11 16 18
7 4 72 132 181 244 297 363 428 482 533 579 3 4 4 5 8 9 11 12 13 13
7 5 65 138 216 265 327 393 455 500 566 632 4 6 9 10 13 14 16 16 20 22
7 6 77 152 212 277 346 405 483 535 578 618 4 9 11 14 17 21 23 24 24 25
7 7 86 140 201 268 319 368 423 480 558 612 5 6 8 9 11 15 16 18 19 19
7 8 57 120 186 256 288 350 412 453 493 557 2 3 5 6 6 10 12 12 12 12
7 9 62 134 189 258 305 352 412 460 509 570 0 2 2 6 7 8 10 11 11 13
7 10 64 131 184 232 285 334 370 431 493 545 4 9 12 13 13 14 14 14 15 16
8 0 62 120 177 252 318 383 435 494 554 619 1 6 9 13 18 19 22 23 24 24
8 1 69 125 175 238 318 391 456 517 589 643 4 7 8 11 13 14 15 15 16 17
8 2 80 140 194 246 326 392 437 497 571 622 3 4 6 7 8 12 13 14 16 19
8 3 69 138 182 259 321 394 454 507 551 614 1 2 2 5 8 11 11 12 14 16
8 4 76 153 222 284 334 409 469 524 590 660 4 9 12 16 17 22 23 23 28 29
8 5 76 139 199 276 333 385 429 484 536 589 3 4 7 11 14 16 17 17 17 19
8 6 69 135 200 264 323 379 447 502 570 635 1 3 5 8 12 14 15 17 19 20
8 7 73 122 183 243 314 373 432 493 549 589 0 4 6 7 8 10 10 10 13 14
8 8 67 126 183 243 307 354 406 455 519 582 1 3 4 7 9 10 10 10 10 10
8 9 87 144 198 265 337 391 463 512 584 648 5 9 10 11 12 13 15 15 16 17
8 10 66 131 190 246 322 372 422 471 511 563 0 3 8 10 11 13 14 16 16 20
9 0 67 154 209 266 331 393 455 507 573 641 1 4 7 7 11 13 14 16 17 20
9 1 61 128 187 259 335 393 450 512 570 616 3 4 5 7 11 12 14 15 17 21
9 2 62 111 174 242 315 378 431 498 548 609 2 2 4 6 10 12 12 14 16 18
9 3 80 125 176 228 310 351 399 473 517 567 9 12 14 16 19 22 24 28 30 30
9 4 72 130 201 264 322 374 423 474 503 558 2 4 5 10 12 13 14 15 18 19
9 5 72 130 196 273 330 380 426 490 557 620 2 3 5 5 5 8 9 9 9 12
9 6 77 122 188 261 323 390 454 505 567 618 2 5 8 11 15 16 16 16 18 19
9 7 63 122 194 256 308 364 423 473 529 575 2 2 2 3 4 5 8 9 10 11
9 8 73 131 208 249 310 369 397 443 481 535 1 1 2 5 7 9 12 13 15 17
9 9 64 124 174 225 285 356 416 484 529 562 6 8 9 12 12 14 15 16 16 16
9 10 74 126 193 258 320 379 427 492 543 597 2 2 3 5 7 8 10 13 14 15
10 0 60 129 189 247 317 389 445 521 603 658 1 1 5 7 7 10 11 13 16 20
10 1 79 159 227 282 341 399 453 512 545 614 4 7 10 11 13 15 17 18 18 19
10 2 71 154 216 286 346 402 465 514 563 611 0 4 5 8 11 15 16 19 23 23
10 3 61 119 191 252 311 381 451 513 605 666 3 5 8 9 10 14 14 15 17 22
10 4 78 141 190 263 327 368 421 483 545 603 2 4 5 7 11 11 15 16 18 19
10 5 63 126 192 255 315 378 434 503 552 625 4 6 8 10 10 13 15 18 18 19
10 6 89 158 226 281 343 396 457 510 563 617 4 6 7 9 12 14 14 18 20 21
10 7 63 130 203 268 339 400 461 519 563 637 2 3 5 6 8 10 12 14 15 16
10 8 66 124 171 229 284 347 403 461 522 583 4 5 6 8 9 9 10 14 17 18
10 9 84 145 199 265 322 390 438 488 544 596 2 2 3 5 6 8 9 10 10 10
10 10 81 134 186 259 317 371 420 483 535 591 5 7 8 10 13 13 13 16 16 16