0 0 78 138 200 266 323 380 431 485 545 606 4 9 12 13 16 16 16 19 22 26
0 1 74 148 216 271 330 392 450 516 609 684 1 4 6 7 9 11 11 13 16 18
0 2 78 153 220 290 348 416 453 526 578 651 5 5 6 7 9 9 13 17 19 22
0 3 63 133 186 256 328 400 470 548 618 687 4 8 9 12 13 15 20 20 21 21
0 4 65 120 190 257 332 394 450 514 576 628 1 1 2 4 5 6 10 12 14 16
0 5 82 127 194 257 320 396 452 498 562 637 4 4 5 8 12 16 19 19 24 26
0 6 57 118 172 243 319 383 446 509 562 637 2 3 8 11 12 14 17 21 22 27
0 7 53 107 180 234 294 343 417 504 578 625 4 5 9 11 14 16 16 18 18 19
0 8 69 143 204 256 317 387 467 545 607 680 4 7 10 10 14 16 17 25 25 27
0 9 73 145 201 268 338 389 471 546 608 690 4 6 7 10 13 13 15 17 17 19
0 10 65 115 169 236 301 364 429 494 548 614 4 4 5 6 10 13 16 21 24 24
1 0 80 144 214 268 303 384 455 524 596 653 7 11 11 11 12 14 17 17 18 21
1 1 71 125 182 237 299 360 439 516 582 642 2 3 4 7 9 11 12 14 19 20
1 2 66 138 187 253 326 393 447 496 557 611 6 8 9 9 13 16 19 20 21 23
1 3 94 158 204 261 335 392 462 529 589 653 5 7 7 10 13 16 16 19 20 24
1 4 59 128 190 253 321 376 443 490 548 603 2 5 9 9 12 15 18 21 22 26
1 5 89 149 196 257 326 396 475 537 590 649 4 6 7 9 13 13 15 18 18 20
1 6 82 150 198 270 337 401 462 522 594 647 2 2 4 5 7 10 11 15 16 19
1 7 56 126 188 252 311 344 404 480 548 595 4 7 7 9 11 12 18 21 22 23
1 8 63 129 196 248 316 380 448 512 583 637 2 5 8 11 12 15 16 21 24 25
1 9 69 137 206 265 340 386 449 510 574 621 2 3 5 8 11 13 16 17 19 19
1 10 75 141 203 281 366 407 469 528 582 662 0 0 1 2 3 4 10 11 13 15
2 0 68 112 189 231 276 342 401 446 525 588 1 1 6 9 10 11 12 15 18 19
2 1 69 147 224 301 371 420 488 545 603 668 3 4 9 14 15 17 20 21 23 24
2 2 67 142 213 265 326 376 459 526 587 650 2 2 6 6 9 11 12 15 18 19
2 3 75 137 232 288 335 385 452 528 582 646 3 5 6 7 7 8 11 12 13 15
2 4 75 149 219 282 322 370 421 474 546 602 2 3 6 8 9 12 14 15 17 18
2 5 56 111 174 241 313 381 439 493 549 617 2 4 5 5 9 11 11 16 16 17
2 6 77 124 179 233 282 339 397 439 478 535 2 3 7 13 15 18 20 21 22 24
2 7 83 153 221 269 336 384 441 503 562 626 4 8 10 11 12 12 12 14 17 19
2 8 69 128 186 239 311 353 405 456 515 570 3 4 5 7 8 11 13 13 13 15
2 9 66 137 214 285 348 408 465 512 569 624 1 3 8 9 13 16 18 19 21 23
2 10 76 151 213 271 342 399 447 510 574 623 0 2 4 4 6 10 10 11 16 20
3 0 73 149 213 285 345 415 484 550 618 684 2 3 6 8 12 13 15 15 16 20
3 1 80 157 220 284 329 383 445 507 580 637 3 6 9 12 12 14 14 16 20 21
3 2 64 128 192 246 313 369 431 492 561 634 2 4 10 10 12 14 15 17 19 22
3 3 79 172 249 308 352 405 475 516 585 656 3 8 11 12 12 15 19 21 22 22
3 4 58 118 173 240 280 340 400 450 504 586 3 6 7 8 9 12 14 21 21 24
3 5 60 122 176 237 298 372 421 474 522 576 1 5 11 12 14 15 15 17 18 19
3 6 69 114 178 241 291 338 387 444 489 549 2 5 10 13 13 15 15 17 17 18
3 7 63 119 189 245 289 347 422 474 517 568 4 6 6 6 7 9 10 10 12 14
3 8 64 123 200 269 305 383 431 489 532 589 0 1 1 3 4 5 7 8 8 11
3 9 79 135 194 252 318 358 410 469 512 569 5 7 10 16 17 17 19 20 20 23
3 10 77 149 199 276 334 390 448 511 550 589 7 10 12 13 15 15 21 22 24 24
4 0 60 138 222 299 353 413 473 520 575 639 2 3 5 9 9 10 14 14 16 17
4 1 77 139 211 271 324 398 463 504 550 603 3 4 8 10 10 13 15 15 15 17
4 2 75 138 196 255 316 376 441 503 564 621 3 4 6 7 9 10 13 15 16 20
4 3 74 135 197 260 316 376 447 490 549 612 5 7 11 15 17 19 21 21 22 22
4 4 77 154 215 267 329 405 449 515 582 650 5 6 8 9 10 10 10 10 11 11
4 5 59 121 181 244 304 365 417 486 541 596 3 7 9 13 15 17 19 21 22 23
4 6 66 129 190 243 305 366 423 473 526 584 1 4 5 6 7 9 11 13 14 16
4 7 62 133 188 230 291 358 413 459 526 592 1 3 5 7 8 8 10 12 14 16
4 8 83 163 214 278 331 387 441 491 547 597 1 4 6 6 6 8 10 10 11 11
4 9 86 148 216 268 335 401 463 523 594 631 3 3 7 8 12 13 13 14 15 15
4 10 54 120 164 220 259 296 354 440 483 530 3 4 5 9 9 9 11 12 13 14
5 0 69 136 183 254 311 369 424 483 554 620 5 5 5 6 9 12 14 16 16 16
5 1 71 112 187 256 310 374 446 507 571 627 1 3 6 8 9 13 18 19 20 21
5 2 68 132 214 281 342 418 475 543 600 670 2 3 5 9 9 10 11 12 13 19
5 3 86 159 232 296 366 416 477 532 591 663 4 4 7 7 10 11 13 16 17 17
5 4 70 145 199 272 336 398 470 540 597 660 8 15 16 17 19 20 22 22 24 25
5 5 62 134 181 233 268 315 376 414 470 524 4 4 5 5 5 6 7 8 12 13
5 6 67 131 190 243 295 362 414 469 534 588 5 6 7 9 11 15 17 21 22 24
5 7 71 141 210 268 318 378 441 492 553 609 0 1 2 4 5 6 7 9 10 10
5 8 80 148 206 277 324 375 436 497 540 595 1 3 4 5 6 7 8 9 9 10
5 9 69 143 201 273 333 374 415 468 534 585 2 3 4 6 7 7 7 9 10 11
5 10 75 146 193 260 324 378 452 504 547 606 3 6 6 7 9 11 13 15 15 15
6 0 72 128 192 276 334 399 454 509 566 629 0 4 6 8 9 11 13 14 14 16
6 1 91 167 237 315 372 431 500 555 619 671 6 9 11 13 17 20 22 23 27 30
6 2 67 119 197 255 309 375 432 493 547 613 2 4 8 10 11 14 18 20 22 22
6 3 55 122 191 254 318 379 435 498 555 616 1 4 4 5 7 9 12 14 19 19
6 4 53 117 189 247 315 379 441 505 557 624 0 1 1 3 5 7 9 12 13 17
6 5 65 128 209 261 320 385 434 480 536 591 3 4 8 9 9 14 15 18 18 18
6 6 56 112 172 226 288 343 389 430 488 567 2 3 7 7 8 8 11 13 14 14
6 7 81 155 219 264 301 376 446 508 562 611 3 4 4 5 7 8 8 9 9 12
6 8 78 154 209 265 321 369 407 455 503 564 5 7 7 8 10 11 13 14 14 15
6 9 76 151 217 283 350 399 459 499 545 597 3 5 5 6 10 12 15 18 19 22
6 10 59 127 189 254 334 402 467 522 590 645 2 3 4 7 11 12 17 19 20 20
7 0 68 141 207 287 347 412 475 535 575 625 0 4 5 5 5 8 10 12 13 13
7 1 63 152 219 285 343 397 478 547 628 687 3 4 4 6 7 7 9 10 11 14
7 2 53 124 188 244 304 367 426 480 541 594 2 4 5 9 12 13 16 20 21 21
7 3 65 127 201 261 321 381 446 496 544 604 2 4 5 6 6 8 9 10 10 12
7 4 68 133 183 248 303 365 431 473 522 581 3 7 7 7 7 7 8 10 12 14
7 5 79 145 193 257 315 370 441 501 538 590 2 5 5 6 7 8 8 9 9 10
7 6 66 130 198 263 323 389 458 521 595 665 1 2 5 6 9 11 15 19 22 24
7 7 65 117 185 252 300 357 413 474 557 603 7 8 10 15 16 17 20 25 28 32
7 8 73 142 216 276 338 402 467 519 579 645 3 3 12 13 16 22 24 24 25 25
7 9 67 118 184 231 288 352 406 460 524 579 1 3 6 6 8 11 11 12 16 21
7 10 62 133 195 247 297 350 414 449 506 562 5 7 9 11 13 14 16 17 18 19
8 0 51 114 178 242 294 364 422 490 557 601 3 6 7 7 9 10 13 15 16 19
8 1 87 151 208 271 320 376 442 487 545 600 4 7 8 9 10 12 13 13 13 15
8 2 68 123 182 244 307 365 427 493 549 603 5 7 9 11 14 17 20 22 23 24
8 3 64 112 183 246 304 377 411 476 546 612 1 3 5 5 5 8 10 13 14 14
8 4 51 115 152 214 280 347 393 450 512 583 5 6 10 13 16 18 19 21 22 22
8 5 84 141 197 268 302 371 432 484 564 607 1 4 5 6 6 7 7 9 11 11
8 6 69 121 190 263 317 385 434 479 560 618 3 6 8 10 10 13 15 16 18 19
8 7 55 114 156 205 269 337 399 444 489 541 1 3 5 10 11 14 17 17 19 20
8 8 59 123 177 240 300 358 416 480 545 582 5 8 9 12 13 14 14 15 17 22
8 9 65 134 213 269 313 352 404 450 503 576 3 8 11 13 14 14 15 18 19 19
8 10 73 142 206 251 296 354 409 480 526 576 4 8 11 12 12 15 15 16 17 18
9 0 68 132 177 254 303 368 442 512 572 622 3 5 6 7 8 10 12 14 15 21
9 1 90 150 212 264 322 370 436 487 552 620 1 5 6 7 9 11 11 13 17 18
9 2 70 120 180 231 283 347 432 506 560 609 5 10 13 14 14 18 19 20 20 20
9 3 74 151 204 265 335 394 438 493 544 601 2 6 8 9 14 15 15 17 17 18
9 4 92 167 231 275 320 384 430 501 564 620 1 4 5 5 5 9 10 10 12 12
9 5 71 134 219 298 347 408 444 505 565 609 3 4 5 11 12 13 13 15 17 18
9 6 49 123 192 262 334 393 437 504 551 588 1 2 6 14 14 16 18 21 21 22
9 7 82 148 220 275 335 384 439 500 560 613 7 8 9 10 11 12 16 16 18 20
9 8 74 133 200 272 317 394 464 502 567 618 4 6 10 11 11 16 21 23 28 31
9 9 75 144 200 263 306 352 411 467 527 581 2 3 5 6 7 7 10 10 12 14
9 10 83 143 216 281 344 396 441 527 581 642 5 6 7 8 8 8 8 12 13 15
10 0 76 146 215 290 365 427 488 552 606 684 2 3 7 9 14 17 18 22 22 25
10 1 73 131 193 253 298 348 402 461 529 591 2 2 3 6 7 11 12 14 16 18
10 2 76 138 199 258 310 364 419 467 522 584 4 7 9 10 12 14 15 16 18 18
10 3 78 141 206 264 322 399 459 526 585 651 5 9 10 12 14 15 15 16 17 19
10 4 61 117 187 233 286 333 391 451 527 585 1 2 7 9 10 10 10 11 13 15
10 5 70 133 207 272 328 386 432 497 552 607 2 7 10 13 13 15 15 20 22 22
10 6 58 113 171 225 281 335 415 474 525 583 2 7 7 8 11 12 17 21 22 24
10 7 73 149 209 287 351 431 490 561 625 679 4 6 7 9 10 11 13 15 16 18
10 8 76 149 208 256 313 364 417 469 507 565 2 5 6 6 6 8 14 14 16 17
10 9 56 94 150 202 243 312 361 424 470 518 3 3 3 3 5 6 8 11 12 17
10 10 58 117 151 213 259 294 339 376 414 480 3 6 6 7 9 10 13 15 15 15