0 0 10 23 26 37 50 56 66 75 82 91 1 2 4 6 6 6 8 8 8 9
0 1 13 21 34 47 58 66 74 81 88 95 2 3 5 5 5 5 5 6 6 6
0 2 5 13 24 36 47 60 74 86 95 101 1 5 5 8 9 10 10 10 10 14
0 3 8 16 27 37 43 51 60 65 74 82 2 3 3 3 3 6 6 8 8 11
0 4 11 17 23 30 37 46 52 53 58 63 1 1 2 2 2 3 5 5 5 5
0 5 9 20 34 45 53 63 68 78 93 100 0 2 3 4 5 6 6 8 8 8
0 6 9 20 27 41 54 65 74 83 91 104 1 1 2 3 5 6 7 10 11 11
0 7 9 17 23 34 42 50 56 68 74 86 0 0 1 2 2 3 4 6 7 8
0 8 10 16 26 38 48 57 65 74 82 86 1 2 2 3 3 3 5 5 5 6
0 9 10 16 23 34 40 47 57 65 72 78 0 1 1 1 1 1 1 1 1 1
0 10 6 15 28 38 46 55 64 74 84 94 0 0 0 0 1 1 1 1 2 2
1 0 8 16 25 34 37 47 58 64 69 81 0 2 3 4 5 5 6 7 7 7
1 1 8 17 32 39 46 51 59 64 68 77 1 1 4 5 5 5 6 7 7 8
1 2 4 10 19 25 31 40 50 57 67 74 1 1 1 1 2 3 3 3 3 4
1 3 6 14 28 36 40 46 51 61 71 82 0 0 2 3 4 4 5 6 7 7
1 4 9 20 26 36 45 51 55 61 74 87 0 1 2 2 4 5 5 6 8 9
1 5 11 19 28 32 38 45 54 61 67 77 0 0 2 3 4 5 5 5 5 5
1 6 3 15 21 30 38 44 53 64 75 80 0 0 2 3 3 4 4 4 5 7
1 7 11 19 27 34 45 51 55 61 67 75 0 4 4 4 4 4 6 8 10 10
1 8 7 15 25 39 46 55 62 66 74 84 1 2 4 4 4 4 5 5 5 5
1 9 6 19 23 30 43 50 62 73 81 87 0 0 1 2 3 5 5 5 6 8
1 10 8 20 27 36 43 50 56 69 73 84 1 1 1 3 3 4 4 4 4 4
2 0 11 14 28 35 49 58 64 74 81 91 2 4 4 4 4 6 7 8 8 9
2 1 7 19 30 38 44 52 57 65 76 78 2 2 4 4 4 4 5 7 7 7
2 2 6 18 23 30 39 46 57 66 76 84 1 2 3 3 6 7 7 8 9 9
2 3 9 14 28 33 38 50 62 69 80 92 1 2 2 3 3 4 6 6 6 7
2 4 12 26 32 44 51 59 66 72 77 87 0 0 1 1 2 2 2 2 3 4
2 5 9 20 28 39 48 57 67 72 78 81 1 2 5 7 7 7 7 7 9 9
2 6 9 17 20 27 36 47 54 61 68 79 0 1 1 1 2 3 3 3 4 4
2 7 9 13 27 38 47 56 66 72 80 91 1 1 1 2 2 2 2 3 3 5
2 8 8 13 24 37 41 48 56 63 74 79 0 0 0 0 0 0 3 3 4 4
2 9 11 21 29 42 51 57 66 74 83 91 0 1 1 2 3 3 3 3 5 7
2 10 10 19 30 37 42 45 52 62 65 73 2 2 2 3 6 6 10 11 11 12
3 0 12 19 28 38 46 55 61 74 82 91 1 1 1 3 4 4 6 7 9 10
3 1 9 17 27 33 39 50 60 70 79 86 2 3 4 5 5 5 5 7 7 10
3 2 8 16 25 37 46 53 57 65 78 87 0 3 5 5 5 6 7 8 8 8
3 3 8 19 30 40 44 50 56 63 69 78 1 2 2 2 2 2 2 2 2 2
3 4 8 13 17 30 38 47 54 67 75 88 0 3 3 5 6 6 7 8 8 8
3 5 7 18 25 36 42 55 64 73 82 89 2 2 4 4 4 6 6 7 8 9
3 6 8 17 26 37 49 62 69 78 89 95 0 1 1 1 3 3 4 6 6 6
3 7 11 20 30 39 53 60 70 80 89 95 1 1 1 1 1 1 1 3 3 3
3 8 11 22 31 41 51 62 75 84 94 100 0 0 2 3 4 4 6 6 7 7
3 9 11 17 24 28 36 49 57 67 76 79 1 1 1 1 2 3 6 6 6 7
3 10 8 18 27 35 42 51 58 69 75 85 0 0 1 2 2 4 6 7 7 8
4 0 10 18 27 37 45 51 59 67 78 89 1 3 3 4 6 7 8 8 10 11
4 1 4 15 25 35 40 53 60 66 73 89 0 4 6 6 7 7 7 7 7 7
4 2 15 25 39 51 58 72 85 93 98 106 2 4 4 5 5 5 6 7 8 9
4 3 6 14 25 34 45 51 58 66 75 83 0 1 2 3 5 5 6 7 8 9
4 4 10 21 28 32 37 47 57 68 80 89 2 3 4 6 6 6 7 8 8 9
4 5 10 14 24 33 42 48 59 63 74 84 1 1 1 2 4 4 5 6 6 8
4 6 6 13 24 32 39 50 61 69 77 86 3 3 4 4 4 5 6 6 8 8
4 7 12 20 27 36 45 55 62 68 80 84 1 2 3 5 5 6 8 10 10 11
4 8 7 11 22 30 42 54 58 66 71 81 0 1 2 2 2 2 2 2 3 3
4 9 4 12 26 33 40 47 56 68 77 85 0 1 2 2 2 2 2 2 3 4
4 10 14 25 28 36 43 53 62 76 85 100 0 1 1 4 4 4 4 7 7 7
5 0 10 18 29 33 48 56 60 66 77 87 0 0 0 0 1 1 3 4 4 5
5 1 12 27 37 48 55 64 72 80 90 95 0 0 1 1 2 2 3 4 5 7
5 2 11 19 31 42 51 59 68 76 83 90 0 0 1 1 2 3 4 4 4 4
5 3 6 13 20 33 44 53 60 65 77 86 1 1 3 3 3 4 4 4 4 4
5 4 11 21 28 33 43 49 61 68 76 77 2 2 4 4 4 4 5 5 5 6
5 5 12 22 26 35 42 52 62 68 77 84 0 0 2 2 2 3 4 4 4 5
5 6 6 16 22 32 41 43 48 60 69 77 2 3 5 6 7 8 8 9 9 10
5 7 2 13 20 32 40 48 56 62 69 76 1 2 4 4 5 5 5 5 5 6
5 8 12 20 26 35 43 51 59 69 81 91 1 1 3 5 6 6 7 8 8 9
5 9 5 18 24 36 49 54 58 68 74 84 0 1 1 3 5 5 5 6 6 6
5 10 14 20 25 31 39 47 51 57 64 75 0 1 1 2 3 5 5 5 5 5
6 0 8 21 32 37 46 51 57 67 75 84 0 0 0 0 0 0 0 0 2 3
6 1 7 17 23 33 41 52 62 72 76 81 0 2 2 2 2 3 3 4 4 5
6 2 8 19 26 33 40 49 58 68 76 84 0 0 2 2 2 3 4 4 4 5
6 3 12 16 25 33 41 54 62 67 77 87 2 2 2 3 4 5 5 6 7 7
6 4 8 21 29 35 42 47 61 68 77 85 1 1 1 2 2 3 5 6 7 7
6 5 14 20 24 34 41 49 60 65 75 85 0 0 0 2 3 3 3 6 8 9
6 6 11 20 26 34 42 46 56 64 73 82 0 0 0 0 0 0 0 2 4 7
6 7 10 21 28 38 44 55 64 69 77 83 0 2 5 6 9 9 9 9 13 13
6 8 10 18 23 29 39 44 52 54 62 68 0 0 0 1 2 3 5 6 8 9
6 9 7 18 29 35 46 59 62 70 78 86 1 2 2 2 5 5 5 5 5 5
6 10 7 18 25 31 39 52 59 67 72 86 1 1 1 1 2 3 5 6 6 7
7 0 4 11 16 30 42 53 62 68 69 77 0 0 0 2 3 3 4 4 5 6
7 1 10 13 27 39 48 55 71 84 92 98 1 1 1 1 2 2 6 6 7 7
7 2 9 13 21 30 43 51 60 74 82 91 1 2 2 2 3 3 4 4 4 6
7 3 9 22 27 32 41 46 54 60 67 75 0 1 2 3 3 4 5 6 6 6
7 4 13 23 32 47 58 67 87 93 99 105 0 1 3 7 7 8 9 9 9 10
7 5 9 22 26 36 45 57 65 81 86 95 0 2 2 2 2 4 4 4 4 5
7 6 6 17 28 36 46 57 67 74 82 90 0 1 1 1 2 2 3 3 3 3
7 7 11 21 30 38 52 59 67 77 88 96 0 2 2 4 4 4 4 4 4 5
7 8 10 21 29 40 49 57 70 80 89 98 1 1 1 1 2 2 3 3 5 7
7 9 6 16 26 40 47 58 72 83 91 102 0 0 2 2 2 2 4 5 7 7
7 10 9 14 23 30 41 49 57 64 77 86 3 3 3 3 3 3 5 6 8 9
8 0 7 15 26 36 47 57 64 69 80 91 2 4 5 6 7 8 10 11 11 11
8 1 6 16 25 37 48 51 57 64 72 76 0 0 0 0 1 2 2 2 3 3
8 2 10 22 29 33 43 51 60 73 80 88 2 2 2 2 2 2 2 2 3 3
8 3 7 18 32 40 49 55 62 74 82 87 0 1 3 3 3 4 4 5 5 5
8 4 9 19 24 34 44 52 64 72 79 87 3 4 5 5 5 6 6 8 8 8
8 5 7 22 28 30 39 53 61 70 78 89 1 2 2 2 2 3 3 5 5 6
8 6 9 16 27 37 45 53 66 73 81 87 2 3 4 4 6 7 8 8 8 8
8 7 9 14 22 30 41 50 54 68 74 83 0 1 2 2 3 3 3 3 3 3
8 8 9 21 27 35 46 53 58 67 74 78 1 1 1 2 3 3 4 4 4 4
8 9 7 18 26 36 45 55 63 78 85 91 0 0 1 1 3 4 5 6 8 8
8 10 8 22 30 36 45 55 66 72 80 86 3 5 7 7 8 8 9 10 10 11
9 0 10 20 28 39 49 56 66 76 85 89 2 2 4 4 7 7 7 9 9 10
9 1 10 19 29 40 50 61 70 77 85 89 1 2 3 3 5 6 7 9 12 12
9 2 13 20 27 34 41 48 54 61 67 75 0 1 1 1 2 2 2 2 2 2
9 3 4 14 23 30 40 50 54 61 69 82 0 0 1 1 1 2 3 5 8 10
9 4 5 14 24 30 42 47 57 61 68 75 1 1 1 1 2 3 4 4 4 4
9 5 10 21 32 37 39 48 58 68 80 90 1 3 4 4 4 4 5 5 5 5
9 6 12 17 27 31 41 53 61 72 81 89 1 1 2 6 6 7 9 9 9 9
9 7 9 20 30 39 47 54 65 79 87 97 0 1 2 2 4 4 4 4 4 4
9 8 8 14 23 32 38 45 50 59 65 69 1 1 3 4 6 7 7 8 8 8
9 9 11 21 30 39 45 51 57 66 75 83 1 2 2 2 2 5 5 5 6 6
9 10 9 17 24 31 36 43 51 57 64 76 2 5 6 6 8 10 11 14 14 14
10 0 6 13 25 31 43 51 58 66 72 75 0 0 0 0 0 1 3 3 3 3
10 1 9 16 23 29 40 50 55 61 65 74 1 1 1 4 5 6 6 6 6 8
10 2 11 20 29 41 51 57 63 73 79 86 0 1 3 4 5 7 7 8 10 13
10 3 11 18 26 33 39 48 56 64 70 77 1 1 2 2 2 2 2 3 3 3
10 4 10 19 28 38 47 55 66 74 80 89 0 0 0 1 2 3 4 4 4 5
10 5 12 19 27 35 44 51 58 65 74 82 0 0 0 0 2 2 2 3 4 5
10 6 10 17 29 37 44 53 59 69 75 84 2 2 2 3 4 4 4 5 5 5
10 7 5 14 21 28 42 52 60 70 85 91 0 1 1 2 2 3 3 3 3 3
10 8 9 18 26 35 45 56 61 68 73 85 0 0 1 1 1 1 1 1 2 3
10 9 9 16 26 32 39 48 51 62 68 74 1 1 2 3 4 6 7 8 8 9
10 10 7 18 27 37 47 54 62 69 77 83 1 1 2 3 4 4 5 5 5 7