0 0 60 114 173 235 296 361 412 466 535 602 2 3 6 10 12 13 15 17 19 22
0 1 80 166 220 296 369 428 481 535 590 655 0 2 3 5 7 7 8 8 8 10
0 2 55 133 196 264 339 407 484 548 605 665 6 9 11 12 14 16 17 17 17 19
0 3 56 111 169 240 314 387 455 517 587 659 4 4 5 8 10 14 15 15 16 21
0 4 63 125 196 263 318 369 438 510 582 650 1 5 7 8 8 10 11 12 16 16
0 5 48 117 174 248 305 368 446 511 557 611 3 3 7 10 11 14 18 20 21 24
0 6 69 136 195 257 324 358 430 485 562 624 2 3 5 7 10 15 17 17 20 23
0 7 92 162 228 297 359 422 488 555 614 673 6 8 8 14 18 21 22 25 27 30
0 8 58 137 186 248 316 388 455 515 581 639 2 6 9 13 17 17 21 26 31 35
0 9 64 140 209 276 340 398 471 533 618 672 5 8 13 15 16 19 23 24 25 27
0 10 75 147 205 261 318 379 434 495 552 614 2 3 4 5 5 9 11 14 16 17
1 0 80 147 204 257 301 359 402 475 531 600 2 4 5 7 8 8 8 10 11 11
1 1 78 138 210 283 350 417 480 542 602 670 3 5 7 10 13 14 14 15 17 20
1 2 48 96 177 226 278 350 429 491 549 621 3 4 8 8 11 11 13 14 16 20
1 3 74 147 206 265 327 400 465 526 591 656 1 2 4 6 7 8 9 11 12 13
1 4 77 156 223 271 331 401 459 499 562 617 6 9 12 14 17 19 23 24 26 26
1 5 67 143 206 279 353 416 478 547 612 672 2 2 4 7 9 10 11 13 15 17
1 6 73 157 225 317 384 433 484 541 603 661 2 5 9 10 16 17 17 21 23 25
1 7 93 147 206 274 339 413 462 513 572 637 1 1 4 7 11 13 13 13 15 15
1 8 67 149 206 272 328 370 423 488 552 608 2 2 3 4 9 11 11 11 13 16
1 9 82 167 235 287 354 418 478 563 629 708 1 3 5 5 9 12 14 18 21 21
1 10 74 144 219 285 350 421 492 573 629 681 3 5 6 7 9 13 15 16 19 20
2 0 65 126 189 262 334 383 461 526 591 655 2 5 5 9 14 15 17 18 19 20
2 1 65 135 187 224 287 364 418 485 548 598 4 10 11 11 11 14 17 20 22 24
2 2 58 126 186 239 316 368 409 465 544 608 0 3 3 5 11 12 15 16 20 23
2 3 71 142 215 266 323 374 421 481 546 610 2 4 5 6 6 6 9 9 13 17
2 4 61 133 202 263 319 384 452 507 566 634 2 3 3 8 9 11 13 16 19 22
2 5 65 123 182 239 294 350 391 456 513 576 5 6 7 7 8 12 13 14 15 17
2 6 75 130 193 268 329 399 461 507 557 601 0 4 8 8 9 15 17 19 19 21
2 7 74 136 201 267 316 378 418 475 543 605 3 5 6 8 10 11 13 15 20 21
2 8 69 140 231 293 360 438 482 543 591 645 4 8 11 12 12 12 12 14 17 17
2 9 65 129 189 257 305 362 417 465 529 585 3 4 7 10 11 14 14 15 18 19
2 10 80 138 220 302 349 409 464 531 584 646 1 2 3 7 9 10 11 16 18 20
3 0 79 136 186 251 314 375 430 488 550 617 1 3 4 5 8 8 8 10 11 15
3 1 76 123 174 241 313 378 446 523 557 610 0 1 2 4 6 7 7 10 11 12
3 2 67 139 195 267 335 388 450 522 560 628 5 7 13 17 19 22 24 25 27 28
3 3 70 131 213 286 357 412 493 553 612 690 6 6 11 13 17 17 18 22 22 24
3 4 65 120 182 242 298 369 426 494 537 601 1 4 8 11 12 13 14 15 15 21
3 5 57 131 223 279 341 400 472 519 574 632 5 6 7 8 9 10 12 14 15 16
3 6 69 138 211 260 327 388 459 522 589 651 1 5 7 8 8 10 12 13 14 15
3 7 67 127 196 251 326 382 444 509 580 625 5 6 8 13 14 18 20 22 23 23
3 8 68 137 204 289 358 440 513 579 624 687 1 6 9 9 12 14 19 22 24 25
3 9 69 141 175 244 308 384 432 496 569 638 3 4 8 11 13 15 16 18 18 18
3 10 75 154 225 278 340 387 452 519 581 617 3 10 13 16 19 21 25 26 26 26
4 0 75 136 176 254 329 395 451 528 586 646 4 6 6 6 7 10 11 14 17 20
4 1 67 123 199 266 322 385 444 527 585 630 4 6 7 7 8 11 11 13 14 15
4 2 76 128 187 251 306 374 445 495 570 630 0 2 6 8 11 12 14 16 19 21
4 3 64 133 203 261 325 382 475 521 589 635 3 5 5 8 12 13 14 14 16 19
4 4 67 123 179 239 287 346 382 444 498 555 5 7 8 12 13 15 17 22 24 26
4 5 72 137 183 233 310 378 439 479 528 579 7 8 8 8 10 13 14 19 19 21
4 6 63 123 180 228 299 363 419 485 546 598 4 7 10 11 13 14 16 18 21 25
4 7 87 159 224 292 344 393 449 531 589 642 6 7 9 10 11 12 13 13 16 16
4 8 57 136 189 247 309 362 439 494 562 618 4 6 6 7 8 10 14 17 19 23
4 9 52 112 179 252 312 393 447 491 549 591 2 3 5 6 8 11 13 14 15 15
4 10 71 108 158 216 262 306 345 392 430 479 3 5 6 8 8 10 11 11 13 14
5 0 61 113 176 240 304 376 449 500 581 639 2 3 3 4 4 8 10 13 16 18
5 1 64 125 201 257 329 388 452 508 580 647 2 5 6 6 6 8 10 12 12 15
5 2 75 133 202 278 337 392 443 502 564 624 4 5 12 16 20 22 26 26 28 29
5 3 83 154 235 301 367 422 487 541 605 667 2 3 4 6 11 13 15 16 19 19
5 4 70 120 183 247 301 360 401 480 553 611 2 6 9 11 12 12 13 18 19 20
5 5 77 133 191 253 313 361 405 455 508 565 6 10 11 15 18 19 21 21 21 21
5 6 69 143 189 276 331 411 476 528 572 622 1 5 5 8 10 10 10 12 13 14
5 7 70 149 217 281 353 416 471 513 566 616 2 4 9 12 14 16 19 20 24 25
5 8 71 148 216 282 348 421 485 551 620 661 2 5 9 11 14 17 18 21 22 24
5 9 77 147 216 265 319 381 441 512 568 634 2 7 9 11 12 12 14 15 15 15
5 10 82 163 222 296 332 396 421 482 513 551 5 5 7 7 9 11 12 14 14 14
6 0 88 136 212 268 339 397 448 499 556 599 4 4 5 6 7 7 7 7 9 10
6 1 61 124 201 279 334 379 437 507 587 659 4 7 8 10 12 13 17 21 23 25
6 2 75 152 221 286 359 414 467 522 565 627 4 7 11 14 14 14 15 17 17 18
6 3 65 124 197 273 341 414 477 532 598 660 6 7 9 11 12 12 14 15 16 16
6 4 57 127 183 243 320 388 446 505 559 614 4 7 8 11 12 15 18 24 25 26
6 5 69 124 177 228 285 340 391 455 499 538 1 3 5 5 6 9 10 13 14 15
6 6 55 119 185 252 309 352 421 469 526 566 1 4 5 6 7 9 11 15 15 15
6 7 74 130 189 274 336 406 458 531 583 635 3 5 5 9 10 11 12 15 16 21
6 8 65 146 220 276 340 383 444 505 554 621 2 7 11 11 13 16 18 21 21 22
6 9 80 131 186 242 286 338 397 468 524 586 1 2 4 4 5 5 6 9 9 10
6 10 64 117 181 245 302 364 422 478 524 568 6 9 10 11 12 13 13 14 15 17
7 0 51 123 191 253 308 380 436 503 565 627 2 6 8 9 11 14 14 18 19 19
7 1 59 126 203 273 333 400 453 512 564 613 4 6 9 10 12 14 17 20 22 23
7 2 77 161 232 302 377 428 482 526 588 633 2 3 4 5 5 5 6 6 8 9
7 3 69 144 186 247 310 381 443 494 557 609 4 5 5 9 12 13 14 16 17 20
7 4 69 140 213 282 347 413 476 544 601 655 1 3 3 6 6 9 10 12 12 17
7 5 78 146 219 294 354 400 480 544 595 650 4 8 8 9 10 10 13 15 18 21
7 6 84 151 212 276 336 396 462 524 574 643 3 7 9 11 11 12 15 16 18 21
7 7 83 150 209 264 315 388 439 509 574 633 4 7 8 9 11 13 14 16 22 24
7 8 72 149 200 247 291 357 419 469 522 591 5 8 10 12 14 16 17 18 22 23
7 9 70 133 190 236 299 369 440 503 557 604 3 3 5 6 11 13 16 19 19 23
7 10 66 127 187 242 318 372 396 457 495 535 3 3 6 6 8 10 13 16 16 19
8 0 74 133 189 242 312 389 472 556 604 664 6 14 16 16 17 18 21 24 24 26
8 1 57 123 179 233 280 354 428 466 536 607 9 13 15 18 18 19 22 26 26 28
8 2 60 136 184 235 314 370 419 476 525 578 3 5 7 8 12 14 18 23 23 24
8 3 80 130 193 268 320 373 435 486 543 596 6 7 7 10 10 13 16 16 18 20
8 4 73 141 192 255 299 370 432 494 547 597 2 7 10 12 12 15 17 19 23 28
8 5 62 122 195 253 327 394 453 511 564 623 3 4 6 7 13 14 18 21 22 24
8 6 78 143 199 255 304 356 416 475 537 575 2 2 4 8 9 10 11 12 15 15
8 7 87 147 213 271 332 368 427 487 520 561 2 3 8 10 10 10 15 16 17 17
8 8 74 134 181 248 316 384 435 507 580 625 3 6 6 9 9 14 16 17 18 21
8 9 60 110 174 250 306 374 427 484 546 592 3 4 6 10 10 10 11 13 14 14
8 10 49 96 158 205 264 325 373 432 471 524 4 6 7 8 8 8 9 9 9 10
9 0 78 137 195 265 317 387 450 514 582 646 1 4 9 12 13 15 16 20 24 24
9 1 66 127 196 260 323 391 470 526 586 652 3 8 12 13 17 20 24 26 28 31
9 2 73 150 212 269 325 367 416 464 513 571 3 6 8 13 13 15 18 20 21 21
9 3 60 106 165 213 285 341 392 437 494 547 2 3 6 8 9 9 9 10 13 17
9 4 80 137 194 248 302 374 443 504 553 611 3 4 5 8 11 14 15 15 16 17
9 5 76 128 181 265 342 402 456 507 563 618 2 5 6 6 12 15 16 18 21 23
9 6 82 150 200 239 305 382 442 504 574 624 3 4 5 6 8 11 11 13 13 15
9 7 60 125 181 242 297 370 412 463 516 568 4 4 5 9 9 11 11 12 15 17
9 8 74 143 210 259 314 369 423 471 533 593 6 10 10 13 13 16 18 19 21 22
9 9 72 129 180 254 329 381 436 478 525 589 2 7 10 13 13 13 15 15 16 17
9 10 80 140 196 279 325 395 452 497 548 604 2 6 6 8 8 9 12 14 16 16
10 0 90 164 234 291 357 416 498 563 619 666 4 6 10 13 15 17 21 22 26 27
10 1 76 133 194 242 300 357 416 474 540 595 2 5 7 7 7 7 7 10 10 11
10 2 61 111 167 233 292 347 407 472 515 579 1 2 6 6 8 11 12 12 16 18
10 3 81 135 203 279 344 428 492 551 609 649 4 5 8 11 13 15 15 16 17 19
10 4 78 134 203 268 322 376 442 487 553 598 2 4 6 6 8 10 10 12 13 14
10 5 76 141 201 277 322 358 417 466 537 587 3 4 5 5 7 11 11 11 13 13
10 6 70 143 207 279 343 409 459 529 578 616 2 3 3 7 10 10 11 12 12 13
10 7 68 116 169 233 289 334 392 453 522 564 9 11 12 15 18 19 22 23 25 25
10 8 80 142 198 253 312 382 428 492 545 593 2 4 5 8 8 9 9 10 14 17
10 9 63 114 170 234 293 339 378 434 485 548 1 2 3 3 4 4 5 7 10 10
10 10 60 121 169 239 290 345 403 455 499 560 1 3 4 6 7 8 10 14 14 14