0 0 63 129 194 245 307 375 444 498 550 605 5 6 8 14 17 19 24 25 27 28
0 1 69 123 197 268 331 401 465 536 604 670 2 3 5 5 8 9 11 13 15 18
0 2 70 127 187 244 328 400 470 534 600 671 5 6 13 16 18 19 23 25 25 25
0 3 85 150 220 300 356 439 497 546 618 700 1 4 5 8 9 13 15 18 23 26
0 4 70 135 198 264 339 408 479 540 597 655 5 5 7 11 13 15 15 19 23 23
0 5 79 154 206 284 354 423 490 546 611 663 2 5 9 12 16 18 19 20 23 24
0 6 63 124 197 266 339 407 471 551 601 656 2 3 5 9 13 16 19 19 22 23
0 7 70 131 196 257 312 367 418 482 562 618 1 4 5 5 9 11 15 16 18 20
0 8 67 116 189 247 302 358 422 483 545 594 5 8 12 14 16 19 21 22 25 28
0 9 73 149 224 272 336 419 482 542 621 688 2 4 4 9 11 13 15 16 18 18
0 10 71 131 171 230 285 352 425 498 555 619 1 2 3 8 10 10 14 16 19 26
1 0 72 135 205 261 335 391 444 509 583 647 3 5 7 8 10 12 14 17 17 18
1 1 84 126 181 239 301 359 422 497 551 609 4 6 7 9 9 12 16 20 20 21
1 2 69 127 190 254 323 396 459 503 563 616 2 3 6 6 9 9 11 11 13 15
1 3 68 136 194 250 315 377 427 480 522 580 0 1 2 3 4 6 7 9 10 14
1 4 61 121 180 246 299 355 405 464 529 577 2 3 5 7 7 7 7 8 8 11
1 5 60 128 196 268 319 382 459 530 597 645 3 6 10 10 12 12 12 14 17 18
1 6 67 125 198 262 321 383 430 483 562 629 5 6 8 11 12 13 14 14 15 15
1 7 74 145 208 289 337 396 479 531 592 645 2 7 8 8 8 11 12 14 19 20
1 8 90 163 219 285 342 401 450 497 561 623 4 6 7 8 10 11 14 14 15 16
1 9 81 141 200 258 316 361 438 494 558 618 4 6 8 13 15 16 17 19 19 23
1 10 87 159 206 266 323 360 420 480 544 603 4 8 9 9 10 13 16 18 20 22
2 0 64 121 178 241 301 370 445 502 555 606 6 8 10 13 14 17 22 23 24 24
2 1 82 154 209 274 340 420 489 536 585 645 3 4 6 6 8 10 11 13 15 18
2 2 67 127 185 251 297 341 416 458 523 588 2 7 8 10 12 13 15 19 23 25
2 3 84 159 227 295 362 406 468 533 588 640 6 8 9 11 13 16 17 19 19 21
2 4 62 127 204 269 338 393 458 520 584 646 7 9 14 19 23 24 25 26 29 32
2 5 67 131 198 251 312 377 450 519 571 635 4 6 7 7 8 9 9 11 11 15
2 6 72 136 179 232 274 343 395 430 475 531 4 6 9 10 10 12 15 17 17 22
2 7 74 137 205 257 322 368 425 486 526 581 2 8 9 12 14 14 16 16 16 19
2 8 74 139 199 256 304 366 412 472 538 601 4 8 11 13 15 16 17 17 20 21
2 9 72 138 207 267 317 359 415 481 540 590 0 3 8 9 9 11 11 14 16 18
2 10 68 119 168 224 296 377 433 488 569 622 1 2 2 4 7 13 14 17 17 17
3 0 77 135 202 273 352 410 482 546 602 660 2 4 5 8 9 10 14 18 19 24
3 1 72 135 192 250 320 389 464 517 574 623 2 3 3 9 12 12 15 15 17 17
3 2 85 153 219 296 356 410 455 516 581 640 3 8 9 9 10 12 15 15 19 20
3 3 64 123 206 276 337 402 463 510 574 636 5 7 11 15 17 18 19 20 21 27
3 4 61 127 175 246 309 363 419 476 531 581 2 3 3 6 7 10 11 13 16 18
3 5 76 146 223 291 351 416 474 542 598 661 2 3 6 7 7 10 10 13 15 18
3 6 60 118 164 217 253 316 371 453 517 572 5 7 8 10 10 10 11 13 15 16
3 7 64 127 176 219 284 357 420 474 547 619 5 6 7 12 13 15 17 19 19 21
3 8 86 147 219 271 350 405 463 521 579 638 2 4 6 9 11 12 12 12 12 13
3 9 70 139 210 251 299 358 417 475 531 583 4 5 9 9 12 13 14 14 17 19
3 10 72 151 220 288 345 419 473 512 559 617 3 6 8 11 14 16 17 18 21 23
4 0 53 117 171 233 287 353 427 492 543 618 2 2 2 2 3 7 9 9 12 14
4 1 76 142 212 260 308 371 437 502 558 620 4 4 7 9 11 14 14 16 18 20
4 2 79 151 207 252 328 389 434 504 563 635 4 8 8 8 9 10 11 11 12 14
4 3 71 156 235 283 333 399 462 525 580 633 1 3 5 5 7 8 9 14 14 15
4 4 76 144 193 250 310 371 436 500 553 617 4 5 5 7 8 11 19 20 22 23
4 5 68 132 191 242 288 354 409 455 519 601 1 3 4 4 5 6 8 8 9 10
4 6 75 125 185 260 322 373 429 485 539 589 4 8 12 12 14 17 21 24 26 28
4 7 80 123 158 221 282 357 397 457 532 590 5 5 6 6 6 8 9 10 11 14
4 8 62 126 187 242 308 377 428 482 524 574 3 4 6 8 8 8 9 9 9 11
4 9 78 144 194 250 299 352 403 464 528 589 2 4 6 7 8 10 10 10 12 12
4 10 65 124 191 242 288 339 396 451 487 553 3 6 7 11 13 15 15 15 15 18
5 0 77 142 217 282 328 397 455 520 583 641 3 7 9 11 14 15 16 20 24 26
5 1 65 114 190 258 340 413 455 509 576 654 1 4 5 8 9 10 10 12 13 14
5 2 69 137 198 255 301 367 427 497 564 651 1 3 4 7 8 10 11 11 12 13
5 3 78 152 203 269 327 386 442 503 564 629 2 4 5 7 10 11 11 12 17 19
5 4 69 123 188 253 304 366 420 483 556 620 3 4 8 10 11 15 15 16 16 17
5 5 86 153 210 265 324 401 460 513 577 647 4 8 8 9 11 13 17 18 22 27
5 6 80 131 210 268 321 385 432 508 559 617 5 5 8 12 14 18 19 20 25 25
5 7 72 142 196 252 335 401 470 518 580 620 5 7 7 10 12 12 16 17 18 22
5 8 76 137 206 273 334 381 444 508 579 647 4 6 11 12 13 14 16 20 23 24
5 9 51 111 180 249 319 386 441 493 542 605 2 6 6 8 10 13 15 17 17 20
5 10 59 127 181 238 313 363 439 499 543 575 5 10 11 16 17 18 18 18 18 18
6 0 66 130 211 276 330 383 429 486 542 610 5 8 9 11 13 15 17 19 22 27
6 1 65 123 181 242 306 366 431 501 580 654 2 2 5 5 6 7 7 8 8 9
6 2 72 124 207 273 343 425 490 568 615 682 5 7 10 11 13 13 15 19 21 25
6 3 80 164 238 297 353 395 469 532 580 648 5 6 11 11 12 15 18 19 22 26
6 4 82 157 212 256 300 351 408 470 544 618 1 1 1 3 3 6 10 11 12 14
6 5 50 116 172 244 290 338 397 455 501 560 2 4 6 8 10 12 14 18 19 22
6 6 64 118 162 213 296 356 431 499 589 653 3 4 7 11 12 14 17 18 19 19
6 7 61 137 192 250 303 360 403 457 509 570 2 4 5 6 9 10 11 14 15 18
6 8 49 125 181 229 275 326 390 447 498 557 2 4 6 7 9 10 10 11 12 12
6 9 68 127 183 239 284 349 414 461 520 568 5 7 9 12 13 14 16 16 16 17
6 10 55 110 177 236 292 360 414 474 524 593 2 4 6 6 6 6 8 11 11 11
7 0 64 123 184 227 296 360 438 485 567 616 2 3 6 7 8 12 15 16 18 19
7 1 69 148 232 284 341 395 446 513 581 627 1 1 3 4 8 9 10 13 14 16
7 2 63 138 194 259 311 364 421 482 540 587 3 4 6 8 10 11 13 17 18 19
7 3 57 121 184 252 321 384 467 533 600 648 3 5 7 9 11 13 17 20 21 23
7 4 72 151 224 268 327 394 444 519 580 658 4 7 7 11 13 13 14 15 17 19
7 5 63 142 203 279 341 394 460 531 574 618 2 5 7 9 10 11 11 16 18 21
7 6 68 120 196 246 318 384 444 482 536 599 2 3 3 4 9 12 16 17 18 20
7 7 75 118 176 233 290 356 423 475 532 592 4 4 4 4 6 7 9 9 9 12
7 8 75 141 201 256 307 365 432 474 529 570 4 5 7 7 12 12 17 17 18 20
7 9 50 113 161 229 298 363 416 476 525 596 6 10 10 11 12 12 13 16 17 17
7 10 63 114 159 202 251 303 377 425 467 530 3 4 6 8 11 12 12 13 14 15
8 0 75 151 215 280 345 422 459 533 603 663 4 9 11 14 17 21 26 30 34 38
8 1 77 135 202 262 340 382 446 503 558 624 3 3 3 3 4 6 8 10 11 11
8 2 57 129 188 254 313 377 426 480 530 592 1 4 4 9 12 14 15 19 22 22
8 3 74 144 204 273 324 394 446 510 562 618 2 7 9 12 15 19 20 20 22 23
8 4 62 127 196 247 298 367 420 464 525 593 4 9 9 10 15 18 21 21 26 31
8 5 72 122 189 264 334 409 452 513 572 651 5 8 9 11 13 15 16 16 20 22
8 6 74 138 195 260 303 367 425 480 546 597 4 6 8 9 10 11 11 11 13 15
8 7 57 105 170 251 320 376 424 472 530 579 0 3 7 11 14 16 17 19 21 21
8 8 79 142 195 257 312 373 421 475 536 585 4 8 9 11 12 15 16 19 20 20
8 9 85 135 184 234 287 333 377 458 498 554 3 5 6 6 7 7 8 10 11 11
8 10 59 133 201 255 315 373 420 488 553 603 1 2 4 5 8 8 9 10 12 14
9 0 53 107 164 243 290 341 398 466 524 600 2 5 6 9 15 16 17 19 19 23
9 1 80 139 188 251 323 394 443 503 566 635 3 7 8 10 14 16 20 25 25 29
9 2 70 124 159 217 283 358 405 466 539 597 0 2 3 4 7 11 11 15 17 19
9 3 72 134 181 239 305 369 435 489 540 605 0 1 1 4 7 9 10 10 12 12
9 4 68 138 192 252 317 376 421 465 528 585 2 4 5 7 8 14 15 18 20 21
9 5 61 124 178 240 303 350 401 441 503 566 2 6 8 8 10 12 14 14 15 16
9 6 78 147 224 279 343 414 492 525 595 636 1 2 5 6 8 8 11 11 15 15
9 7 78 149 207 269 313 370 420 487 545 605 3 3 5 6 8 8 10 13 16 16
9 8 83 144 201 267 303 373 441 489 533 582 2 4 5 6 6 9 9 10 10 10
9 9 65 135 196 255 317 380 438 494 537 603 1 3 6 7 9 9 10 13 14 16
9 10 71 127 179 231 288 368 397 444 512 558 2 3 4 7 8 9 10 10 11 15
10 0 68 149 223 273 332 383 448 508 553 612 3 6 11 12 15 19 20 21 22 26
10 1 90 154 217 253 332 387 429 494 547 596 7 12 12 13 13 14 15 17 17 18
10 2 78 136 198 261 329 394 444 491 526 580 0 2 4 7 9 13 16 19 20 23
10 3 75 140 174 239 305 395 457 518 578 635 2 5 7 7 10 11 12 17 19 20
10 4 69 135 182 243 310 366 428 503 574 654 3 5 6 8 9 13 16 18 20 26
10 5 56 117 172 231 280 335 391 431 500 559 4 5 7 9 9 11 12 13 14 14
10 6 67 119 186 243 300 334 385 430 482 536 4 4 8 9 12 12 14 17 19 19
10 7 56 124 171 230 292 354 409 457 511 559 3 5 5 5 5 5 5 7 9 11
10 8 67 129 200 279 347 399 444 510 548 611 5 7 9 11 15 16 17 18 18 21
10 9 71 150 196 276 314 364 424 470 516 563 1 3 4 4 8 8 9 9 11 11
10 10 69 158 200 266 330 401 454 521 567 615 0 3 4 4 5 7 13 16 18 18