0 0 59 114 181 243 315 387 444 509 573 644 2 4 4 6 7 7 10 12 13 14
0 1 58 126 199 279 345 422 498 570 637 724 2 4 4 6 6 9 11 13 15 18
0 2 61 117 182 253 335 406 474 538 604 665 2 2 7 10 14 15 15 16 16 17
0 3 59 121 194 286 364 417 481 538 590 668 5 7 8 11 12 13 13 14 15 19
0 4 67 137 193 263 328 391 445 512 572 651 2 4 7 7 12 13 14 16 19 20
0 5 75 132 198 277 340 399 459 519 594 648 2 5 7 8 11 13 18 20 24 26
0 6 82 146 209 268 334 383 459 527 594 649 5 8 10 13 15 16 16 18 18 20
0 7 84 139 213 287 349 391 464 553 627 704 3 3 4 8 9 12 16 20 22 25
0 8 72 124 178 236 308 383 456 522 604 670 3 6 6 7 12 12 16 20 21 21
0 9 87 165 230 292 351 390 459 530 595 660 8 11 13 15 18 18 19 20 24 27
0 10 76 142 223 312 364 426 496 565 625 689 1 4 11 13 14 20 22 22 24 25
1 0 66 128 188 257 319 358 429 485 551 619 2 4 6 8 13 13 16 19 19 23
1 1 72 132 194 251 316 370 424 489 560 629 2 4 9 11 15 18 20 20 22 26
1 2 69 139 197 257 312 372 433 479 538 599 3 5 7 8 8 8 14 16 18 19
1 3 65 142 197 264 328 390 457 511 559 606 3 3 5 7 7 11 12 12 13 14
1 4 66 147 217 295 347 395 481 542 590 648 2 3 7 11 12 13 14 16 17 17
1 5 66 110 183 257 321 373 420 487 558 622 5 5 10 12 17 18 21 24 26 31
1 6 73 136 201 269 333 397 442 494 540 607 3 6 9 10 13 13 13 13 14 15
1 7 74 142 188 246 304 357 413 457 526 597 1 5 6 8 9 12 15 19 21 23
1 8 69 131 196 254 314 381 447 518 576 632 0 6 7 8 10 12 13 16 17 21
1 9 75 142 212 263 331 375 436 475 526 582 4 5 8 9 10 11 11 13 13 15
1 10 79 144 205 249 307 381 443 503 580 626 4 4 5 5 5 9 9 11 12 12
2 0 71 130 194 258 314 384 440 508 571 621 2 5 6 10 14 15 15 17 18 22
2 1 77 138 201 258 304 366 446 496 558 607 3 5 7 14 14 15 17 17 21 27
2 2 59 107 185 251 309 376 437 497 558 605 1 4 5 8 9 14 16 18 25 25
2 3 64 122 178 224 280 342 400 451 505 566 5 10 13 14 16 18 20 21 22 23
2 4 63 130 189 237 297 357 415 478 544 604 2 7 10 10 15 16 21 23 27 30
2 5 85 141 219 272 336 416 493 570 636 712 4 4 5 8 13 17 20 20 21 25
2 6 80 141 206 279 339 386 440 492 561 611 1 6 7 12 14 15 16 19 20 21
2 7 78 129 196 262 335 386 450 493 546 601 8 12 13 15 16 17 18 22 23 25
2 8 56 118 171 222 284 359 407 475 525 587 1 1 2 5 7 12 12 16 19 23
2 9 62 127 200 265 307 355 404 466 515 559 2 3 7 8 13 15 16 17 17 19
2 10 73 138 197 253 307 366 430 486 534 602 2 3 7 8 10 12 17 17 19 20
3 0 71 148 213 287 376 443 488 541 619 667 6 8 10 13 14 19 20 22 23 23
3 1 57 118 201 248 306 369 445 509 574 643 5 6 7 9 9 9 10 12 13 15
3 2 45 106 171 229 283 352 416 473 536 594 2 3 7 8 10 11 13 16 17 19
3 3 85 147 208 281 339 402 465 536 606 664 7 9 10 11 13 13 14 15 16 19
3 4 61 125 177 222 286 352 414 484 526 579 1 3 3 3 3 5 6 9 13 16
3 5 80 161 224 275 323 377 434 506 558 613 4 4 4 6 8 8 9 12 14 15
3 6 73 142 209 267 322 396 472 539 586 655 3 6 9 13 16 17 21 23 23 24
3 7 80 148 223 289 339 393 437 499 569 630 3 7 10 12 15 16 16 16 18 19
3 8 60 100 187 243 300 360 406 477 516 554 4 7 8 11 14 14 16 19 20 21
3 9 79 133 206 271 327 372 445 508 569 628 2 5 7 10 12 15 17 21 23 23
3 10 72 123 185 250 312 371 435 498 567 624 4 5 7 7 8 8 9 11 14 18
4 0 73 127 196 256 315 381 440 491 553 624 4 5 7 11 12 15 15 17 18 19
4 1 73 131 191 261 329 399 455 495 572 644 1 2 2 2 3 5 5 6 10 12
4 2 70 132 201 273 331 405 476 540 616 701 1 3 5 8 13 18 19 19 21 22
4 3 61 128 206 250 314 355 431 488 562 624 5 8 11 13 16 17 17 22 24 25
4 4 80 138 188 248 308 376 443 505 582 650 2 5 8 11 13 13 15 17 18 19
4 5 69 124 193 247 312 363 416 471 542 609 2 3 7 9 10 13 14 17 17 17
4 6 67 114 190 261 309 377 437 495 548 611 2 5 11 12 16 19 19 20 21 21
4 7 80 144 191 240 296 349 405 455 517 555 3 4 6 9 10 12 12 12 17 20
4 8 84 154 212 275 325 395 455 519 563 626 2 3 7 10 12 14 15 15 18 20
4 9 66 135 205 251 301 362 419 469 501 549 3 5 6 6 8 10 12 12 14 14
4 10 79 140 209 278 344 391 464 520 569 615 3 3 6 8 8 8 10 12 12 15
5 0 86 141 205 262 318 380 447 495 541 602 1 3 4 5 8 10 11 13 14 17
5 1 69 157 231 291 344 402 454 493 551 602 2 4 6 11 12 12 14 14 15 16
5 2 73 141 195 251 293 353 414 474 537 600 4 6 13 16 17 17 18 22 28 31
5 3 64 131 193 266 320 372 435 488 560 622 1 3 7 8 9 10 12 14 18 20
5 4 61 121 185 249 325 371 433 488 554 616 1 5 6 10 12 12 12 14 15 15
5 5 67 142 210 263 315 373 421 471 515 557 4 5 7 8 10 11 11 18 22 24
5 6 68 137 206 246 318 378 429 496 569 619 3 6 9 13 18 20 20 21 26 27
5 7 39 115 195 248 310 364 437 485 542 617 1 5 6 7 7 9 12 14 14 15
5 8 74 137 207 261 326 368 424 485 560 608 0 4 6 7 9 12 15 15 16 17
5 9 79 146 199 242 310 351 405 466 529 591 2 6 9 10 11 14 17 18 19 19
5 10 70 117 175 228 274 323 383 437 495 536 1 1 6 9 12 14 19 20 21 22
6 0 73 140 209 272 325 377 444 489 557 613 0 2 2 3 3 5 6 8 11 13
6 1 81 140 211 278 346 419 464 549 618 681 3 7 8 8 8 13 16 19 23 26
6 2 69 138 209 254 327 388 458 533 600 663 4 5 7 8 12 13 14 16 17 19
6 3 79 149 226 276 346 408 468 544 609 691 4 6 7 9 10 13 14 16 19 19
6 4 65 121 188 249 322 394 456 511 589 636 4 9 13 14 14 17 20 20 21 21
6 5 74 143 206 275 339 395 464 513 583 644 4 12 16 23 25 27 27 28 29 31
6 6 59 141 219 288 358 404 465 532 597 642 0 3 6 8 10 10 12 17 17 18
6 7 77 136 198 234 287 350 420 460 514 570 2 7 7 7 9 11 12 13 13 15
6 8 72 129 193 247 298 387 441 494 530 584 3 4 6 7 9 10 12 12 13 16
6 9 72 121 182 233 291 357 398 468 505 550 3 7 7 8 8 11 12 12 12 12
6 10 70 122 164 232 298 346 400 455 518 592 6 7 11 14 15 15 16 17 19 20
7 0 59 124 201 279 352 416 481 550 612 664 2 5 8 13 15 20 24 24 25 25
7 1 67 142 223 288 349 425 480 533 593 672 4 4 8 10 10 13 15 20 24 28
7 2 85 147 224 292 345 403 455 524 586 652 2 5 6 12 16 16 17 18 18 19
7 3 72 149 222 290 354 431 492 562 625 701 4 5 8 8 9 10 12 15 18 19
7 4 64 135 186 256 322 382 435 493 571 629 3 4 8 9 13 15 17 19 19 20
7 5 87 145 204 255 314 389 438 485 541 601 7 10 11 12 13 13 16 17 17 21
7 6 68 126 174 232 285 341 417 463 538 585 3 4 5 7 10 10 14 14 19 23
7 7 62 131 202 264 346 393 461 540 593 627 5 6 6 9 10 10 12 12 16 16
7 8 70 134 193 254 319 365 419 473 515 554 2 5 7 9 11 11 14 16 18 19
7 9 57 107 189 262 324 383 419 453 513 568 5 6 9 11 14 15 15 15 17 20
7 10 85 138 195 232 294 350 410 474 528 586 2 3 5 6 10 12 12 13 16 18
8 0 65 142 199 273 335 397 451 524 588 651 3 5 6 7 11 17 20 21 25 26
8 1 67 131 196 265 323 395 466 526 583 657 0 1 4 7 9 11 12 13 14 16
8 2 72 150 209 260 319 378 429 490 555 619 5 9 9 9 11 12 14 15 15 19
8 3 79 144 217 300 348 425 478 532 592 662 1 2 5 6 6 9 9 12 14 17
8 4 61 134 183 240 304 361 418 488 555 623 0 2 3 3 5 7 10 12 15 17
8 5 73 143 199 244 291 354 392 441 498 559 4 9 12 12 12 15 16 17 18 19
8 6 59 119 172 241 287 344 403 461 510 564 2 4 6 8 12 13 15 16 17 20
8 7 60 126 195 256 327 379 423 485 534 576 1 1 3 3 5 8 10 11 12 12
8 8 70 138 200 284 328 395 450 493 546 597 3 9 9 12 16 19 20 20 22 23
8 9 71 128 179 230 283 338 399 470 524 597 1 6 6 6 7 8 9 9 12 14
8 10 55 121 160 235 275 322 386 422 471 531 2 3 5 7 7 7 7 9 11 12
9 0 64 129 201 269 322 378 443 499 566 640 4 7 15 18 19 22 25 27 30 32
9 1 97 134 205 265 316 383 453 509 582 640 4 4 7 10 11 15 16 18 19 20
9 2 90 142 182 261 322 382 437 492 565 615 1 2 3 4 5 8 10 11 13 15
9 3 81 152 209 258 313 376 433 490 562 608 2 5 6 7 10 11 12 16 20 24
9 4 97 164 217 285 340 394 469 525 585 649 3 6 8 9 10 11 13 15 15 15
9 5 66 145 213 289 361 431 491 545 604 660 4 6 12 15 16 18 19 21 22 22
9 6 48 104 163 223 290 335 400 451 519 567 3 5 11 12 12 15 17 19 19 19
9 7 85 145 199 263 326 389 421 471 540 582 5 6 7 8 10 13 13 16 23 25
9 8 81 141 189 262 320 362 414 463 526 564 5 7 9 10 10 10 12 13 16 17
9 9 58 100 143 187 250 314 368 419 482 539 3 3 5 5 8 12 13 15 17 19
9 10 68 143 198 265 328 368 435 488 536 580 3 4 6 8 9 9 12 13 13 13
10 0 78 122 190 240 297 357 420 487 567 623 4 5 10 11 13 16 18 19 22 27
10 1 75 146 200 281 325 380 425 485 540 615 4 7 8 10 10 12 15 17 20 22
10 2 69 133 190 263 318 371 434 487 576 633 1 2 5 6 9 9 13 18 19 21
10 3 82 149 220 270 342 406 456 506 562 621 5 9 11 13 16 19 22 26 28 28
10 4 70 136 189 264 322 382 435 494 562 618 6 9 11 16 19 23 26 26 27 30
10 5 52 114 198 270 342 401 471 543 590 656 5 10 12 15 16 16 18 19 19 20
10 6 49 131 181 251 300 359 426 495 537 582 4 7 13 15 15 18 19 21 21 22
10 7 53 114 167 229 268 328 380 433 471 526 1 3 4 5 6 7 7 9 9 10
10 8 56 106 153 208 252 303 340 397 455 536 2 4 5 5 5 6 7 8 11 15
10 9 68 126 172 233 283 353 399 456 520 581 3 5 6 7 8 10 12 12 15 16
10 10 59 109 169 229 285 350 424 481 532 578 6 6 8 9 9 11 15 15 16 17