0 0 73 137 210 286 336 390 463 523 597 665 2 5 7 9 15 19 22 25 29 29
0 1 78 126 186 249 327 395 476 551 600 685 5 7 9 10 15 18 21 23 24 25
0 2 72 132 200 254 323 379 451 508 567 628 1 3 4 4 7 9 10 13 14 19
0 3 78 140 184 249 303 363 448 516 586 649 3 3 4 5 6 7 10 12 15 16
0 4 75 136 188 233 306 354 405 461 534 609 3 4 8 9 11 12 15 17 19 19
0 5 81 128 198 263 330 398 458 525 583 651 4 6 9 11 13 16 20 23 23 24
0 6 54 121 198 244 293 365 434 510 574 644 0 0 1 3 9 9 9 15 15 16
0 7 76 136 203 274 349 406 463 510 576 643 0 1 4 9 11 11 13 13 14 14
0 8 75 132 200 258 331 397 468 526 591 628 3 5 9 9 11 14 14 16 20 22
0 9 70 128 196 236 296 363 424 492 534 590 5 6 8 8 11 12 14 15 18 19
0 10 61 122 201 264 332 389 460 534 600 666 4 7 7 8 10 12 17 24 29 34
1 0 67 131 197 245 297 344 395 450 492 543 4 5 8 8 11 13 15 19 23 25
1 1 83 152 217 288 348 417 479 544 583 637 1 5 7 9 13 15 17 18 19 20
1 2 58 121 199 269 326 395 448 509 558 617 2 2 2 6 10 12 12 12 13 15
1 3 62 133 205 276 339 380 454 532 588 665 3 6 8 11 12 15 15 17 18 21
1 4 69 145 203 266 325 386 456 515 586 639 6 10 14 16 16 17 19 21 23 24
1 5 77 125 186 259 320 380 448 492 571 620 5 7 8 10 14 16 18 18 19 24
1 6 74 135 190 248 307 367 432 495 560 621 2 5 7 8 10 12 15 15 19 22
1 7 85 144 198 293 356 427 500 543 605 662 2 3 4 6 8 12 13 15 16 18
1 8 76 139 180 228 285 328 380 440 504 559 5 6 6 6 10 13 16 16 18 20
1 9 76 126 208 264 301 373 438 497 563 624 3 8 9 11 11 18 19 21 21 23
1 10 80 154 207 276 335 393 457 516 582 650 3 7 7 11 12 13 16 19 21 22
2 0 83 126 187 239 304 379 437 526 589 653 5 6 11 13 16 19 21 29 31 31
2 1 74 143 220 295 352 410 477 539 604 662 3 4 6 7 8 8 12 15 18 20
2 2 68 127 202 262 310 376 435 494 534 606 3 3 4 5 8 12 12 15 19 21
2 3 64 146 214 271 346 408 474 537 599 667 2 5 9 12 15 19 20 23 25 25
2 4 85 160 216 282 332 404 462 524 588 649 1 2 4 4 5 10 11 15 16 18
2 5 85 155 244 307 374 427 497 558 622 693 2 2 3 5 7 12 14 14 18 21
2 6 67 124 184 243 303 373 424 491 554 614 1 6 6 8 10 13 13 13 16 16
2 7 66 134 188 256 318 387 442 498 554 616 6 6 9 11 12 13 16 17 20 21
2 8 77 151 222 259 305 360 423 468 539 588 5 6 7 9 12 16 18 18 20 22
2 9 77 146 224 282 359 443 510 573 629 692 0 4 7 9 13 14 17 18 19 20
2 10 69 128 177 218 272 320 370 437 509 561 4 5 7 11 14 17 18 20 20 22
3 0 80 158 226 284 346 403 463 537 607 674 5 8 12 12 15 18 19 21 25 27
3 1 76 125 189 263 320 361 418 483 554 615 4 8 11 12 14 16 17 18 19 29
3 2 70 128 192 237 298 354 413 469 530 583 5 6 9 11 12 15 20 22 23 24
3 3 62 136 197 250 302 360 422 485 555 607 1 4 9 13 13 14 18 20 20 20
3 4 63 122 173 243 286 344 402 464 526 571 2 5 11 15 15 20 24 26 29 30
3 5 75 147 200 264 326 397 464 517 572 621 3 6 8 12 12 13 15 19 19 21
3 6 77 136 200 270 321 399 450 510 556 611 3 4 7 9 11 13 17 19 21 21
3 7 76 139 216 292 331 385 450 504 566 617 2 5 8 11 12 16 18 20 23 25
3 8 65 132 209 276 339 412 456 499 572 630 2 3 4 9 11 13 13 15 17 17
3 9 63 122 185 244 315 358 410 487 535 603 1 4 6 6 8 9 13 13 14 16
3 10 84 131 188 237 283 331 368 427 480 554 3 5 7 7 10 10 10 11 12 13
4 0 66 127 205 263 320 379 445 522 593 669 3 4 8 9 12 16 17 17 20 23
4 1 76 136 198 238 301 348 406 470 545 603 5 6 8 11 11 13 14 18 18 20
4 2 62 120 184 237 296 361 443 501 568 643 3 5 5 5 8 10 13 17 17 21
4 3 83 137 212 276 332 393 446 493 558 603 1 2 2 3 7 9 9 12 12 13
4 4 68 142 190 225 279 329 386 445 495 550 2 3 5 7 7 8 9 11 13 14
4 5 87 148 218 287 328 378 444 507 574 635 5 5 6 11 16 17 18 21 22 24
4 6 74 137 202 262 308 359 407 467 498 550 4 5 6 9 10 11 12 13 14 16
4 7 81 132 196 265 329 388 448 488 555 617 1 5 5 7 9 11 11 13 16 18
4 8 64 138 196 258 321 376 422 490 545 599 4 7 9 13 18 20 24 27 29 29
4 9 70 152 220 274 321 381 434 496 561 622 3 4 6 8 8 9 11 11 13 13
4 10 66 127 190 244 323 386 436 483 537 591 1 4 6 6 6 7 7 13 13 15
5 0 63 127 192 248 301 358 425 479 556 610 5 7 9 10 12 14 17 18 20 21
5 1 84 164 238 305 374 429 481 548 607 664 5 7 12 16 17 20 22 25 26 27
5 2 84 146 217 289 373 437 480 557 604 682 2 2 2 4 6 6 6 9 9 9
5 3 85 175 244 296 354 413 461 526 604 649 4 6 8 8 11 13 13 14 15 18
5 4 67 134 200 261 312 373 437 484 544 595 3 5 6 8 10 15 18 20 22 23
5 5 76 135 211 268 330 394 439 495 546 596 2 3 5 7 10 14 17 19 22 25
5 6 49 108 161 225 274 325 384 454 525 583 2 3 3 4 7 8 10 10 11 14
5 7 63 118 198 263 314 365 430 484 553 592 2 3 5 7 10 13 16 17 18 18
5 8 75 159 220 275 338 401 458 539 606 673 4 5 8 11 12 12 14 16 17 18
5 9 54 122 185 245 297 342 393 429 494 544 2 4 4 5 5 5 6 8 11 14
5 10 67 114 165 231 304 349 405 466 536 602 1 3 3 5 7 7 9 10 12 14
6 0 80 149 204 259 312 370 441 509 574 631 2 5 5 6 8 8 11 12 14 19
6 1 87 150 204 271 318 396 447 507 586 658 1 1 2 3 3 5 5 5 10 10
6 2 73 148 207 275 345 416 491 562 629 679 5 6 7 9 12 13 17 20 21 28
6 3 67 130 201 254 313 373 434 492 534 591 1 2 4 4 10 10 13 16 17 19
6 4 75 156 227 300 350 418 480 544 601 667 4 8 10 13 14 17 20 21 26 31
6 5 73 148 199 232 299 359 421 470 531 586 4 7 10 13 14 18 18 18 19 21
6 6 78 140 211 253 301 359 417 468 525 568 1 4 8 10 10 14 15 15 15 16
6 7 73 138 193 260 319 377 442 469 530 579 1 1 2 5 6 8 12 13 14 16
6 8 53 105 165 233 302 347 421 481 541 591 3 5 7 8 9 11 14 15 16 18
6 9 62 123 187 238 297 369 429 492 533 582 2 4 4 6 8 9 9 9 10 12
6 10 63 121 163 202 263 338 388 437 500 566 0 3 5 5 9 11 13 13 16 17
7 0 77 134 199 261 328 390 451 518 585 643 4 5 5 7 9 15 17 17 19 21
7 1 64 128 189 249 328 383 420 466 539 591 3 6 7 10 13 16 19 20 21 23
7 2 72 155 228 299 370 426 492 555 612 670 4 5 7 9 10 10 12 15 18 21
7 3 74 148 214 281 329 399 458 509 577 650 1 7 11 14 17 17 19 20 23 24
7 4 89 148 213 292 346 416 473 553 601 655 2 4 5 6 7 8 12 19 24 26
7 5 71 128 203 244 318 373 430 496 547 609 2 3 6 7 9 10 11 11 11 13
7 6 76 142 198 261 330 396 465 517 579 635 4 6 9 11 12 16 16 17 20 23
7 7 61 126 176 240 292 361 407 467 501 566 3 3 3 6 6 8 10 10 12 15
7 8 61 104 167 232 276 344 405 478 548 596 2 2 4 5 5 5 5 5 5 5
7 9 65 145 196 263 317 375 429 484 554 615 1 4 5 6 8 9 9 9 11 12
7 10 60 116 173 229 297 366 431 485 530 583 3 5 8 10 12 15 17 17 18 20
8 0 83 141 201 271 330 406 469 542 619 674 4 7 7 8 10 12 12 13 16 18
8 1 91 147 213 266 333 399 464 519 579 635 8 11 13 14 16 18 20 22 23 24
8 2 63 135 211 266 310 357 420 479 540 605 2 4 8 10 11 11 12 14 16 18
8 3 73 142 196 253 312 377 436 496 570 634 4 6 8 9 12 12 13 16 21 25
8 4 74 140 206 261 300 364 421 474 526 611 3 4 4 7 10 11 13 15 16 20
8 5 65 134 192 250 304 361 430 503 569 628 2 3 4 6 8 11 13 14 16 16
8 6 85 159 217 270 317 366 433 477 545 604 4 5 6 8 8 10 12 12 15 18
8 7 84 153 233 308 371 420 483 527 590 636 3 9 9 13 17 18 21 23 23 27
8 8 64 119 162 223 290 374 439 485 546 595 3 7 8 8 10 11 14 20 23 24
8 9 67 143 194 259 314 366 399 455 517 581 3 6 7 7 7 10 10 10 10 12
8 10 75 143 201 262 322 379 430 485 559 617 1 4 5 6 9 9 12 14 16 16
9 0 66 129 187 255 332 393 461 532 579 643 1 1 3 6 10 11 11 16 18 18
9 1 59 110 147 222 282 351 406 475 542 598 4 4 5 9 10 12 14 14 17 17
9 2 77 134 195 258 307 375 438 491 564 615 5 7 7 8 11 14 16 17 18 19
9 3 58 134 200 249 315 390 436 496 559 614 5 6 8 11 16 16 17 18 20 21
9 4 71 147 210 264 326 393 464 514 582 636 0 2 4 4 5 5 5 6 8 9
9 5 74 126 182 250 331 395 442 497 545 584 2 4 6 13 15 16 17 18 19 20
9 6 81 138 185 250 310 362 428 483 541 585 4 5 6 8 9 11 12 13 14 16
9 7 74 116 178 214 272 322 383 429 461 509 2 4 5 7 9 10 11 11 11 12
9 8 85 150 205 269 322 398 448 499 562 613 1 2 3 6 8 8 9 10 11 11
9 9 81 134 181 239 306 357 407 450 507 540 4 6 8 8 9 11 11 11 12 12
9 10 69 143 204 270 335 373 423 476 529 566 2 4 5 6 7 8 9 10 10 10
10 0 69 130 204 263 336 416 477 524 577 642 6 8 12 12 12 12 12 12 12 13
10 1 78 150 214 275 334 398 464 538 606 659 3 6 10 11 16 17 18 21 21 22
10 2 76 129 191 256 324 393 460 520 564 614 0 1 2 4 6 6 7 9 11 14
10 3 76 143 209 262 332 389 441 495 559 621 2 2 4 6 6 7 7 9 10 14
10 4 72 137 196 260 306 371 433 488 544 600 5 7 7 10 11 14 14 15 16 16
10 5 88 162 228 291 358 422 473 528 581 635 2 7 7 10 12 16 19 20 22 25
10 6 70 133 205 264 333 392 443 495 550 611 0 0 3 4 5 6 8 9 11 13
10 7 75 124 181 241 290 342 397 450 508 556 3 6 6 9 9 9 10 11 12 15
10 8 68 111 156 213 254 304 341 383 430 477 3 5 7 10 12 12 14 14 14 14
10 9 66 125 183 229 283 349 409 454 496 537 1 2 4 5 6 9 12 13 15 15
10 10 67 131 178 231 291 338 383 438 510 548 1 3 5 6 8 9 10 12 13 15