0 0 74 140 206 285 351 434 498 570 634 670 4 5 6 8 10 15 17 17 18 18
0 1 74 128 189 253 313 369 425 480 536 604 4 4 4 6 8 10 10 11 13 19
0 2 70 123 197 249 295 349 405 464 528 591 2 4 8 10 12 15 16 16 19 20
0 3 57 120 182 249 309 352 419 480 531 584 2 3 6 6 8 9 14 15 18 20
0 4 72 135 220 293 350 411 469 544 614 696 0 4 6 8 8 10 14 14 14 14
0 5 74 133 194 257 283 344 404 468 521 585 4 5 7 8 10 10 13 15 15 17
0 6 67 143 211 283 347 412 470 543 597 661 6 8 10 14 17 19 19 21 25 29
0 7 78 138 203 272 341 394 462 527 595 648 2 3 5 9 12 17 18 20 22 23
0 8 62 120 189 251 317 372 440 513 580 660 4 6 9 10 10 11 13 18 18 22
0 9 60 124 170 235 304 361 422 495 544 601 3 7 10 11 12 16 19 19 22 26
0 10 67 158 211 276 337 398 462 533 599 670 5 8 12 13 14 16 19 19 21 23
1 0 62 125 175 239 311 357 427 487 525 588 4 9 10 15 15 18 21 23 24 26
1 1 79 155 210 280 349 408 494 542 615 671 3 6 7 8 9 9 11 12 13 15
1 2 80 154 216 291 367 426 497 553 614 689 4 7 10 11 13 15 19 20 20 22
1 3 63 132 193 235 281 352 411 472 523 587 1 6 10 11 16 19 21 22 23 24
1 4 58 134 186 260 325 368 427 492 544 623 4 7 12 12 13 15 18 18 20 22
1 5 75 127 177 232 287 354 402 468 509 559 2 3 5 8 9 11 12 13 15 16
1 6 52 99 160 206 270 344 399 450 510 558 4 8 11 13 13 13 13 15 19 22
1 7 72 148 206 277 329 397 457 530 573 638 7 10 11 15 16 18 25 26 28 32
1 8 63 124 184 232 294 369 425 496 577 643 2 4 7 9 13 14 19 20 21 21
1 9 76 132 177 252 297 351 401 454 500 569 2 4 4 6 10 12 13 14 15 17
1 10 81 158 204 266 329 397 464 540 614 669 5 7 10 11 12 16 18 19 23 24
2 0 76 132 181 232 286 351 400 460 523 587 2 2 4 8 9 11 12 14 16 17
2 1 78 148 210 269 350 420 474 515 576 635 2 5 8 9 10 14 16 17 18 18
2 2 74 143 219 280 328 393 442 495 566 621 3 6 6 9 10 11 12 13 16 19
2 3 69 146 213 273 336 404 475 552 619 697 6 8 11 14 20 21 22 27 28 29
2 4 75 148 221 280 341 392 458 528 604 679 3 4 5 5 9 10 12 13 18 18
2 5 92 160 220 285 346 422 491 540 587 656 3 5 9 9 11 14 16 16 17 21
2 6 78 145 207 271 330 377 437 513 558 607 4 6 7 8 9 9 10 11 14 14
2 7 80 156 218 279 336 393 472 542 595 627 2 3 3 3 6 10 13 14 15 19
2 8 89 149 205 263 326 386 450 516 596 670 3 7 11 11 12 15 16 19 20 21
2 9 62 121 214 266 321 399 464 519 585 640 6 8 11 12 14 16 17 18 19 23
2 10 63 139 201 261 315 397 450 515 578 640 0 2 2 3 5 7 9 12 13 15
3 0 73 148 219 287 341 399 453 509 570 618 2 4 7 7 9 12 13 15 18 19
3 1 73 137 219 294 350 426 483 559 609 666 4 7 7 10 13 15 18 22 23 23
3 2 64 134 194 257 308 363 428 483 543 607 3 4 7 11 12 12 13 14 17 20
3 3 87 144 211 268 330 366 407 464 530 589 1 5 6 6 6 7 7 10 13 16
3 4 65 122 193 263 318 381 429 495 558 635 2 7 8 13 15 18 20 22 22 23
3 5 51 126 182 240 312 373 434 496 549 601 0 3 7 8 12 14 14 17 18 18
3 6 69 124 182 238 301 376 433 487 562 606 1 3 6 8 9 10 14 14 17 20
3 7 56 124 175 231 286 351 411 487 553 605 1 3 4 5 8 9 12 14 17 17
3 8 68 125 185 236 296 359 418 481 531 590 5 5 9 12 13 14 15 17 19 20
3 9 78 150 209 261 325 388 443 505 563 607 4 6 6 8 10 13 17 19 21 21
3 10 80 156 222 286 335 384 444 502 554 609 4 6 10 10 12 13 14 17 20 22
4 0 81 149 218 280 342 397 448 509 578 630 4 6 11 14 17 20 21 21 22 23
4 1 68 128 202 267 334 389 443 520 571 629 2 4 4 5 8 11 12 14 15 15
4 2 58 111 164 221 272 337 395 459 541 605 0 1 2 4 6 7 10 12 14 14
4 3 58 112 184 240 310 368 429 504 564 636 4 9 9 13 15 16 17 18 20 21
4 4 49 110 175 228 289 343 417 465 525 586 2 4 8 10 10 10 13 14 14 17
4 5 64 133 186 258 335 396 449 521 560 615 3 5 6 9 13 15 16 19 21 22
4 6 76 137 204 281 340 393 441 489 550 610 4 4 6 7 11 13 16 18 21 21
4 7 62 127 182 235 296 344 394 457 513 563 3 4 7 7 9 10 17 20 22 23
4 8 65 124 180 247 307 369 427 499 560 628 2 4 7 8 9 11 15 17 22 23
4 9 67 134 203 278 339 395 443 505 550 610 1 2 2 2 5 6 7 8 10 11
4 10 61 112 178 224 285 343 383 455 513 559 5 7 7 7 7 8 10 11 12 18
5 0 66 140 210 278 337 399 456 528 595 651 5 7 10 10 12 13 16 18 19 19
5 1 59 116 175 240 304 370 453 513 581 630 2 4 8 10 13 15 16 19 23 25
5 2 82 156 215 282 352 410 455 509 553 603 3 5 8 8 10 11 12 15 17 18
5 3 55 119 181 256 316 375 446 503 562 621 2 3 5 12 14 14 14 16 16 17
5 4 66 125 197 253 328 386 445 504 538 589 8 10 14 15 18 21 24 28 28 29
5 5 61 114 178 226 284 349 412 464 513 548 3 5 8 11 11 12 13 13 16 19
5 6 68 144 201 273 324 393 449 494 553 608 5 9 10 10 11 14 14 15 18 21
5 7 67 147 203 242 308 377 422 480 538 607 1 3 6 7 7 11 13 13 14 14
5 8 78 127 185 228 292 336 403 465 518 587 5 5 7 9 11 12 12 15 16 16
5 9 75 144 214 253 320 370 435 488 556 617 2 6 7 11 13 17 17 17 20 20
5 10 81 156 199 253 309 358 410 454 503 556 4 8 9 10 12 13 15 17 18 20
6 0 86 149 235 301 361 429 498 556 614 661 3 5 9 10 13 15 19 19 20 20
6 1 86 146 216 273 334 390 446 494 550 613 1 3 4 5 7 9 10 11 14 14
6 2 54 118 190 245 304 372 448 509 580 652 2 6 9 13 13 14 20 21 25 25
6 3 54 127 198 252 301 345 400 459 532 587 1 2 4 8 9 9 10 12 13 16
6 4 77 135 208 261 309 369 417 500 561 611 2 5 6 6 8 10 12 16 20 20
6 5 65 114 180 250 313 355 413 485 529 586 3 7 10 11 13 14 15 22 25 27
6 6 68 139 199 273 342 417 464 517 576 637 4 4 4 5 5 9 11 11 14 16
6 7 67 138 213 279 312 364 404 467 527 592 1 3 5 5 5 7 10 11 14 15
6 8 76 140 210 285 338 398 469 549 594 654 3 5 8 12 15 18 21 24 24 26
6 9 71 156 223 301 356 432 487 543 607 666 3 6 10 13 14 15 17 17 19 20
6 10 70 121 173 223 299 343 401 469 523 576 3 4 6 7 9 10 10 11 12 15
7 0 70 141 196 260 314 384 447 515 574 641 1 3 7 11 14 15 15 16 18 19
7 1 70 120 192 265 329 399 463 509 571 622 5 8 11 13 15 16 17 19 23 24
7 2 64 150 227 281 347 406 459 534 597 654 2 5 6 11 11 15 16 19 21 23
7 3 69 120 199 263 326 389 447 519 576 630 2 3 7 9 10 12 15 18 22 25
7 4 68 125 175 225 285 343 406 460 525 585 1 1 3 4 5 6 7 9 12 18
7 5 64 134 197 260 302 360 422 482 543 599 6 6 7 8 9 10 12 13 13 16
7 6 67 121 178 241 304 349 404 455 505 561 1 3 5 5 6 9 10 10 14 15
7 7 63 143 214 261 322 390 447 501 541 591 2 5 6 7 11 14 15 18 19 21
7 8 56 140 202 265 317 362 406 473 543 589 3 5 7 10 14 15 16 16 16 16
7 9 73 133 182 242 286 333 407 453 512 575 3 5 6 8 9 12 13 13 15 17
7 10 86 139 212 271 336 398 452 496 562 633 2 2 4 5 7 10 10 11 12 13
8 0 77 145 204 283 354 402 465 520 578 645 4 5 6 9 10 10 12 13 14 18
8 1 76 142 194 251 306 377 440 504 576 636 1 2 5 7 9 10 13 15 20 24
8 2 65 129 178 243 311 378 451 488 564 622 1 3 5 6 7 9 9 10 11 12
8 3 64 140 201 265 340 392 436 507 564 604 5 8 11 11 15 16 17 20 23 24
8 4 72 124 191 262 322 375 438 508 560 640 1 2 5 7 10 11 13 13 13 17
8 5 71 130 193 247 290 340 396 463 508 554 0 2 5 9 9 11 13 16 16 18
8 6 79 126 194 255 309 372 442 503 557 629 4 5 8 9 10 12 12 13 14 16
8 7 65 135 195 265 310 371 422 474 512 570 4 8 9 10 11 12 15 16 18 19
8 8 63 132 194 247 311 367 404 458 512 565 3 4 6 7 13 13 15 17 17 19
8 9 64 117 149 201 262 312 359 423 483 517 1 3 6 8 8 9 10 10 10 11
8 10 71 139 190 232 288 346 415 470 519 560 1 2 3 6 6 7 7 9 10 13
9 0 53 137 198 271 320 371 437 496 543 600 1 3 6 7 8 8 8 12 14 16
9 1 57 126 188 256 313 382 463 526 584 649 2 4 6 7 10 14 16 16 16 18
9 2 64 121 181 242 311 382 425 498 554 633 2 4 5 6 10 12 13 16 20 24
9 3 56 122 183 254 330 397 465 526 601 654 2 3 4 4 5 8 9 10 14 15
9 4 83 144 199 265 316 370 450 518 564 614 2 5 6 7 7 8 10 11 14 14
9 5 73 147 198 269 317 386 454 513 561 600 4 6 6 8 9 11 15 17 17 17
9 6 71 146 205 256 307 360 415 463 516 557 4 7 9 9 11 13 14 15 18 18
9 7 84 139 182 256 313 383 427 484 536 588 3 5 5 8 8 9 12 14 14 16
9 8 76 154 208 262 334 378 434 468 524 572 3 6 8 9 11 12 13 15 18 18
9 9 77 148 213 283 339 396 446 501 539 586 1 4 5 5 5 7 11 13 14 15
9 10 92 162 211 268 324 389 451 504 559 609 0 4 4 7 7 9 10 11 12 13
10 0 78 135 188 247 311 362 427 498 541 599 6 10 10 15 17 19 22 24 26 28
10 1 51 103 167 223 282 350 408 457 522 595 3 4 7 10 10 12 12 16 17 18
10 2 61 125 178 233 288 355 415 478 530 570 2 7 8 10 16 19 21 24 25 26
10 3 75 134 195 262 328 386 420 484 535 599 3 5 9 14 16 17 17 20 21 22
10 4 86 144 211 271 319 367 428 497 555 611 4 5 6 7 7 7 8 12 12 16
10 5 75 126 174 228 279 341 384 437 508 557 3 7 12 13 15 17 20 21 23 24
10 6 82 124 190 265 311 369 418 472 534 576 2 3 6 11 12 14 14 14 15 15
10 7 63 141 193 251 311 389 443 496 535 592 3 3 4 4 7 10 12 16 16 18
10 8 66 125 186 237 292 358 393 449 510 567 2 5 5 5 7 9 9 10 12 14
10 9 78 152 181 225 283 330 366 431 496 549 6 9 11 15 18 18 18 18 19 21
10 10 60 121 185 221 273 342 407 451 509 564 3 5 6 6 6 9 12 13 17 20