0.8351917344137622 0.34076693765504834
0.7825000001113507 0.13000000044540186
0.8034924844097716 0.21396993763908737
0.8827791003793789 0.5311164015175184
0.8268809229809861 0.30752369192394424
0.7783258612980062 0.11330344519202516
0.7500000000095504 3.8201653753146745e-11
0.7550006497667654 0.020002599067061828
0.7632266325751784 0.05290653030071385
0.7641718254245222 0.05668730169808945
0.7797149762044786 0.1188599048179144
0.7674736860467621 0.06989474418704812
0.7610557007681622 0.0442228030726497
0.7537608284967974 0.01504331398718968
0.767761824420368 0.07104729768147146
0.7583511679562847 0.03340467182513862
0.7651313826734883 0.060525530693953694
0.7566531777869252 0.026612711147701015
0.7621265382535131 0.0485061530140522
0.772872878220345 0.09149151288138009
0.828091884285273 0.31236753714109416
0.7861493716037813 0.1445974864151254
0.7623020125853612 0.049208050341444265
0.7544869490774289 0.01794779630971574
0.7731987156169996 0.09279486246799891
0.7618457565193678 0.04738302607747084
0.7569869629898558 0.027947851959424043
0.7500658500093382 0.00026340003735288663
0.7657201758713762 0.06288070348550522
0.7551429771411242 0.020571908564496373
0.7521393358202824 0.008557343281129922
0.7502078600593842 0.0008314402375366195
0.7590354351688768 0.036141740675506843
0.7549548056839186 0.01981922273567428
0.7525913485492393 0.01036539419695731
0.7507349087756344 0.002939635102537566
0.7574984126672031 0.02999365066881253
0.7549908183606101 0.019963273442440074
0.7519606402853205 0.007842561141281458
0.7512499082667585 0.004999633067035053
0.7582484919354797 0.03299396774191896
0.7558412948501918 0.023365179400767763
0.7522431757086363 0.008972702834545532
0.7535894641432954 0.01435785657318299
0.7865355302088214 0.14614212083528502
0.756302958046638 0.02521183218655211
0.755230831788624 0.020923327154496317
0.7671506728031288 0.06860269121251472
0.7731581274987737 0.09263250999509304
0.7691156861731081 0.0764627446924328
0.8003721009640872 0.20148840385634906
0.7780946098370378 0.11237843934815073
0.7618922521896494 0.047569008758597355
0.7538225618861913 0.015290247544765469
0.7595183084202359 0.038073233680943515
0.755212886572934 0.02085154629173531
0.7550910833674509 0.020364333469803073
0.753021094227637 0.012084376910547805
0.7542037198820657 0.016814879528262917
0.7537424016795711 0.014969606718283852
0.7555979863737967 0.022391945495186763
0.7530787433754581 0.012314973501832284
0.7543830868420212 0.01753234736808461
0.7539017015525453 0.015606806210181165
0.7563946359102492 0.025578543640996952
0.7541387617625546 0.016555047050219086
0.7542213468663138 0.01688538746525544
0.7575690513152153 0.030276205260862065
0.751512160816549 0.006048643266196556
0.7676369956459164 0.07054798258366576
0.752553752162268 0.010215008649072304
0.7589107628473987 0.03564305138959471
0.7528274634331771 0.011309853732707915
0.7582729922924638 0.0330919691698551
0.7500849703958073 0.0003398815832296854
0.7504990248286242 0.0019960993144974514
0.7532032120927639 0.012812848371055483
0.7550042567954864 0.02001702718194593
0.7500321165015295 0.00012846600611764688
0.7513846621427497 0.005538648570998909
0.7541314600499586 0.016525840199834115
0.7550827450043406 0.020330980017362044
0.7501777324080606 0.0007109296322423207
0.7531903793939309 0.012761517575722872
0.7543153522656028 0.01726140906241023
0.754958539660597 0.01983415864238787
0.7505465244152728 0.0021860976610914825
0.7552760806565444 0.021104322626177632
0.7553176954646073 0.021270781858429334
0.7554189932752661 0.021675973101064113
0.7561085514548345 0.02443420581933754
0.7555062693409752 0.02202507736390155
0.7552841196711502 0.02113647868460045
0.7641952082859393 0.05678083314375736
0.779287942756918 0.11715177102767368
0.7700925928861047 0.0803703715444195
0.7719960182074229 0.08798407282969216
0.775310523898489 0.10124209559395536
0.7688541318276944 0.07541652731077822
0.7632979822234229 0.053191928893690156
0.7735123010550877 0.09404920422035122
0.763204200583517 0.05281680233406789
0.7631925090147051 0.05277003605882049
0.758907833073584 0.035631332294337036
0.7652107183171059 0.060842873268422935
0.7632681719347048 0.053072687738818757
0.7603123356555457 0.04124934262218351
0.7581679642032444 0.032671856812977594
0.7745827726944478 0.09833109077779234
0.7635993581228852 0.05439743249154043
0.7596103512496835 0.03844140499873441
0.760631423520936 0.042525694083743376
0.7557828238928259 0.023131295571303737
0.753771291536527 0.015085166146108178
0.7544485370831489 0.01779414833259525
0.7525471386519195 0.010188554607677442
0.7528902786109282 0.011561114443712607
0.7509412991439652 0.0037651965758606553
0.7536110386737872 0.014444154695149099
0.7533777368291211 0.013510947316484896
0.7541943530706651 0.016777412282660224
0.7522372237744952 0.008948895097980853
0.7550798393117454 0.02031935724698174
0.7542348238862563 0.016939295545024723
0.7555115361794361 0.02204614471774426
0.7525219726994213 0.010087890797685111
0.7557437145761012 0.022974858304405356
0.7560437719531896 0.024175087812758237
0.7564647015123112 0.025858806049244586
0.7534291616020868 0.013716646408348162
0.7572994332925655 0.029197733170262325
0.768185298275401 0.07274119310160437
0.7741007401597446 0.09640296063897885
0.7648046589797759 0.05921863591910432
0.7502688276387671 0.001075310555068605
0.7569180440239208 0.027672176095683076
0.7587006274547495 0.03480250981899896
0.7579598850241475 0.031839540096590895
0.754535577346408 0.01814230938563112
0.7580687407465221 0.03227496298608924
0.7582836015192094 0.033134406076837125
0.7582336472749701 0.03293458909988031
0.7514059135377776 0.0056236541511107616
0.7580430034040255 0.03217201361610206
0.7561684649683222 0.024673859873289006
0.7552847282976757 0.021138913190702508
0.7523872191846415 0.009548876738565956
0.7584087622722415 0.03363504908896588
0.7561985621995632 0.02479424879825229
0.755093470193691 0.020373880774764166
0.7536698578086916 0.014679431234766182
0.7587166589477241 0.03486663579089598
0.7574249708211114 0.02969988328444577
0.755766649063471 0.023066596253884075
0.7550180607109226 0.02007224284369113
0.7581319746134823 0.032527898453929456
0.7568330374275399 0.027332149710159452
0.7575362146573343 0.03014485862933694
0.7566930456774225 0.02677218270968919
0.7803782254162328 0.12151290166493185
0.775014021638178 0.10005608655271288
0.7743766896320611 0.09750675852824547
0.7597870941847976 0.03914837673919134
0.7697143294077118 0.07885731763084747
0.7774769227293165 0.10990769091726527
0.7634887021565835 0.05395480862633354
0.7540426013315144 0.016170405326057603
0.7586592510674228 0.03463700426969084
0.7588214874770038 0.03528594990801506
0.7556175525554749 0.022470210221900083
0.7526177340018354 0.010470936007341572
0.7577180618954994 0.03087224758199731
0.7573636272066243 0.02945450882649718
0.7558372049238348 0.02334881969533946
0.7538110703711536 0.015244281484614368
0.7581872879102448 0.0327491516409797
0.7580542279413268 0.03221691176530774
0.7571217772370027 0.02848710894801034
0.7556640953930841 0.022656381572336615
0.7575742502390622 0.030297000956248862
0.7567574457264015 0.027029782905605666
0.7570983463770433 0.028393385508173788
0.75646382798268 0.02585531193072006
0.7618259097190332 0.04730363887613326
0.7581558055585953 0.03262322223438099
0.7626477843083123 0.050591137233249074
0.7566928650765344 0.02677146030613788
0.7568327093938446 0.027330837575379113
0.7564902760012931 0.025961104005172576
0.7619262551657994 0.04770502066319762
0.756819094052222 0.02727637620888848
0.7555659066242372 0.022263626496948862
0.7566618380297834 0.02664735211913372
0.7569452462151223 0.027780984860490035
0.7572025687416196 0.02881027496647851
0.7553981899744814 0.02159275989792555
0.7565284501736538 0.026113800694615986
0.7554743308858811 0.02189732354352449
0.7561346882373878 0.024538752949551296
0.7551424433669425 0.020569773467770065
0.7573761160843615 0.02950446433744617
0.7562999554259884 0.025199821703952834
0.7564224867188781 0.025689946875512785
0.7568938889702251 0.02757555588090093
0.7579612104778515 0.031844841911406026
0.7579493177546671 0.03179727101866861
0.76029156293163 0.04116625172652137
0.7606392300445439 0.04255692017817605
0.7549779561256799 0.01991182450271943
0.7545781286169828 0.0183125144679315
0.7568392171907735 0.02735686876309407
0.7561617654655347 0.02464706186213927
0.7548764558163268 0.019505823265307264
0.7550132555422968 0.02005302216918738
0.7584484650538309 0.03379386021532427
0.7579747692586605 0.03189907703464197
0.7554541972125662 0.0218167888502652
0.7557749806691095 0.023099922676438345
0.7586899414634272 0.03475976585370899
0.7576601232232182 0.030640492892872902
0.7557901716850037 0.023160686740014876
0.756681226645074 0.026724906580296005
0.7579283038721324 0.03171321548852994
0.7577849622735369 0.031139849094147787
0.7574356793317603 0.029742717327041156
0.7592415766746412 0.036966306698564606
0.7564919508939103 0.025967803575641976
0.7542811740213865 0.017124696085546086
0.755026356739272 0.020105426957087755
0.7824681360625506 0.12987254425020348
0.7711405935894363 0.08456237435774544
0.7691126221679955 0.07645048867198223
0.7579283534755765 0.03171341390230644
0.7794168887438423 0.11766755497536957
0.7664485260348493 0.06579410413939672
0.7553489025329863 0.021395610131945558
0.7538445615692916 0.015378246277166068
0.7544321415768188 0.017728566307275637
0.7541660699520985 0.016664279808394373
0.7550197968036181 0.020079187214471855
0.7650746481834464 0.06029859273378507
0.7656656535021401 0.06266261400856103
0.7576466680967106 0.030586672386842536
0.757190333904317 0.028761335617267854
0.7595043363333395 0.03801734533335798
0.7574477643229176 0.029791057291670583
0.757337979093516 0.029351916374063917
0.7538064026592147 0.015225610636859076
0.7571508494191683 0.028603397676673182
0.7551812900352475 0.020725160140990333
0.7558161343811145 0.023264537524457642
0.7556135573254771 0.0224542293019082
0.7579527854783098 0.03181114191323961
0.7560377456738315 0.0241509826953262
0.7559010846712778 0.023604338685111095
0.755389808046345 0.02155923218538
0.7584706459344841 0.033882583737936726
0.7571551734854224 0.028620693941690027
0.7562437802781082 0.02497512111243334
0.7561644977674052 0.024657991069621174
0.7572477364348416 0.0289909457393661
0.7571912614267804 0.028765045707121698
0.758264825221921 0.033059300887684114
0.7584614907984488 0.03384596319379557
0.7588625376375374 0.0354501505501497
0.7582105323803685 0.03284212952147384
0.757419984709023 0.02967993883609267
0.757303357201525 0.029213428806100082
0.7578981757392624 0.031592702957051036
0.7587018307923408 0.034807323169362844
0.759742413838179 0.03896965535271562
0.7718305448024156 0.08732217920966359
0.7645685755822187 0.058274302328875344
0.768136539975923 0.07254615990369227
0.7650476986131433 0.06019079445257284
0.7733451510963486 0.09338060438539608
0.7629683221103329 0.051873288441331884
0.7591804889753478 0.03672195590139181
0.761053643414639 0.044214573658556036
0.7636637124253568 0.054654849701426776
0.7590866816866064 0.03634672674642582
0.7535230541986633 0.014092216794653086
0.7565069695526198 0.026027878210479454
0.7558917837522023 0.02356713500880917
0.7550720787154214 0.020288314861685506
0.7541652077333407 0.016660830933362982
0.7575234699350372 0.030093879740149
0.7568530302045562 0.027412120818225295
0.7554739701257569 0.02189588050302809
0.7547480549392236 0.018992219756894455
0.7596519005330046 0.03860760213201818
0.7686898871766165 0.07475954870646624
0.7581405628107499 0.03256225124300038
0.755927414323727 0.023709657294907073
0.767490382674481 0.06996153069792521
0.7612927913142536 0.04517116525701582
0.7692418251888268 0.07696730075530671
0.7578703867699713 0.03148154707988592
0.7561584705520593 0.02463388220823737
0.756924646383345 0.02769858553338045
0.7556247529267439 0.022499011706975738
0.7569841189086687 0.027936475634674697
0.7727980624695411 0.09119224987816471
0.7621388084667136 0.0485552338668551
0.760406493625778 0.04162597450311205
0.7651411920919108 0.060564768367643636
0.7621680634752513 0.04867225390100554
0.7557524031817114 0.02300961272684541
0.7542493267647055 0.016997307058822138
0.7537511972547505 0.01500478901900192
0.7561144636940433 0.024457854776173776
0.7547137546498658 0.018855018599463366
0.7536269424459572 0.014507769783828879
0.7551977562000987 0.020791024800394756
0.7560948329474513 0.024379331789805368
0.7555662817547966 0.022265127019186433
0.7550961184028935 0.020384473611574316
0.7570632305512813 0.02825292220512544
0.7560587574675973 0.024235029870389592
0.7552548258476979 0.021019303390791687
0.7566201318434179 0.026480527373671712
0.7581745925766046 0.03269837030641844
0.756558580199987 0.026234320799948318
0.7556916414242347 0.022766565696939356
0.7572020649620507 0.028808259848202324
0.7591709971067359 0.03668398842694282
0.7579642211427668 0.031856884571067334
0.7570723772900052 0.02828950916002136
0.7574513769093781 0.029805507637512205
0.7565010791607191 0.02600431664287635
0.75790953652292 0.03163814609168065
0.7577647636633871 0.031059054653548576
0.7590232955756206 0.03609318230248333
0.7587344374605353 0.03493774984214127
0.7586094245555447 0.03443769822217874
0.7591338310583282 0.036535324233313446
0.7589385879342276 0.03575435173691037
0.7592336465834952 0.03693458633398136
0.7593294052544032 0.0373176210176126
0.7593653670445447 0.03746146817817895
0.759331246808912 0.03732498723564814
0.7594104742661228 0.037641897064491565
0.7638779200554311 0.055511680221724494
0.7608917662939583 0.04356706517583295
0.7571496577977525 0.02859863119101001
0.7569775677689193 0.027910271075678103
0.7573833852736839 0.029533541094735563
0.7660277397726561 0.06411095909062577
0.7593010965793134 0.037204386317253875
0.7584522273526647 0.03380890941065928
0.7583718642447482 0.03348745697899321
0.7614769391048862 0.04590775641954645
0.7643450593527409 0.057380237410963736
0.7718060660992293 0.0872242643969183
0.7798187305243448 0.11927492209737883
0.7654099013955671 0.061639605582269
0.7554020039327023 0.021608015730809678
0.7545297568809094 0.018119027523638077
0.7567391073186284 0.02695642927451327
0.7547557654483644 0.01902306179345815
0.7546224371127888 0.01848974845115588
0.7539870386963118 0.015948154785247498
0.7577410496237009 0.030964198494803866
0.7562933128984345 0.025173251593738035
0.7552094786221784 0.02083791448871354
0.7552776954667684 0.02111078186707376
0.7570011806872587 0.028004722749035232
0.7573457156640759 0.029382862656304017
0.7574220569563965 0.02968822782558625
0.756219696049863 0.02487878419945222
0.7550539596105657 0.02021583844226287
0.7567359550492779 0.026943820197111928
0.757689784974373 0.030759139897492488
0.7583985420038417 0.033594168015366375
0.7582417137752497 0.03296685510099924
0.7581959757834997 0.032783903133999086
0.7572341663958118 0.028936665583247034
0.7587160852621904 0.03486434104876207
0.7586910284810904 0.034764113924362225
0.757959052879101 0.031836211516404506
0.7588758482733766 0.035503393093506606
0.7596344643860341 0.0385378575441372
0.7591165462256854 0.03646618490274202
0.760632736940472 0.04253094776188792
0.773150807548543 0.09260323019417294
0.7723828157249433 0.08953126289977334
0.7704679737821907 0.08187189512876322
0.7570100269770395 0.028040107908158293
0.7669681304543591 0.06787252181743672
0.7649146758788136 0.059658703515254825
0.7648246616864853 0.05929864674594071
0.7748670492112596 0.09946819684503838
0.7714250775762145 0.08570031030485895
0.7576999599521139 0.03079983980845588
0.7595961247541818 0.03838449901672773
0.7596886094195486 0.03875443767819436
0.7608229469064736 0.043291787625894196
0.7605895824358171 0.042358329743268516
0.758132342496906 0.032529369987623895
0.757715309897972 0.030861239591887964
0.7569499012760716 0.027799605104286966
0.7564984935190249 0.0259939740760994
0.7550382389784361 0.020152955913744438
0.7560230269666274 0.024092107866509425
0.7588229930054634 0.03529197202185328
0.7572254557499503 0.0289018229998012
0.7564530028137113 0.025812011254845623
0.7572705702962773 0.029082281185109454
0.7587084058427407 0.03483362337096262
0.757678783861615 0.030715135446460106
0.7567487205149769 0.02699488205990708
0.7584149380083356 0.033659752033342455
0.7582464243701834 0.032985697480733836
0.7587383778603128 0.03495351144125196
0.7586670604771457 0.03466824190858295
0.7584724741983354 0.03388989679334136
0.7592031963896626 0.036812785558650585
0.75929301613611 0.037172064544440116
0.7590723313882148 0.03628932555285927
0.7591039020894911 0.036415608357964785
0.7593482654492776 0.037393061797111105
0.7594832931604791 0.037933172641917264
0.7591699401189237 0.036679760475694455
0.758875933015118 0.03550373206047225
0.7590016158242655 0.036006463297062696
0.759150436324794 0.03660174529917573
0.7594242481619108 0.03769699264764327
0.7592632459168286 0.03705298366731435
0.7596989574370749 0.038795829748300134
0.7597010815962407 0.03880432638496312
0.7596203351582446 0.038481340632978506
0.7595535237125864 0.03821409485034516
0.7599129821670345 0.03965192866813799
0.7598834019786862 0.039533607914744785
0.7599034184525945 0.03961367381037774
0.7598378610198615 0.03935144407944663
0.7598136595477537 0.039254638191015406
0.7597703320326963 0.03908132813078509
0.7597539305643919 0.039015722257567303
0.7597937645969796 0.03917505838791848
0.7598666986443302 0.0394667945773213
0.7599107035752121 0.03964281430084828
0.759929425872465 0.03971770348986014
0.7599290654161868 0.039716261664747475
0.759914972397864 0.03965988959145632
0.7598991387865932 0.039596555146372905
0.7599471283375268 0.0397885133501077
0.7646767872870547 0.058707149148217834
0.7599855473568233 0.03994218942729374
0.7622389911578148 0.04895596463125927
0.761707059284291 0.04682823713716432
0.7587165526646352 0.03486621065854081
0.7576375178563527 0.03055007142541073
0.7598947187028918 0.03957887481156698
0.759451589619261 0.037806358477044257
0.758814649474267 0.035258597897068505
0.7577932522715005 0.03117300908600219
0.7599499456653089 0.03979978266123618
0.7597020822834213 0.038808329133686224
0.7642848356755252 0.05713934270210152
0.763369701893001 0.05347880757200456
0.762650004605967 0.05060001842386832
0.759752363035482 0.0390094521419273
0.7670139929961256 0.06805597198450321
0.760397585890377 0.04159034356150857
0.7606046374581422 0.042418549832569014
0.760518486456995 0.042073945827980144
0.7584847685202406 0.033939074080963944
0.7797192814329634 0.1188771257318548
0.7749701879022992 0.09988075160919721
0.7731912482073513 0.09276499282940617
0.7609597247135249 0.043838898854100306
0.761409151996368 0.04563660798547273
0.7624202935408257 0.04968117416330279
0.7598304032127038 0.039321612850816055
0.776479170982042 0.10591668392816903
0.7667262913978503 0.06690516559140086
0.7632552619375246 0.05302104775009834
0.7608864515196863 0.043545806078744725
0.7636616014659894 0.054646405863958435
0.7582012713854439 0.03280508554177608
0.7571791477228236 0.028716590891294427
0.7578698122020424 0.03147924880816992
0.7565109903038931 0.026043961215573275
0.7579047499808225 0.031618999923289696
0.7567853366512644 0.02714134660505812
0.7578668618760526 0.0314674475042104
0.7590796123049673 0.03631844921986945
0.7577672175931565 0.03106887037262647
0.7561214270137897 0.02448570805515898
0.7573514880150423 0.029405952060168647
0.7573331693616777 0.02933267744671093
0.7564024555377935 0.0256098221511741
0.757199751974942 0.02879900789976837
0.7570536037747079 0.02821441509883231
0.7585732297583074 0.03429291903322979
0.7597325283658356 0.03893011346334284
0.7664768315498109 0.06590732619924478
0.7646922766266354 0.05876910650654245
0.7604530004405972 0.041812001762387994
0.7760937704351099 0.10437508174044123
0.7636752832694702 0.054701133077881554
0.7599736675915212 0.039894670366084475
0.7599151645184986 0.039660658073994305
0.7596037027613183 0.03841481104527358
0.7586230651786504 0.03449226071460159
0.760026316463835 0.040105265855340584
0.7574180683812942 0.029672273525176807
0.7586620679127342 0.0346482716509364
0.7575466145747499 0.030186458298999973
0.7577787682736593 0.031115073094636604
0.7571201805568774 0.028480722227509636
0.7590543310383118 0.03621732415324749
0.7590268614392707 0.03610744575708301
0.7614135771580134 0.04565430863205335
0.760241146745507 0.040964586982028026
0.7598747685578046 0.03949907423121852
0.7576908572604889 0.030763429041955486
0.7568621001302693 0.02744840052107763
0.7579479050167515 0.031791620067006116
0.7574675163509419 0.029870065403767153
0.7568193083990338 0.027277233596134973
0.7592597181909571 0.03703887276382857
0.7587562309002996 0.03502492360119876
0.7591177426941763 0.03647097077670527
0.7586118545925992 0.03444741837039747
0.7583872190134687 0.03354887605387541
0.7584917271616527 0.033966908646611026
0.7581825784545967 0.03273031381838671
0.7589837349599107 0.03593493983964318
0.7588884324384294 0.03555372975371865
0.7608691955578547 0.04347678223141935
0.7663854728908472 0.06554189156338909
0.7723922708032721 0.0895690832130893
0.7580371729287098 0.03214869171483913
0.7563771633971108 0.02550865358844352
0.7628839068404665 0.051535627361865816
0.7762653959287904 0.10506158371516192
0.7672210436116186 0.06888417444647363
0.7625889025347347 0.050355610138939355
0.7629220133463768 0.05168805338550756
0.7610058408532671 0.04402336341306806
0.7583445113195411 0.03337804527816466
0.7559744654084081 0.02389786163363118
0.7578639381182596 0.03145575247303875
0.7558469992203934 0.023387996881573593
0.757426459310204 0.02970583724081604
0.7565050955871682 0.026020382348672443
0.7568396126826898 0.027358450730760153
0.7585917762642005 0.0343671050568018
0.7572134577313655 0.028853830925461753
0.7565021384726797 0.026008553890719047
0.7555689557111204 0.02227582284448194
0.7567913155696975 0.02716526227879037
0.7576473123249534 0.030589249299814637
0.763637178289357 0.05454871315742865
0.7580805048833216 0.03232201953328683
0.7586915486403585 0.03476619456143374
0.758514563301131 0.03405825320452405
0.75906642285 0.036265691400000424
0.759317470668566 0.03726988267426476
0.7588487122423497 0.035394848969398686
0.7584709878390528 0.03388395135621132
0.7595970526287844 0.03838821051513829
0.759373084239822 0.03749233695928825
0.7701805974213707 0.08072238968548318
0.7606729795749426 0.04269191829977087
0.7592830550295545 0.037132220118218505
0.7596822003231867 0.038728801292747264
0.7595655121089644 0.03826204843585844
0.7596584764049293 0.03863390561971792
0.759632351608264 0.038529406433056176
0.7595319858363366 0.03812794334534636
0.7596364675357846 0.03854587014313969
0.7597819314910828 0.039127725964331346
0.7754656553529417 0.10186262141176776
0.7595640103033822 0.03825604121352917
0.7619133982454204 0.0476535929816817
0.7615862201144985 0.04634488045799409
0.76266390625258 0.05065562501031978
0.759920331984129 0.03968132793651593
0.7585841675553044 0.0343366702212177
0.7590991882429153 0.03639675297166145
0.7638594422892783 0.055437769157113376
0.7576557850395994 0.030623140158398083
0.7562133236541719 0.02485329461668808
0.757953955562187 0.03181582224874853
0.7591792185624182 0.03671687424967298
0.758312906124478 0.033251624497911934
0.757043500903571 0.028174003614283957
0.758724230979435 0.03489692391773995
0.7584774022561436 0.03390960902457499
0.7578840101505313 0.03153604060212475
0.7570787971237624 0.0283151884950499
0.7586334674167778 0.03453386966711159
0.759471007222046 0.03788402888818359
0.7594387679201472 0.03775507168058939
0.7591095900283713 0.03643836011348548
0.7586606918770269 0.03464276750810792
0.7595777483561811 0.03831099342472484
0.7592420017771241 0.0369680071084967
0.7594934074809794 0.03797362992391785
0.7594725219259059 0.03789008770362376
0.7597087400148232 0.038834960059293155
0.7595370319401024 0.038148127760409545
0.7595654670813101 0.03826186832524189
0.7821135730923524 0.12845429236940928
0.7555413562929288 0.022165425171715495
0.7562529026007989 0.025011610403196282
0.7561192044370568 0.024476817748227502
0.7571058112475257 0.028423244990103756
0.7564740182758054 0.02589607310322191
0.7561852391858861 0.024740956743544665
0.7567170723771269 0.02686828950850828
0.757811730437018 0.031246921748071855
0.7576561271864445 0.03062450874577839
0.7572612641358993 0.029045056543598076
0.7720342183557385 0.08813687342295332
0.7566080724975602 0.026432289990240842
0.7572126756716391 0.028850702686556085
0.7570260644690966 0.028104257876386433
0.7581860651636525 0.03274426065461036
0.7573133868500659 0.029253547400264236
0.7576919259039175 0.03076770361567022
0.7581306455106573 0.03252258204263001
0.7570884736270144 0.028353894508058232
0.7587628396527635 0.035051358611054136
0.7611826775548853 0.044730710219541725
0.7578257378468912 0.0313029513875644
0.7577868320560041 0.031147328224016377
0.7571362742358183 0.028545096943272924
0.758282615536976 0.03313046214790408
0.7579879428075665 0.03195177123026597
0.7594630579235304 0.03785223169412191
0.7592640729056458 0.03705629162258398
0.7591286714387124 0.03651468575484985
0.7588475713104138 0.03539028524165584
0.7594228213467333 0.037691285386933455
0.7597219052019025 0.03888762080761095
0.7594382418712019 0.03775296748480788
0.7595380963408047 0.038152385363218945
0.7594057838039947 0.03762313521597868
0.7591773361499713 0.0367093445998855
0.7590235881986684 0.036094352794674316
0.7588280430433236 0.03531217217329508
0.7585952327955334 0.034380931182133145
0.7597257564462544 0.03890302578501775
0.7598439854912762 0.039375941965105146
0.759822049929819 0.03928819971927619
0.7598321937102139 0.03932877484085602
0.759754910136618 0.03901964054647198
0.7598624855226492 0.03944994209059757
0.7598589816333555 0.03943592653342188
0.7676690231890673 0.07067609275626949
0.7614181225994971 0.04567249039798879
0.7637898285285515 0.0551593141142061
0.7618918194613287 0.04756727784531521
0.7584532189098876 0.03381287563955164
0.7577306347182647 0.030922538873059464
0.758448211585867 0.033792846343468345
0.7618539277991135 0.04741571119645421
0.7625434363507522 0.050173745403008764
0.7581891709719245 0.032756683887698305
0.7595841506246209 0.03833660249848484
0.7611695814533946 0.04467832581357973
0.7596926712631502 0.03877068505260122
0.7588618193770926 0.03544727750837064
0.7583264368916012 0.03330574756640585
0.7581924000984057 0.032769600393623505
0.758911274802128 0.03564509920851251
0.7588335801293524 0.03533432051741021
0.7582804191636956 0.03312167665478235
0.7575335363541026 0.03013414541641099
0.7585136556132472 0.034054622452989056
0.7591083672114973 0.03643346884598975
0.7586405869870474 0.034562347948189354
0.7585700558614573 0.0342802234458294
0.7585949340420853 0.034379736168342105
0.7596790710636786 0.038716284254715266
0.7593797776507565 0.0375191106030268
0.7593650341925039 0.03746013677001597
0.7593432049104659 0.037372819641863855
0.7595678873909296 0.03827154956371846
0.7594853335426874 0.03794133417074934
0.7597669649840928 0.039067859936371525
0.7597676803160188 0.03907072126407513
0.7597036359074802 0.03881454362992127
0.759776682328504 0.0391067293140167
0.7596542181602802 0.038616872641121056
0.7596914490845131 0.038765796338052556
0.7596580647809814 0.038632259123926
0.7597129077780354 0.03885163111214119
0.7596445067233799 0.03857802689352042
0.7597044361669457 0.03881774466778278
0.7597216267602254 0.038886507040902
0.7598293739636148 0.039317495854459664
0.7598505103104489 0.039402041241795846
0.7599575722463783 0.03983028898551335
0.7599368765158201 0.03974750606328095
0.7598981980255841 0.039592792102336925
0.7598824296074469 0.0395297184297875
0.7598924264391091 0.03956970575643701
0.75989157915672 0.03956631662687979
0.7598760330536042 0.039504132214417405
0.7599339471597141 0.03973578863885634
0.7599191718401862 0.03967668736074484
0.7599376402210245 0.039750560884098486
0.7599257598060108 0.03970303922404357
0.7599294581700963 0.039717832680385305
0.7599237679424137 0.03969507176965482
0.7599241241038547 0.03969649641541949
0.7599649964346693 0.03985998573867741
0.7599669870319283 0.039867948127713604
0.7599658362503754 0.03986334500150239
0.7599784585795111 0.0399138343180447
0.7599767253100113 0.03990690124004523
0.7599731530917713 0.039892612367085134
0.7599711580793673 0.03988463231746938
0.7599676444723932 0.03987057788957301
0.7599868303729012 0.03994732149160503
0.759988464852412 0.03995385940964868
0.759989292867079 0.03995717146831599
0.7599865542414775 0.03994621696591131
0.7599873092094336 0.03994923683773431
0.7599917785730578 0.03996711429223115
0.7599898902274745 0.03995956090989825
0.759987645247409 0.03995058098963662
0.7599860905589745 0.03994436223589826
0.7599848514026836 0.039939405610734634
0.7599859800229473 0.03994392009178966
0.7599929011429309 0.039971604571723524
0.7599915864357162 0.03996634574286481
0.7599963973712527 0.03998558948501093
0.7599950004033964 0.03998000161358573
0.759997059134701 0.039988236538804026
0.7599961845122535 0.03998473804901388
0.7599958330630477 0.03998333225219138
0.759996180317779 0.039984721271116276
0.759995525767388 0.03998210306955245
0.7599950349362795 0.03998013974511847
0.7599962739643764 0.03998509585750659
0.7599964112039451 0.03998564481578104
0.7599962541457518 0.03998501658300748
0.759996100615288 0.03998440246115231
0.7599960434603703 0.039984173841481514
0.7599959192915574 0.03998367716622975
0.7599957252400463 0.03998290096018564
0.7599958302004579 0.03998332080183106
0.7599956371639769 0.03998254865590774
0.7599985872086976 0.03999434883479085
0.7599993009770176 0.039997203908070704
0.7599994121278205 0.03999764851128267
0.7599992063925741 0.03999682557029623
0.7599991917805048 0.0399967671220199
0.7600506357059502 0.040202542823801535
0.7599995330513333 0.039998132205333554
0.7599995147983185 0.03999805919327426
0.7599996500061127 0.03999860002445095
0.7599994407685763 0.03999776307430518
0.7599993854830346 0.0399975419321384
0.7599996143816774 0.03999845752670982
0.7599998522925179 0.039999409170072046
0.759999774359998 0.039999097439992345
0.7599997092807979 0.03999883712319216
0.7599996534163822 0.03999861366552838
0.7599997285271268 0.039998914108507616
0.7599997329946098 0.0399989319784394
0.7599997607021161 0.039999042808464155
0.7599997196977318 0.039998878790927755
0.7599996875795573 0.039998750318229
0.7599998123912048 0.039999249564819574
0.759999824651976 0.03999929860790414
0.7599997980616859 0.03999919224674451
0.7599997761249456 0.03999910449978347
0.7600227125871649 0.04009085034865912
0.7657130328948546 0.06285213157941832
0.77475265960133 0.09901063840532061
0.7699702612554157 0.07988104502166267
0.7669614203600744 0.06784568144029843
0.7599849494703019 0.03993979788120812
0.7571744843428441 0.028697937371376252
0.7582691260121005 0.03307650404840297
0.758688384828865 0.03475353931546074
0.7656372404429697 0.06254896177187944
0.7585356219910624 0.03414248796424985
0.7574253443076598 0.02970137723063969
0.7592694690439911 0.03707787617596436
0.7594975366050514 0.0379901464202056
0.7589894621189763 0.035957848475905926
0.758408189896977 0.03363275958790821
0.7590620453739308 0.03624818149572334
0.759739954142784 0.038959816571136036
0.7592835264066301 0.03713410562652051
0.7592121689701231 0.036848675880493155
0.7593301460953812 0.037320584381525086
0.7597183633687158 0.03887345347486349
0.7593863841846041 0.0375455367384169
0.7590510164512354 0.036204065804941614
0.7588482880043128 0.035393152017252134
0.7586691376447195 0.03467655057887856
0.7598279611722331 0.03931184468893189
0.7596463605754741 0.03858544230189706
0.7596514713588032 0.038605885435212414
0.7597615057378819 0.039046022951529105
0.7616766899363501 0.04670675974539988
0.7882522663587666 0.15300906543506795
0.7726344371072551 0.0905377484290209
0.7698774470205084 0.07950978808203442
0.7603180842894125 0.041272337157650635
0.7686132750835312 0.07445310033412514
0.7632129285425663 0.052851714170264866
0.7739565751813287 0.0958263007253151
0.7634006693717795 0.053602677487118326
0.7570334713878044 0.02813388555121827
0.7545606380575974 0.018242552230390438
0.7586512514086101 0.0346050056344406
0.7641419593018948 0.05656783720757949
0.7703246693457045 0.08129867738281801
0.7649794122772636 0.05991764910905431
0.7578167760863722 0.03126710434548903
0.7576060427721045 0.03042417108841799
0.757765027335452 0.0310601093418079
0.7577687163603376 0.031074865441350755
0.7587080343436189 0.0348321373744758
0.7583991742885824 0.03359669715432962
0.7586859918906554 0.03474396756262213
0.7581828720447119 0.032731488178847544
0.7590365172414104 0.03614606896564213
0.7586545142518223 0.03461805700728918
0.758408335066345 0.03363334026538005
0.7585485904986474 0.034194361994589965
0.7590846498014099 0.036338599205639484
0.7595601230305951 0.0382404921223808
0.7594928548920682 0.03797141956827316
0.7594548595152133 0.03781943806085373
0.7590674283569966 0.036269713427987064
0.7591641258282806 0.036656503313122694
0.759602499931708 0.03840999972683228
0.7597713277654978 0.039085311061991396
0.7598447286976285 0.039378914790514113
0.759749876581737 0.03899950632694837
0.759582055672242 0.03832822268896821
0.759401393420824 0.03760557368329637
0.7592540400864665 0.03701616034586638
0.7592331155697789 0.03693246227911597
0.759890098028438 0.039560392113752514
0.7598188224676666 0.03927528987066642
0.7597049004078598 0.03881960163143903
0.7597590595367657 0.03903623814706301
0.7598757368095204 0.03950294723808237
0.759857139653844 0.03942855861537622
0.7597798437410797 0.039119374964318665
0.7598472755757945 0.039389102303178124
0.7598388594981581 0.039355437992633246
0.7598717207721642 0.039486883088658095
0.7598990478015137 0.03959619120605515
0.759857616287627 0.039430465150508624
0.7598329948535149 0.039331979414059005
0.7599020801821464 0.0396083207285856
0.7599021041447936 0.03960841657917474
0.7599172340104146 0.03966893604165873
0.7599279265675039 0.03971170627001532
0.7599677642119428 0.03987105684777161
0.7599613369723663 0.039845347889465275
0.7599519246190968 0.03980769847638741
0.7599635742663722 0.039854297065489236
0.7599612001585574 0.039844800634229814
0.7599886855642272 0.039954742256909134
0.7599893650212544 0.03995746008501774
0.7599817935330908 0.03992717413236379
0.7599774884658146 0.039909953863258484
0.759973172102118 0.03989268840847254
0.7599731039374754 0.03989241574990197
0.7599739231965232 0.03989569278609323
0.7599693061896521 0.0398772247586088
0.7599655036935451 0.03986201477418044
0.7599652197721043 0.03986087908841733
0.7599787116548938 0.039914846619575776
0.7599756998255707 0.03990279930228294
0.7599729207863622 0.03989168314544913
0.7599709192582157 0.03988367703286283
0.7599718002516085 0.03988720100643451
0.7599707728350521 0.039883091340208156
0.7599791984372136 0.03991679374885447
0.7599887747865879 0.039955099146351626
0.75998691460762 0.03994765843048037
0.7599874741619669 0.039949896647868445
0.7599870898753099 0.039948359501239976
0.7599975973247113 0.03999038929884609
0.7599956586682154 0.039982634672861866
0.7599978844260921 0.03999153770436856
0.7599980726350349 0.03999229054014095
0.7599982731326449 0.039993092530580365
0.7599983232690067 0.03999329307602711
0.7599970892520868 0.03998835700834731
0.7599963369279709 0.03998534771188404
0.7599960623298168 0.03998424931926743
0.7599967651609831 0.03998706064393269
0.7599968247794234 0.03998729911769388
0.7599963275511742 0.03998531020469695
0.7599981657766597 0.03999266310663908
0.7599989344596384 0.03999573783855372
0.7599987375173685 0.039994950069473865
0.7599985333601122 0.03999413344044962
0.7599992445838417 0.03999697833536711
0.7599989461021949 0.03999578440877934
0.7599986595097523 0.03999463803900953
0.7599984590281669 0.039993836112668185
0.7599984274250967 0.0399937097003869
0.7599982529425899 0.03999301177036034
0.7599985760289756 0.039994304115902934
0.7599986457705222 0.03999458308208891
0.7600100908352809 0.040040363341124846
0.7602323932357434 0.04092957294297427
0.7616484630816563 0.04659385232662571
0.758454212600582 0.03381685040232795
0.7596111925617537 0.03844477024701493
0.7596740658023421 0.0386962632093689
0.7594965707152497 0.03798628286099861
0.75992399829708 0.0396959931883207
0.7598237638168218 0.039295055267287916
0.7597052616494345 0.038821046597738565
0.759611604201127 0.03844641680450842
0.7595359252282029 0.0381437009128115
0.759786857689516 0.03914743075806456
0.759712138877984 0.03884855551193591
0.7596469646465502 0.03858785858620093
0.7595714276319374 0.03828571052774957
0.760183680932549 0.04073472373019658
0.759970153278373 0.03988061311349231
0.7599205436099529 0.03968217443981165
0.7598786848762041 0.03951473950481723
0.7598426925894823 0.03937077035793025
0.759941916498874 0.03976766599549656
0.7621952471477913 0.04878098859116516
0.7754691101881843 0.10187644075273722
0.7717685419534672 0.08707416781386938
0.7607393894014696 0.042957557605878216
0.7640769164061197 0.05630766562447913
0.7585375969358579 0.034150387743431716
0.757317393086683 0.029269572346732883
0.7573622892207446 0.02944915688297871
0.7595989684142406 0.038395873656963314
0.7588700785225819 0.035480314090328154
0.7582804995240167 0.03312199809606671
0.7575448564852861 0.0301794259411452
0.7575134918851393 0.03005396754055726
0.7585741205633848 0.034296482253540005
0.759376239179308 0.03750495671723194
0.7589856738041878 0.03594269521675181
0.7592471902682882 0.03698876107315303
0.7592919565528711 0.03716782621148433
0.7589338426749691 0.03573537069987693
0.7590071012189223 0.03602840487568928
0.7591762993032403 0.036705197212961164
0.7591652100625009 0.03666084025000371
0.7589119467314069 0.035647786925627936
0.7587438275206224 0.034975310082490274
0.7591965033861449 0.036786013544580776
0.7600186112801235 0.04007444512049486
0.7596769360446695 0.03870774417867796
0.7595054178066474 0.03802167122658957
0.7594246760053792 0.03769870402151696
0.7595691505559123 0.03827660222365025
0.7597802257426315 0.03912090297052645
0.7602591055404784 0.04103642216191353
0.7682960705861859 0.07318428234474413
0.7578726733932726 0.03149069357309047
0.7613050376816096 0.045220150726438764
0.7587757211277635 0.03510288451105417
0.758067850768278 0.03227140307311198
0.7583757441895748 0.03350297675829911
0.7594194416499873 0.03767776659994955
0.7591264189707846 0.03650567588313827
0.7587882596993072 0.035153038797229114
0.7584680854126137 0.03387234165045374
0.7699370990009612 0.07974839600384545
0.767000657868025 0.06800263147209966
0.760901795116332 0.043607180465328986
0.7587369091070342 0.03494763642813682
0.7582766904771511 0.03310676190860427
0.7572999595252803 0.02919983810112118
0.7592162760070589 0.0368651040282358
0.7584159738027054 0.0336638952108219
0.7586880005336222 0.03475200213448943
0.7583033427025927 0.0332133708103708
0.7574082555832988 0.029633022333196046
0.7591813541280655 0.03672541651226246
0.7585476041824285 0.0341904167297144
0.7587054217634407 0.03482168705376389
0.7594548738289114 0.0378194953156457
0.7590164817028899 0.03606592681156095
0.7606779515458888 0.04271180618355559
0.7682091861939375 0.07283674477575111
0.7632006798403332 0.052802719361333655
0.7622575164276034 0.04903006571041412
0.7582214156756644 0.0328856627026575
0.7595846044587082 0.0383384178348338
0.7591772388647128 0.036708955458851555
0.7588356900692225 0.03534276027689021