0 0 72 141 223 283 338 407 475 532 606 673 2 4 7 8 10 11 13 18 20 22
0 1 59 132 205 268 323 401 473 540 605 654 2 3 4 5 7 8 9 12 13 15
0 2 65 134 189 228 283 365 441 493 561 615 4 6 7 11 13 14 14 14 15 20
0 3 90 154 214 306 366 435 499 570 630 679 6 7 9 12 13 17 17 20 25 27
0 4 65 124 177 229 297 363 430 486 564 639 1 1 4 7 10 10 14 14 15 15
0 5 59 113 173 229 294 374 446 501 555 616 5 7 9 9 11 13 16 18 19 19
0 6 78 167 223 276 342 398 464 525 592 657 3 3 4 4 9 11 12 13 13 15
0 7 77 134 189 260 334 401 459 512 574 638 0 2 2 3 4 5 7 8 9 12
0 8 64 117 185 244 297 348 400 468 525 584 2 2 6 9 11 12 13 15 16 20
0 9 78 144 215 266 324 397 461 510 570 613 2 4 8 9 13 13 13 13 15 18
0 10 74 142 209 258 318 363 434 503 556 612 5 10 12 13 16 17 19 21 22 25
1 0 64 117 190 241 290 354 416 461 534 601 2 3 5 7 10 13 14 14 16 19
1 1 88 153 212 280 341 412 471 545 622 688 5 8 10 12 12 17 20 21 23 24
1 2 77 136 197 276 351 418 485 543 609 660 5 5 6 9 10 11 15 17 18 19
1 3 70 147 216 274 360 418 483 543 599 671 1 1 3 4 7 8 8 9 11 14
1 4 61 121 191 259 332 390 448 497 543 587 1 4 9 10 11 12 13 14 16 18
1 5 71 126 183 230 291 367 430 489 559 621 3 3 5 9 10 13 13 16 21 21
1 6 84 152 207 268 325 390 463 528 599 664 3 4 7 8 9 10 13 14 14 16
1 7 80 141 211 267 318 380 436 484 550 597 2 3 5 9 11 11 14 16 20 21
1 8 63 146 201 250 331 375 443 516 583 654 5 9 10 10 17 18 20 21 22 23
1 9 83 157 227 301 364 444 495 547 595 663 2 4 7 9 10 15 17 19 20 21
1 10 58 122 202 272 317 365 439 486 539 592 1 3 6 8 10 11 15 15 16 17
2 0 65 125 181 227 277 334 392 455 520 576 2 6 10 11 13 15 22 24 26 28
2 1 57 112 182 250 300 383 444 513 584 659 3 8 10 11 13 14 14 14 15 17
2 2 73 148 198 272 340 405 466 541 609 677 4 9 9 13 14 18 18 20 24 24
2 3 57 127 194 273 331 384 427 487 535 593 4 8 10 14 19 20 20 21 21 24
2 4 79 130 185 253 300 371 430 495 557 613 3 3 5 6 7 9 11 14 16 16
2 5 58 115 177 242 306 368 438 508 584 642 2 8 11 14 17 23 24 24 26 29
2 6 65 140 198 251 313 383 436 501 550 608 5 5 7 9 10 12 14 15 17 17
2 7 45 105 168 212 263 316 375 414 459 513 2 3 5 6 6 9 11 12 14 14
2 8 49 109 167 219 276 345 392 458 525 591 1 2 4 6 10 10 12 14 15 16
2 9 77 144 211 249 315 377 439 497 569 640 1 4 8 9 9 10 12 13 16 16
2 10 72 116 187 260 334 379 426 476 548 606 4 6 8 9 13 14 14 16 22 23
3 0 68 144 205 277 351 416 482 541 603 668 5 10 11 13 15 16 20 23 25 27
3 1 57 117 186 241 302 372 448 510 581 615 2 3 6 8 11 12 12 14 14 15
3 2 66 135 195 273 332 401 487 539 587 649 3 7 11 14 18 21 21 22 24 26
3 3 73 125 169 239 310 364 427 488 549 609 4 7 10 11 17 18 21 21 24 24
3 4 77 146 206 286 359 409 457 504 562 632 2 3 6 8 9 10 13 14 16 19
3 5 72 151 215 274 352 407 477 540 594 630 1 5 7 11 14 16 16 17 18 21
3 6 57 127 169 228 277 329 384 441 518 570 2 6 8 10 11 12 13 13 16 18
3 7 59 122 188 252 325 378 434 478 527 597 2 3 5 7 9 10 13 13 14 14
3 8 72 126 188 250 299 349 409 471 523 578 3 5 7 9 12 13 18 20 20 22
3 9 61 117 181 233 298 345 415 480 529 561 5 6 12 12 15 17 18 18 21 22
3 10 61 125 195 250 301 353 414 468 522 568 4 6 9 14 14 15 17 17 18 23
4 0 73 145 205 273 335 399 478 528 605 647 4 6 8 11 13 13 17 19 20 20
4 1 66 132 202 266 324 373 435 491 544 587 4 7 8 9 13 15 18 21 25 25
4 2 73 136 203 266 334 390 460 520 569 626 3 5 6 10 14 16 19 21 23 26
4 3 75 141 211 284 359 403 470 526 593 679 7 9 13 15 18 19 20 24 26 26
4 4 73 118 168 225 293 354 403 474 536 585 1 1 2 3 7 8 10 12 18 19
4 5 84 142 200 267 334 390 449 508 578 627 2 2 7 10 11 13 17 19 19 20
4 6 79 155 219 278 336 395 435 488 545 607 2 3 7 10 11 12 13 14 17 18
4 7 73 136 203 261 321 369 446 514 566 618 3 3 4 6 6 8 8 11 15 16
4 8 62 123 185 243 316 390 434 482 543 606 3 5 7 10 12 13 13 15 16 16
4 9 60 128 190 253 304 354 414 470 512 569 4 9 10 13 14 18 21 22 22 23
4 10 67 130 189 255 308 381 434 492 527 582 2 4 7 8 11 12 12 15 16 16
5 0 44 107 194 253 316 376 461 517 584 641 1 3 4 7 9 9 9 10 11 11
5 1 61 131 202 279 341 394 441 512 577 639 3 4 6 7 9 10 11 13 17 19
5 2 58 127 205 274 344 409 474 517 586 643 2 4 9 12 16 17 20 22 22 26
5 3 65 136 196 261 336 396 455 519 581 648 3 6 8 10 10 12 14 15 17 18
5 4 61 139 203 256 324 399 461 511 584 630 5 8 10 12 13 13 14 17 21 24
5 5 74 144 210 278 350 399 475 530 596 643 2 3 4 7 9 11 13 14 20 20
5 6 71 120 187 231 289 356 418 479 543 577 1 1 3 4 6 7 7 8 11 12
5 7 75 121 189 253 329 391 453 516 570 627 2 3 5 5 9 11 13 15 17 17
5 8 67 134 210 292 341 395 449 493 546 609 2 4 4 7 9 12 15 19 22 23
5 9 65 146 201 257 297 349 421 469 514 578 4 5 7 9 11 13 14 20 20 23
5 10 77 155 216 274 349 394 461 505 553 608 2 6 6 8 11 11 13 13 13 14
6 0 57 114 178 231 280 358 421 497 566 621 4 6 7 9 11 11 11 12 14 14
6 1 75 119 173 220 286 363 429 486 567 633 3 4 8 9 14 15 16 17 18 20
6 2 82 142 197 237 295 344 395 457 525 595 4 5 6 10 12 14 17 18 21 21
6 3 62 124 192 254 310 377 422 469 518 565 3 4 8 10 12 15 18 19 19 20
6 4 78 164 226 299 350 408 487 560 622 684 4 8 9 12 13 15 15 17 18 20
6 5 61 131 208 264 337 408 469 540 597 642 1 3 3 5 9 11 14 15 16 18
6 6 80 154 236 282 332 393 434 494 545 609 1 6 6 7 7 8 10 12 13 14
6 7 73 144 208 253 313 364 411 463 518 566 2 3 5 12 17 17 18 22 24 24
6 8 74 154 216 269 320 387 439 503 563 603 2 5 5 7 9 9 10 11 13 13
6 9 72 143 195 270 330 375 414 461 518 562 3 4 6 7 9 9 11 12 12 14
6 10 74 141 201 250 297 362 414 464 526 579 1 5 5 6 6 9 10 10 10 10
7 0 75 158 222 294 336 416 484 556 625 690 3 5 7 9 9 10 11 14 18 18
7 1 67 134 191 242 307 358 438 496 581 635 2 5 6 7 15 18 19 24 27 28
7 2 65 121 191 247 302 389 445 512 573 648 3 5 6 7 10 10 12 13 13 13
7 3 66 123 176 232 299 368 435 488 553 608 7 7 8 11 13 14 16 16 16 17
7 4 73 152 212 274 330 384 430 492 545 618 1 4 6 6 6 7 9 11 11 13
7 5 83 158 217 274 322 374 434 493 557 613 4 7 9 10 10 10 11 13 13 15
7 6 72 126 183 253 303 370 438 474 535 576 6 9 13 15 15 15 16 16 19 23
7 7 66 136 185 247 290 336 389 444 510 552 1 3 6 8 10 11 13 15 18 19
7 8 73 136 189 238 300 337 407 473 517 551 8 11 12 13 18 19 23 26 30 30
7 9 81 157 224 282 336 379 432 490 564 625 7 10 13 13 15 15 16 17 20 22
7 10 78 136 203 256 318 376 430 491 558 614 2 5 7 9 11 13 15 18 19 20
8 0 80 153 214 269 343 407 463 539 604 664 1 1 2 4 5 8 9 10 12 13
8 1 92 156 220 280 367 425 489 537 593 645 1 4 4 4 6 6 7 8 9 11
8 2 76 148 217 272 338 404 478 540 606 680 2 4 6 7 12 16 16 17 21 26
8 3 64 124 200 259 318 387 442 503 549 602 3 6 8 11 13 18 21 24 26 27
8 4 82 149 206 276 356 396 463 515 557 613 6 7 7 13 16 17 17 19 20 20
8 5 59 116 195 253 309 366 411 486 549 611 4 7 11 12 12 14 16 17 17 19
8 6 62 126 174 216 267 340 392 464 524 585 4 4 4 6 8 9 10 12 13 13
8 7 68 125 178 237 292 360 414 475 533 589 0 0 0 1 2 3 4 6 6 7
8 8 69 122 191 249 303 367 427 493 544 597 1 2 5 5 6 8 9 9 9 10
8 9 75 132 189 245 305 379 429 482 541 590 3 7 8 9 9 12 14 14 15 15
8 10 80 153 214 258 322 375 427 483 543 582 3 10 11 16 18 19 19 20 21 22
9 0 60 125 184 252 307 370 417 493 564 620 2 3 5 6 7 10 14 17 22 25
9 1 84 158 220 290 355 439 489 575 644 700 1 3 4 6 8 15 18 21 21 22
9 2 88 152 221 287 350 425 497 554 609 679 1 3 6 11 13 17 18 19 21 22
9 3 69 135 200 269 339 408 475 539 601 663 3 5 6 8 9 10 10 10 12 12
9 4 74 142 218 284 349 414 455 520 577 626 1 3 4 7 9 10 11 11 12 13
9 5 58 125 193 243 306 352 407 450 503 564 2 3 4 5 5 6 7 8 9 12
9 6 69 114 164 244 314 359 421 484 536 593 1 2 3 4 4 7 9 11 13 16
9 7 64 131 186 248 310 369 434 487 551 612 0 3 5 5 7 9 17 18 21 21
9 8 50 98 158 225 287 320 377 421 482 536 3 4 5 6 7 9 9 9 9 9
9 9 72 133 207 261 321 385 434 474 523 581 2 4 6 8 11 13 13 15 16 17
9 10 71 124 195 248 307 359 409 464 523 590 2 3 5 5 7 9 9 10 10 11
10 0 70 140 207 284 363 419 481 553 603 640 4 6 10 15 19 22 22 24 24 25
10 1 79 152 229 288 359 423 475 549 610 677 1 4 5 10 13 15 17 21 21 22
10 2 55 124 177 234 300 362 438 516 591 644 2 5 6 7 8 9 12 13 14 15
10 3 78 168 231 301 348 409 467 535 593 651 4 6 7 8 9 10 16 19 19 20
10 4 72 150 213 270 335 396 457 503 570 621 0 3 6 8 9 10 13 17 20 21
10 5 68 150 193 255 325 386 441 503 552 629 3 4 4 7 7 9 9 10 10 11
10 6 67 137 189 247 311 376 427 486 565 632 3 5 9 10 10 12 13 14 16 19
10 7 78 138 203 259 306 349 386 437 485 542 5 10 12 16 16 17 18 21 23 26
10 8 68 133 194 231 303 346 394 457 517 575 1 4 7 8 9 11 15 16 17 17
10 9 76 140 189 239 285 325 362 414 484 550 4 7 7 7 11 13 14 16 20 23
10 10 66 106 173 215 272 340 396 451 490 540 4 5 7 9 10 12 13 13 14 15