0 0  761 1133 1790 2268 2818
0 1  1502 2212 2716 3447 4308
0 2  877 2010 2630 3190 3755
0 3  1674 3022 4077 4961 5962
0 4  882 1430 2251 2636 3294
0 5  906 2272 3186 4376 5497
0 6  1373 2549 3479 4090 4635
0 7  555 1162 2385 3185 3883
0 8  866 1745 2472 3039 3684
0 9  1299 2277 3405 4348 5544
0 10  1428 1854 2378 3249 4074
1 0  1687 2119 2608 3143 3439
1 1  1475 1896 2281 2679 3023
1 2  854 1978 2465 2705 2935
1 3  748 1635 2149 2751 3086
1 4  756 1390 2275 2715 3043
1 5  2061 3224 3924 4365 4611
1 6  1172 1700 2217 2568 2934
1 7  1235 2155 2786 3284 3788
1 8  975 2486 2817 3400 3805
1 9  680 1758 2616 3714 4383
1 10  868 2104 2937 3529 4192
2 0  876 2153 2997 3764 4300
2 1  790 1529 2060 2872 3334
2 2  745 1253 1889 2365 2824
2 3  1054 2009 2411 2959 3538
2 4  814 1182 1870 2382 3091
2 5  890 1315 1706 2206 2711
2 6  752 1610 1925 2263 3011
2 7  1130 1893 2486 2999 3344
2 8  1337 2139 2721 3558 4225
2 9  1209 1907 2594 3319 3633
2 10  810 2585 3475 3971 6018
3 0  847 1715 2146 2509 2992
3 1  1251 2153 2703 3182 3674
3 2  1382 2175 2757 3327 3786
3 3  927 1758 2696 3079 3507
3 4  732 1450 2053 2465 2800
3 5  920 1342 1742 2116 2627
3 6  567 1872 2209 2544 2938
3 7  1054 1491 1803 2086 2670
3 8  660 1114 1668 2353 2764
3 9  1081 2761 3384 4301 5056
3 10  1914 2812 3081 3720 5061
4 0  1001 1783 2189 2973 3781
4 1  1105 1668 1975 2525 3095
4 2  805 2078 2743 3118 3494
4 3  1145 1806 2364 2783 3208
4 4  954 1985 2295 2793 3240
4 5  1253 1898 2276 2747 3185
4 6  973 1516 1913 2317 2722
4 7  1324 1866 2661 3212 3974
4 8  1423 2228 3111 3731 4188
4 9  704 1372 2554 3457 4222
4 10  607 1130 1930 2847 3846
5 0  803 1873 2549 3262 3727
5 1  1444 2083 2665 3119 3888
5 2  1068 1636 2256 2648 3152
5 3  485 1411 1947 2565 3287
5 4  1153 1588 1958 2437 3034
5 5  742 1187 1688 2096 2674
5 6  1301 1978 2407 2991 3215
5 7  967 1429 2163 3002 3509
5 8  689 1726 2233 3409 3753
5 9  1485 2452 3128 3839 4713
5 10  1077 3023 4893 5568 7024
6 0  713 1551 2506 3030 3714
6 1  1034 1845 2494 3242 3811
6 2  1021 1876 3401 3955 4720
6 3  765 1391 1874 2580 3478
6 4  828 2528 3141 3809 4140
6 5  1051 2320 3487 4078 4765
6 6  1475 1841 2528 2781 3478
6 7  1019 2948 3395 4400 4802
6 8  1134 2994 4553 5369 6035
6 9  683 1525 2730 3757 4924
6 10  1377 2309 2881 3614 3982
7 0  596 1149 2014 2706 3504
7 1  797 1394 2278 2938 3402
7 2  555 1538 2287 3152 3762
7 3  855 1538 2228 2979 3369
7 4  918 1961 2397 3082 4037
7 5  845 1837 2435 3050 3618
7 6  1171 1795 2072 2697 3030
7 7  721 1280 2282 2689 3318
7 8  996 1661 2882 3469 3922
7 9  1783 2481 3353 3812 4552
7 10  1978 3457 4246 5071 6126
8 0  793 1900 2739 3426 4817
8 1  1078 1576 2315 4161 4392
8 2  610 1509 2081 2993 3787
8 3  840 1644 2114 2728 3219
8 4  712 1444 2877 4174 5525
8 5  908 1730 2241 2884 3423
8 6  872 1524 2507 2979 3405
8 7  1156 2958 3578 4254 4950
8 8  878 1973 3232 4311 5226
8 9  842 1876 2482 3301 4198
8 10  809 1759 2722 3958 4601
9 0  748 1762 2358 3369 4913
9 1  723 2119 3064 3615 4783
9 2  768 1840 2413 3208 3908
9 3  966 2044 3279 4245 4670
9 4  860 1640 2544 2859 3503
9 5  1458 2944 3974 4592 4963
9 6  869 1938 2555 3259 4092
9 7  891 1785 2635 4110 5012
9 8  1967 2910 3790 4424 5583
9 9  589 1038 1797 2652 3455
9 10  762 2131 3533 4573 5065
10 0  1889 2940 3725 4926 5528
10 1  733 2128 2754 3857 4841
10 2  1257 2599 3547 4181 5624
10 3  904 1381 3226 4223 5563
10 4  815 2100 3131 4966 6337
10 5  856 2289 3075 3701 4600
10 6  1339 3334 3984 5220 6674
10 7  676 1626 2821 3648 5457
10 8  761 2798 3657 4586 5565
10 9  1755 3603 4960 6426 7339
10 10  2255 4841 6720 8535 9833
