0 0  1734 3033 4033 5269 6372
0 1  922 1652 2651 3255 3961
0 2  608 1273 1728 2122 2831
0 3  578 1565 2036 2620 3200
0 4  520 1189 2066 2514 3123
0 5  686 1917 2421 2902 3420
0 6  989 2029 3355 3931 4931
0 7  813 1927 2500 3884 4524
0 8  680 1137 1657 2377 2889
0 9  676 1945 2381 2911 3390
0 10  1130 1883 2808 3555 4358
1 0  1194 1944 2892 3382 4057
1 1  1156 1760 2331 2654 3120
1 2  805 1210 1558 2000 2530
1 3  528 952 1602 2016 2447
1 4  564 1492 1992 2595 2932
1 5  730 1164 1623 1966 2552
1 6  613 1591 2465 2860 3393
1 7  1044 1854 2145 2446 2798
1 8  1323 1857 2899 3319 3939
1 9  1444 1903 2745 3253 4101
1 10  1042 1471 3082 4074 5011
2 0  973 1733 2090 2618 3189
2 1  828 1535 1890 2775 3311
2 2  984 1549 2107 2540 2763
2 3  519 1553 2222 2630 2937
2 4  992 1582 1987 2490 2815
2 5  1002 1572 2106 2490 3168
2 6  1409 2000 2297 2858 3180
2 7  909 1650 2210 3124 3822
2 8  625 1436 1931 2301 2805
2 9  308 1647 2572 2884 3633
2 10  1314 2224 2887 3119 3949
3 0  961 1886 2498 3243 3657
3 1  623 1252 1703 2083 2508
3 2  675 1409 1928 2485 3016
3 3  490 1194 1487 1822 2295
3 4  607 1259 1829 2116 2638
3 5  524 1006 1266 1761 1932
3 6  667 1729 2358 2849 3133
3 7  913 1871 2305 2672 3269
3 8  993 1502 1938 2986 3201
3 9  2259 3024 3760 4676 6165
3 10  1127 1586 2736 3509 4363
4 0  1235 2206 2662 3327 3908
4 1  850 1406 1998 2774 3436
4 2  620 1119 1754 2012 2321
4 3  880 1465 2100 2464 2790
4 4  1267 1627 2206 2481 2973
4 5  1446 2166 2540 2926 3443
4 6  746 2036 2454 2821 3244
4 7  895 1713 2152 2617 2826
4 8  910 1439 2840 3552 4236
4 9  620 2383 3140 3983 4708
4 10  611 2526 3258 4773 5814
5 0  721 2171 2929 3677 4500
5 1  1209 1995 2869 3442 3780
5 2  851 1189 1838 2376 3311
5 3  658 1477 1961 2592 3229
5 4  572 1153 1579 2344 2690
5 5  745 1602 2211 2752 3206
5 6  623 1218 1800 2475 2747
5 7  697 1333 2335 3209 3684
5 8  910 1752 2283 2797 3336
5 9  667 1662 2291 2693 3030
5 10  1065 2273 3314 4258 5079
6 0  1218 2133 2848 3826 4659
6 1  1120 2230 2559 3402 4294
6 2  1186 1595 2178 2513 3091
6 3  544 1033 1476 2078 2803
6 4  633 1480 2385 2933 3408
6 5  554 1101 2073 2435 3173
6 6  850 2029 2612 2880 3238
6 7  1208 1675 2376 3131 3453
6 8  1257 2239 3277 4720 5673
6 9  1531 2133 3880 4490 4922
6 10  1545 2477 3568 4417 4977
7 0  799 1868 2678 3500 4133
7 1  596 1193 1701 2275 2835
7 2  854 1769 2799 3238 3631
7 3  797 1720 2654 3085 3458
7 4  524 1464 2229 2629 3180
7 5  1093 1482 2224 2562 3186
7 6  683 1392 1733 2418 3057
7 7  943 1645 2395 2876 3413
7 8  641 2319 3256 3830 4455
7 9  1341 1787 2649 3825 5251
7 10  1753 2456 3586 5068 6134
8 0  846 1966 3035 3682 5257
8 1  715 1345 2332 2817 3280
8 2  1015 2050 2633 3251 3866
8 3  974 1852 3214 4208 4822
8 4  680 1371 2007 2299 2697
8 5  602 1673 2372 2733 3421
8 6  908 2090 2988 3507 4355
8 7  1203 1988 2454 3167 3871
8 8  984 2277 3074 3833 4728
8 9  822 1405 1763 2244 3585
8 10  820 2135 3387 4431 5970
9 0  2034 3013 3676 4239 5419
9 1  1460 2696 3548 3929 4994
9 2  747 1531 1950 3590 4381
9 3  1398 2545 2903 3234 3699
9 4  644 1432 2251 3144 4299
9 5  515 1080 2013 3242 4316
9 6  1401 2166 2795 3292 3637
9 7  1203 2605 3151 3916 4479
9 8  870 3353 4845 5725 6956
9 9  1496 3603 5219 6037 6800
9 10  2227 3597 6037 6916 8291
10 0  1029 2621 3660 4861 6262
10 1  1624 2718 3796 4769 6042
10 2  917 1784 2529 4595 5682
10 3  960 2403 3230 4540 5246
10 4  941 1808 3241 3934 4827
10 5  1459 2963 3583 4457 5146
10 6  1093 2116 2461 3465 4458
10 7  1859 3422 4663 5852 6621
10 8  702 4918 5788 7151 8636
10 9  1486 2820 4653 6222 8581
10 10  1131 4116 4618 5161 5659
