0 0  1242 1842 3185 4163 5076 5812 6436 6824 7733 8859
0 1  603 1222 2073 3178 3993 4609 5471 6236 6834 7205
0 2  1133 2019 2941 3497 4715 5327 6553 7595 8245 9312
0 3  829 1995 3359 4031 4659 5383 5998 6575 7870 8683
0 4  564 1868 2940 3910 4699 5537 7060 7814 8388 9155
0 5  1511 2229 3189 4183 4770 6128 7074 7965 9036 10052
0 6  755 1328 2054 3065 3983 4643 5168 6183 6764 7364
0 7  709 1247 1948 2742 3335 4422 5214 6090 6616 7310
0 8  609 1187 1799 2297 2791 4120 4941 5496 6311 6950
0 9  1479 2656 3399 3883 4861 5859 6539 7864 8565 9485
0 10  1142 2334 2920 3895 4868 5405 6159 6925 7520 8409
1 0  852 1807 2275 2704 3006 3341 3562 4069 4343 4632
1 1  1118 1678 2364 2580 2845 3253 3475 3795 4125 4425
1 2  915 1233 1949 2448 2731 3083 3439 3999 4409 4685
1 3  994 2153 2479 2995 3228 3648 3979 4476 4710 5012
1 4  1046 1724 2328 2725 3101 3391 3714 4094 4309 4715
1 5  1069 1647 1866 2334 2736 3077 3458 3736 4081 4278
1 6  874 2061 2549 2996 3360 3730 3965 4156 4527 4776
1 7  1189 1719 2331 2966 3681 4186 4562 4939 5568 5914
1 8  952 1450 2047 2515 3062 3283 3862 4347 4799 5449
1 9  884 1757 2686 3208 3850 4240 4766 5041 5521 6193
1 10  496 1116 1758 2386 2879 3505 4143 4901 5604 6311
2 0  1164 1784 2421 2812 3208 3630 4179 4774 5306 5528
2 1  1261 1664 2270 2686 2965 3408 3837 4233 4667 4918
2 2  775 1578 2386 2699 3103 3576 3774 4303 4595 4875
2 3  785 1406 1701 2100 2290 2847 3116 3296 3511 3690
2 4  1430 2399 2876 3564 3966 4330 4640 4899 5212 5512
2 5  799 2146 2517 3244 3747 4153 4540 4911 5182 5447
2 6  1110 1865 2361 2696 3020 3365 3989 4214 4726 5388
2 7  1153 1817 2111 2645 3073 3470 3907 4300 4643 5152
2 8  824 1260 1918 2396 3086 3448 3987 4289 4891 5401
2 9  939 1527 2259 3267 4108 4980 5429 5808 6359 6615
2 10  1226 2486 3216 4389 5482 6729 7365 8178 9304 10161
3 0  948 1540 2082 2620 3253 3492 3978 4583 4868 5123
3 1  828 1379 2205 3125 3680 4764 5199 5648 5942 6238
3 2  1299 2246 2891 3334 3688 4006 4320 4588 5059 5439
3 3  653 1052 1635 2180 2411 2714 3110 3630 3978 4162
3 4  1314 1755 2556 3103 3490 3803 4110 4491 4796 5224
3 5  806 1610 1909 2801 3294 3871 4196 4583 4887 5208
3 6  578 1833 2585 3459 4028 4474 4827 5347 5727 6032
3 7  946 2366 3287 3703 4116 4611 5313 5702 6334 6865
3 8  1056 2500 3242 3944 4649 5355 6212 7266 7765 8164
3 9  751 1548 2324 3498 4734 6173 6597 6978 7522 8245
3 10  854 3247 3722 4295 5053 5757 6569 7473 8672 9204
4 0  1865 3585 4127 5040 5324 5799 6429 6821 7041 7765
4 1  608 1629 2080 2569 2879 3165 3671 4478 4859 5209
4 2  1273 1755 2153 2328 2717 2928 3437 3812 4285 4630
4 3  911 1656 2468 2865 3240 3502 3975 4283 4481 4727
4 4  831 1361 1653 2219 2583 2902 3149 3501 3923 4290
4 5  699 1914 2677 3023 3332 3693 3992 4273 4792 5171
4 6  901 1636 2000 2437 2940 3337 3639 3943 4433 4653
4 7  805 1475 2346 2901 3213 3672 4191 4834 5401 6221
4 8  874 2125 3138 4121 5209 5852 6700 7226 8098 8839
4 9  1150 2417 3474 4222 5244 6043 7324 8235 9290 9988
4 10  729 1881 2600 3946 5118 5935 7362 8130 9026 10034
5 0  1424 2604 3561 4430 5594 6183 6841 7683 8429 8814
5 1  322 828 1837 2810 3647 4178 4947 5771 6599 7113
5 2  1716 2346 2926 3648 3928 4463 4849 5235 5550 5859
5 3  1363 2310 2992 3325 3652 3949 4327 4858 5165 5694
5 4  558 1491 2107 2330 2725 3102 3454 3834 4245 4553
5 5  1014 2304 3599 3926 4302 4651 4973 5323 5595 6043
5 6  886 1467 2168 2669 3004 3392 4009 4336 4631 4950
5 7  1601 1928 2243 2682 3036 3437 4152 4713 4899 5322
5 8  1092 2289 3043 3500 3837 4312 5120 5841 6504 7189
5 9  917 1961 3232 4033 5336 6016 6585 7136 7733 8373
5 10  1997 2791 4608 5117 6080 6501 7554 8634 9271 10140
6 0  510 1478 2296 2825 3283 3733 4255 4523 5170 5650
6 1  1177 1954 2514 3012 3639 4138 4585 5117 5416 5727
6 2  915 1324 1780 2422 3068 3755 4337 4787 5246 5963
6 3  1990 2503 2908 3316 3771 4077 4443 4985 5322 5805
6 4  1195 2202 2822 3552 3930 4289 4947 5285 5847 6205
6 5  636 1080 1547 2402 2979 3402 3985 4726 5304 5856
6 6  689 1224 1713 2026 2881 3326 3914 4495 4898 5140
6 7  971 2172 2745 3284 4163 4965 5176 5743 5949 6632
6 8  1172 1723 2204 3007 3890 4855 5510 6294 6744 7245
6 9  1283 2292 3295 4088 5402 5903 6564 7157 7953 8652
6 10  1664 2766 3915 4847 6451 6995 7683 8011 8368 8898
7 0  462 1981 2683 3046 3591 4139 4744 5651 6478 7314
7 1  886 1585 2233 2837 3553 4074 4943 5815 6223 6835
7 2  1230 1827 2713 3248 4043 4520 4950 5555 6097 6552
7 3  695 1459 2006 3182 3975 4505 5180 5602 6026 6812
7 4  1753 2405 2921 3362 4281 4911 5549 6164 6525 6959
7 5  1593 2247 2583 3133 3712 4099 4554 4817 4940 5192
7 6  582 1316 2068 3282 3891 4508 4940 5733 6349 6809
7 7  622 1253 2442 3129 3598 4147 4533 5259 5621 6040
7 8  867 1845 2723 3286 3691 4853 5293 5898 6250 6777
7 9  1479 2730 3299 4007 4770 5895 6542 7113 7796 8432
7 10  1326 2263 3407 4714 5751 7302 9579 10911 12530 13535
8 0  358 1704 2433 3470 4230 5042 6856 8095 8588 9518
8 1  647 1866 3063 4914 5964 6519 7073 7508 8200 9030
8 2  1085 2074 2803 3458 4162 4792 6029 7305 8802 9768
8 3  627 1368 2835 3303 3784 4470 5248 5962 6475 6738
8 4  1219 2101 2619 3168 3997 4956 5546 6185 6831 7809
8 5  441 1687 2550 3386 3769 4157 4502 4855 5219 5823
8 6  1084 1831 3003 3888 4563 4934 5650 6587 7092 7895
8 7  761 1782 2333 2921 3192 3783 4232 5184 5781 6206
8 8  1337 2649 3402 3998 4400 4653 5168 5574 5997 6265
8 9  609 1867 3370 4614 5871 6214 6628 7469 8109 8701
8 10  1122 1795 3229 4096 5459 6498 7081 7584 9309 10284
9 0  1415 2082 3149 4794 5839 7113 8063 9335 10203 11028
9 1  1168 2000 2938 4147 4853 5948 7064 7561 8085 8455
9 2  794 2383 3029 3915 4602 5928 6559 7701 8127 8867
9 3  1185 1959 2392 3444 3878 4222 5066 5644 6847 7621
9 4  1015 1791 2362 2904 3253 3843 4350 5303 6532 7386
9 5  1761 2548 3416 3934 4613 4901 5338 6340 6830 7660
9 6  787 1508 2157 3500 4314 5603 6323 6746 7355 8180
9 7  777 1912 2685 4122 4560 5046 5654 6316 6865 7305
9 8  742 2071 3185 3700 4434 5068 5607 6513 6952 7425
9 9  2159 3234 4592 5147 6030 6780 7268 7669 8946 10465
9 10  2402 3219 5004 5619 7390 8701 9746 10531 11845 12699
10 0  2471 3375 4738 6267 7058 8197 8876 10003 11292 11877
10 1  1292 2286 3842 5160 6312 7246 8048 8677 10215 11202
10 2  925 2616 4701 5362 6549 7411 8734 9413 10642 12525
10 3  525 2507 3358 4200 5089 5891 7193 8402 9278 10211
10 4  1036 2620 3429 4304 5572 5993 6582 7504 8351 9309
10 5  471 1212 1806 3389 4649 5571 6091 7253 7928 9695
10 6  1379 2303 3104 3956 4384 5118 6021 6730 8501 8994
10 7  1834 2390 3203 4765 5513 6736 7843 8911 9394 10771
10 8  1099 2545 3656 4693 6227 7159 8143 8686 9560 10807
10 9  1571 2963 5666 7816 8980 9715 11148 12373 13711 15386
10 10  897 2345 4603 5879 8250 9866 11230 11994 12906 13888
