0 0  1676 2340 3363 4352 5112 5806 6413 7602 8625 9606
0 1  1237 2018 2749 3268 3987 4930 5241 6129 6907 7822
0 2  911 1286 2523 3042 3912 4945 5820 6792 7229 8251
0 3  560 1066 2149 3497 4113 4776 5382 6371 7122 7538
0 4  921 1412 1932 2861 3507 4374 4851 5919 6423 7087
0 5  685 1460 2134 3294 3728 4404 5208 5573 6415 7437
0 6  639 1304 2206 3079 3944 4642 5120 5893 6432 7664
0 7  601 1201 1980 2887 3549 4080 4461 4946 6235 7310
0 8  584 1392 2099 2837 3883 4639 5401 6228 7016 7807
0 9  445 1108 2006 2558 4270 4816 5470 6277 6655 7413
0 10  533 1172 1749 2266 2791 3530 4069 4916 5305 6318
1 0  948 1903 2335 2700 3084 3582 3920 4171 4442 4817
1 1  1563 2274 2941 3252 3527 3964 4241 4711 4928 5139
1 2  907 1840 2461 3043 3458 3971 4450 5027 5464 5763
1 3  613 1609 2306 2811 3137 3405 3502 3842 4422 4937
1 4  977 1728 2284 2450 2647 3011 3558 3878 4139 4558
1 5  782 1605 2359 2855 3136 3403 3789 4188 4493 4790
1 6  870 1951 2666 3276 3642 3944 4358 4826 5289 5668
1 7  508 1173 1869 2362 2696 3390 3807 4430 5161 5700
1 8  1156 1893 2709 3495 4040 4408 5021 5638 6005 6370
1 9  1191 1881 2837 3662 4334 4970 5757 6841 7511 8324
1 10  1436 2170 2756 3172 3798 4610 5267 5989 6736 7641
2 0  1358 2164 3089 3642 3969 4513 5060 5363 5853 6427
2 1  706 1213 1890 2592 3041 3545 4092 4545 4860 5080
2 2  769 1769 2548 2878 3168 3661 3984 4200 4660 4934
2 3  1124 1944 2339 2967 3617 4089 4410 4569 4893 5160
2 4  1076 1493 2212 2592 2875 3373 3567 3879 4137 4527
2 5  1495 2257 2626 3051 3609 3993 4168 4607 4861 5320
2 6  1066 1645 2381 2789 3110 3523 3822 4174 4374 4728
2 7  1207 1563 2095 2512 2806 3319 3672 4143 4528 4929
2 8  1723 3006 3478 4050 4519 4822 5385 5697 6021 6615
2 9  1742 2426 2804 3442 4224 5031 5889 6511 6992 7367
2 10  1320 2476 3647 4686 5784 6381 7131 8335 9125 10033
3 0  393 739 1465 1952 2183 2785 3459 3672 4157 4494
3 1  1380 2806 3569 3955 4340 4602 5029 5356 5531 5985
3 2  1315 2050 2684 3326 3625 3969 4120 4549 4937 5484
3 3  476 1125 1803 2052 2461 2857 3175 3590 3951 4205
3 4  762 1312 1810 2202 2496 2907 3240 3496 3993 4351
3 5  1159 2115 2572 3301 3654 4032 4542 4952 5201 5448
3 6  1482 2371 2628 2918 3317 3802 4139 4574 5022 5672
3 7  827 1913 2391 2750 3072 3607 4560 5027 5607 5948
3 8  1180 2446 3071 3691 4478 5076 5841 6485 7487 7896
3 9  1137 2282 2761 3527 4039 4954 5444 5998 6686 7356
3 10  356 1205 1777 2751 3653 5289 6285 7373 8078 9826
4 0  730 1557 2032 2822 3398 3610 4047 4655 5549 6248
4 1  1025 1770 2239 2728 2997 3312 3588 3848 4174 4721
4 2  729 1589 1965 2256 2518 2822 3283 3685 4082 4481
4 3  1083 1839 2377 2968 3740 4503 4882 5116 5383 5657
4 4  770 1108 1788 2495 2880 3260 3571 3916 4135 4454
4 5  978 1382 1870 2421 2957 3572 3934 4255 4549 4935
4 6  908 2190 2632 3010 3273 3605 3958 4289 4547 4747
4 7  710 1656 2246 2721 3226 3483 4005 4625 4836 5319
4 8  1385 2493 2793 3497 4020 4912 5324 5663 5925 6435
4 9  1530 2577 3044 3574 4780 5473 6382 7075 7562 8447
4 10  2125 2661 3114 4206 5319 5580 6295 6814 7295 7659
5 0  1226 2142 2568 3021 3730 4249 4725 5087 5556 6481
5 1  1642 2392 2694 3133 3662 4225 4640 5017 5590 6105
5 2  558 1210 1571 1815 2318 2983 3516 4224 4696 5086
5 3  536 1300 2495 3140 3588 3881 4288 4606 5063 5470
5 4  935 1919 2918 3888 4321 4844 5447 5848 6017 6482
5 5  596 1256 1697 1966 2474 2683 3130 3630 4042 4396
5 6  1200 1973 2272 2640 2944 3355 3702 3908 4328 4654
5 7  848 1842 2574 2993 3517 3872 4411 4813 5101 5489
5 8  1310 2478 3886 4532 5615 6699 7394 8537 9703 10338
5 9  1272 2424 4133 5298 5963 6497 7433 8127 9046 9846
5 10  829 2415 3139 4075 4550 5364 6084 6804 8188 8678
6 0  894 1747 2718 3871 5292 5995 7226 7758 8283 8844
6 1  585 1324 1715 2474 2941 3781 4477 4885 5515 5954
6 2  833 1524 1869 2430 2945 3478 4011 4459 4739 5064
6 3  849 1705 2415 3270 3579 3838 4558 4987 5524 5897
6 4  641 1664 2210 2874 3692 4730 5218 5499 5801 6203
6 5  640 1318 1803 2242 2756 3161 3480 4025 4561 4968
6 6  1690 2169 2639 3305 3629 3984 4553 5108 5462 5853
6 7  845 1389 1834 2365 2666 3428 4304 4782 5104 5937
6 8  1133 2174 2951 3326 3933 4472 4951 5364 6216 6945
6 9  1011 1781 2980 3838 4966 5786 6035 6573 7249 7911
6 10  561 1668 2639 2940 3685 4880 5384 5851 7361 7857
7 0  934 2247 3398 3754 4628 5378 6245 7531 8630 9792
7 1  940 2166 2995 3630 4662 5046 5539 6480 7890 9553
7 2  559 1172 2303 2778 3624 4079 4647 5320 5848 6695
7 3  1086 1762 2499 2892 3439 3818 4444 4948 5498 5836
7 4  1743 2620 3342 3696 4185 4588 5199 5508 5710 6152
7 5  882 1874 2480 2918 3802 4243 4727 5195 5661 6071
7 6  1183 1928 2321 2916 3566 3836 5022 5572 5803 6058
7 7  1115 2175 2847 3720 4356 5000 5297 5581 5978 6626
7 8  1486 2476 3333 4178 4964 5689 6373 7143 8247 8690
7 9  1023 1791 2771 3546 4192 5049 6031 6714 7139 7765
7 10  1251 2076 3118 3697 4041 5256 6223 7479 8227 9258
8 0  624 1411 2190 3724 4908 6052 7743 8914 9524 10377
8 1  671 2351 3161 4289 4620 4790 5382 6383 7373 7876
8 2  1096 2159 3042 3781 4437 5081 5380 5729 6474 6877
8 3  614 1327 1962 2942 3286 4582 5204 5943 6523 7529
8 4  1056 1606 2127 2565 2925 4368 5695 5938 6559 6912
8 5  902 1660 2386 3622 3982 4662 4938 5343 5878 6630
8 6  857 1908 2732 3280 3599 3993 4733 5631 6178 7672
8 7  582 1050 1983 3166 4366 5112 5519 6492 7221 8242
8 8  391 1025 1890 2760 3654 5109 5781 6991 7632 8826
8 9  2239 3176 4342 5153 6151 7823 8827 9526 10134 10666
8 10  906 2438 3270 4273 4806 5344 5975 6660 7212 7999
9 0  782 1520 2968 3711 4542 5699 7316 8013 8758 9710
9 1  1314 2667 3593 4207 4898 5564 6190 7487 7989 8967
9 2  1180 2424 3500 4203 5070 6123 7035 7706 8103 8639
9 3  691 1306 1729 2716 3679 4739 5100 5675 6217 6959
9 4  692 1876 2600 3105 3971 5226 5789 6271 7061 7648
9 5  1661 2895 3361 4341 4932 5451 6288 6593 7215 7545
9 6  1214 1998 2951 3402 3844 4969 6296 6858 7640 8495
9 7  1312 3028 3737 4671 5497 6054 6593 7074 7818 8291
9 8  270 1388 2024 2788 3280 3920 4956 6113 6787 7506
9 9  1857 3955 5461 5756 6712 7152 7749 8394 9034 9669
9 10  1746 3372 5738 8611 9640 11168 12799 13859 15336 15953
10 0  1237 1882 3988 4729 5407 6469 7068 8035 9433 10891
10 1  821 1608 2500 3646 5025 6516 7770 8818 9555 10285
10 2  1666 2955 4076 5741 6281 7553 9286 10431 12024 12799
10 3  820 1794 3078 4309 5188 5734 6431 7011 8567 9694
10 4  1529 2246 3477 4426 5197 6222 8154 9207 9793 11048
10 5  912 1862 2692 3689 4273 5697 6271 6790 7346 7998
10 6  853 1856 3452 5168 6336 7185 8636 9409 11019 12041
10 7  913 2219 3526 4507 5396 7138 9288 10384 12007 12723
10 8  859 3210 4513 5293 6711 7816 9536 10901 12249 13133
10 9  2125 4140 5882 7703 9602 10643 11578 13431 14471 16015
10 10  1055 2057 3946 5171 6514 7938 9131 10840 11996 12746
