0.8589661719245794 0.43586468769831804
0.8012500000879085 0.20500000035163274
0.7975488750281587 0.1901955001126356
0.8037500000065292 0.21500000002611863
0.7751184269696023 0.10047370787840976
0.8078552870393668 0.23142114815746745
0.7831110573917799 0.13244422956711835
0.8317462190391036 0.3269848761564159
0.7811380668708496 0.12455226748339761
0.7835172723895433 0.13406908955817481
0.7856582427384764 0.14263297095390612
0.7816966888917901 0.1267867555671603
0.7654416685719576 0.06176667428782974
0.7606767224171476 0.04270688966859029
0.7755816412887414 0.10232656515496519
0.7814109834068241 0.125643933627296
0.7735187554214079 0.09407502168563131
0.7728165929410521 0.0912663717642091
0.7717513998420311 0.08700559936812524
0.7537955939071079 0.015182375628431338
0.758207035051374 0.03282814020549512
0.7551523889570682 0.020609555828271932
0.7582765311620334 0.033106124648133006
0.7507164728955301 0.002865891582121119
0.7573676400534707 0.029470560213882505
0.753085846277453 0.012343385109812088
0.7523309267914203 0.009323707165681221
0.7529742001949696 0.011896800779878987
0.7576953532471127 0.03078141298845129
0.7529663172277817 0.011865268911126693
0.7533986347455008 0.013594538982003395
0.7516713395797555 0.006685358319021735
0.7549763532359068 0.019905412943626813
0.7549296408245612 0.019718563298244736
0.7545981367889196 0.018392547155678212
0.7558256528455621 0.02330261138224838
0.7678040255358962 0.07121610214358517
0.7819011222278556 0.12760448891142237
0.7579292318713836 0.03171692748553319
0.8048996126095979 0.21959845043839177
0.7975498837053103 0.19019953482124266
0.7775510466350872 0.11020418654034765
0.7611665479079832 0.04466619163193264
0.7853164840195571 0.14126593607822882
0.7680812283810193 0.07232491352407738
0.7523694315652635 0.009477726261053645
0.7532865441550106 0.013146176620042476
0.762506332501234 0.05002533000493543
0.7565795589405715 0.026318235762285598
0.755949833543564 0.023799334174255636
0.7521033836223279 0.008413534489311442
0.7585112274245237 0.034044909698094226
0.7524195656215462 0.009678262486184877
0.7545587972248973 0.01823518889958856
0.7521342595618172 0.008537038247269101
0.7551121760384939 0.02044870415397556
0.7516559751391274 0.006623900556509739
0.7585121753082035 0.03404870123281401
0.7524126161351244 0.009650464540498426
0.7561904729108452 0.0247618916433803
0.7526489469329577 0.010595787731830938
0.7534216860168788 0.013686744067515088
0.753514333821824 0.014057335287295157
0.7539287207839241 0.01571488313569631
0.7557093347136461 0.02283733885458469
0.7577657488598766 0.031062995439505733
0.7543475143772058 0.017390057508823237
0.7807041238448693 0.12281649537947631
0.8029812717400111 0.21192508696004514
0.790750243354372 0.16300097341748773
0.7662976914678119 0.06519076587124717
0.7586047453331985 0.03441898133279381
0.7763172584430039 0.1052690337720151
0.7857995024229636 0.14319800969185495
0.7676327094287414 0.07053083771496599
0.7564412062671362 0.025764825068544227
0.7668889794435166 0.06755591777406691
0.7754807549277374 0.10192301971094915
0.7646303100513313 0.05852124020532513
0.7653944454866458 0.061577781946583136
0.7705648253627281 0.08225930145091191
0.7688835182155657 0.07553407286226328
0.7590048777374991 0.03601951094999664
0.7557933313183258 0.023173325273304214
0.7615410843588927 0.04616433743557055
0.760993982598453 0.04397593039381206
0.7546475038584661 0.01859001543386439
0.7553515843700664 0.021406337480266647
0.7577192623019614 0.03087704920784587
0.7567619236892204 0.027047694756881388
0.7527894133452917 0.01115765338116632
0.7550403315739659 0.020161326295863403
0.7559284598975496 0.02371383959019866
0.7539668324365758 0.01586732974630275
0.7540090659729386 0.016036263891754176
0.7565090270436337 0.026036108174534278
0.756226730247606 0.02490692099042319
0.7557831505584924 0.023132602233969752
0.7558474665150351 0.02338986606014079
0.7577677023834771 0.03107080953390817
0.7577082682270131 0.030833072908052338
0.7561883188928357 0.02475327557134283
0.7557339789436746 0.02293591577469816
0.7574328310390256 0.02973132415610345
0.7601038668898731 0.04041546755949206
0.7563147858072439 0.02525914322897581
0.755489538378398 0.02195815351359243
0.7559334196505021 0.023733678602008288
0.7575253590049464 0.03010143601978565
0.7557498104369605 0.02299924174784201
0.7563874807072775 0.025549922829109447
0.7555040218116603 0.022016087246642186
0.7576116396721032 0.03044655868841283
0.756691952172428 0.026767808689711795
0.75623891417102 0.024955656684080743
0.7558008766302319 0.023203506520927505
0.7583274742919518 0.033309897167807495
0.7579819852481294 0.031927940992517306
0.7652146133783314 0.06085845351332588
0.7577175061682437 0.030870024672974474
0.7701680289204849 0.08067211568194034
0.7985005744175833 0.19400229767033383
0.7784102686086684 0.11364107443467363
0.7589361951199604 0.03574478047984108
0.7527536193061601 0.011014477224639586
0.7708891242136053 0.08355649685442146
0.7639403847353392 0.05576153894135691
0.7531214291563415 0.012485716625366607
0.7536945759098305 0.014778303639321764
0.7646000361273084 0.05840014450923377
0.7593933612818791 0.037573445127515794
0.7551298248859376 0.02051929954375088
0.7540246677370027 0.016098670948010495
0.7622374727951708 0.04894989118068306
0.7584689158678611 0.03387566347144476
0.7542397205645618 0.016958882258247775
0.75473462506364 0.01893850025455957
0.7575519740895045 0.0302078963580179
0.7576675887314724 0.030670354925889286
0.7550052411432183 0.02002096457287287
0.7562932059673756 0.025172823869501926
0.7597075643283877 0.03883025731355091
0.7588368827248534 0.03534753089941411
0.7569434126916993 0.027773650766796328
0.7545328964093468 0.01813158563738742
0.7566411811251015 0.02656472450040578
0.7584550592993539 0.033820237197415066
0.7572677530598259 0.0290710122393035
0.7572255241032048 0.02890209641281906
0.7581625728450486 0.032650291380194006
0.7581636795270671 0.03265471810826883
0.7583762610894387 0.03350504435775405
0.7593065458795007 0.037226183518003546
0.7742982206966158 0.09719288278646442
0.7710232605401335 0.0840930421605336
0.767251102993063 0.06900441197225265
0.7570898977519097 0.0283595910076388
0.7576512047559153 0.03060481902366223
0.7571269729843226 0.028507891937291207
0.754116399868893 0.016465599475571913
0.7534226891099408 0.013690756439763136
0.7550727261069834 0.020290904427933753
0.7550879383078207 0.020351753231283215
0.7532665969420321 0.01306638776812833
0.7546706281443069 0.01868251257722763
0.7564884072534575 0.025953629013830186
0.7558764792420065 0.02350591696802638
0.7660658279908406 0.06426331196336314
0.7586274637731114 0.03450985509244561
0.7666762644671372 0.06670505786854856
0.7543218760379102 0.01728750415164128
0.7661061032279588 0.06442441291183548
0.757180889699923 0.02872355879969284
0.7530870317458784 0.012348126983514089
0.7574432356548176 0.02977294261927041
0.7568855893682859 0.0275423574731432
0.7558882035601884 0.023552814240753717
0.7544996784820535 0.017998713928213287
0.7552796502383944 0.021118600953577697
0.7565503838337938 0.026201535335175007
0.7562678815539559 0.025071526215823602
0.7531411174516937 0.012564469806774534
0.7556267746676463 0.022507098670584636
0.7573322235145596 0.029328894058238575
0.755710302474633 0.022841209898531733
0.7578075737028307 0.031230294811322116
0.7539536812931243 0.015814725172497223
0.7541878101299375 0.01675124051974948
0.7559374502922518 0.02374980116900658
0.7546066804538942 0.018426721815577064
0.7553820378785326 0.021528151514130504
0.7528212557310031 0.011285022924012744
0.7569029761035968 0.027611904414387302
0.7543532235894844 0.01741289435793752
0.7556079535373361 0.0224318141493441
0.7534639335169773 0.013855734067909338
0.7583369690880104 0.03334787635204165
0.7565012549868277 0.026005019947310668
0.75602723161285 0.02410892645140012
0.7551191910393206 0.020476764157281977
0.7585756947862338 0.034302779144935
0.7576341438523909 0.030536575409563935
0.7563309884149383 0.02532395365975342
0.7565010125080326 0.0260040500321307
0.7592643377820238 0.03705735112809512
0.7582035392147236 0.03281415685889454
0.7574499828755722 0.029799931502288938
0.7561034915205935 0.02441396608237434
0.7600117808294287 0.04004712331771519
0.7581519205782464 0.03260768231298601
0.757023696282927 0.028094785131708013
0.756591619397431 0.02636647758972405
0.7614141611630135 0.0456566446520549
0.758672017550164 0.03468807020065577
0.7557446600545406 0.022978640218162257
0.756543393463572 0.026173573854287834
0.7576743202321922 0.03069728092876898
0.7561613167305176 0.024645266922070284
0.75611683847635 0.02446735390540054
0.7571440597259759 0.028576238903903914
0.7585649906250296 0.03425996250011836
0.7569772415168912 0.02790896606756438
0.7596571798958142 0.038628719583257067
0.7623283675588833 0.049313470235533
0.757099925456699 0.02839970182679651
0.7801388796949932 0.12055551877997313
0.7758486696186913 0.10339467847476484
0.7675736122946154 0.07029444917846159
0.7698047806451553 0.07921912258062207
0.7605396774582057 0.042158709832823105
0.7578617884366956 0.03144715374678186
0.755455147513974 0.021820590055896413
0.7607205588817204 0.04288223552688158
0.7569989637558509 0.02799585502340305
0.75558877872286 0.02235511489144031
0.7535075455779645 0.014030182311858153
0.7559344341002092 0.02373773640083642
0.7537879007789442 0.01515160311577707
0.7544689676980711 0.017875870792283814
0.7536617306484835 0.014646922593934155
0.7560486717481502 0.0241946869926001
0.7550781846594483 0.020312738637793055
0.7552012293352971 0.02080491734118783
0.7548857270187719 0.019542908075087656
0.7573741517578833 0.02949660703153274
0.7549232276258456 0.019692910503382056
0.7549342759392456 0.01973710375698177
0.7549614781822314 0.019845912728925583
0.7586975699849091 0.034790279939636196
0.7573847622451766 0.02953904898070652
0.7569926715378091 0.027970686151236112
0.756165586688471 0.0246623467538838
0.7580623903363972 0.03224956134558909
0.7585409829647878 0.03416393185915246
0.7580816580057492 0.03232663202299721
0.7657979452153512 0.06319178086140453
0.7615471703911136 0.04618868156445441
0.7589528757091374 0.035811502836549255
0.7548792665122831 0.01951706604913223
0.7567498167789433 0.026999267115772538
0.7564989712523009 0.025995885009203495
0.7564348737261135 0.025739494904453927
0.7555574041870149 0.022229616748059434
0.7577607196272156 0.031042878508862223
0.7573565022046427 0.0294260088185706
0.7575756602110542 0.03030264084421632
0.7560701851955396 0.024280740782157997
0.7582448215578781 0.03297928623151202
0.758074003560924 0.0322960142436966
0.7581847546426307 0.03273901857052265
0.7574652199288994 0.02986087971559721
0.7561893269901916 0.024757307960766202
0.7585319627430548 0.03412785097221883
0.7587327693485265 0.03493107739410586
0.7576506571372406 0.030602628548962122
0.7588185694141627 0.03527427765665109
0.7585149510455967 0.03405980418238683
0.7592962568402877 0.037185027361150064
0.7590472511347361 0.036189004538944004
0.7582788878646496 0.033115551458598
0.7580302592685882 0.03212103707435334
0.7730995550773908 0.09239822030956367
0.7549597028287188 0.019838811314875034
0.7542444197721803 0.016977679088721134
0.7547922719724912 0.01916908788996422
0.7592644456784143 0.037057782713656694
0.7556747126909474 0.022698850763789746
0.7559193310722975 0.023677324289190328
0.7557630412367357 0.023052164946943055
0.757076600512404 0.02830640204961588
0.7575160412190602 0.030064164876241053
0.7573878248114465 0.029551299245786877
0.7553255243044157 0.021302097217663074
0.7567036079266241 0.026814431706497513
0.7553051044270392 0.021220417708158433
0.7561694258338441 0.024677703335376125
0.7563772264457311 0.025508905782924716
0.7572221762694294 0.028888705077718294
0.7565637910735105 0.026255164294041514
0.7570816872774008 0.028326749109603
0.7566489284188017 0.02659571367520673
0.7579666986774523 0.03186679470980891
0.7562569902348539 0.025027960939415443
0.7576142229079151 0.030456891631660613
0.7563656281950755 0.02546251278030212
0.7610460117371695 0.044184046948678474
0.756923626118877 0.027694504475508423
0.7572830913283898 0.02913236531355932
0.7567179682611506 0.026871873044602097
0.7573292587265196 0.029317034906078322
0.7558225663014856 0.02329026520594283
0.7575593960593081 0.030237584237232485
0.7576869424919367 0.03074776996774708
0.7585944149286143 0.03437765971445729
0.7603972978684468 0.0415891914737868
0.756915222389483 0.027660889557931397
0.7580061640559584 0.032024656223833416
0.7563354105575256 0.02534164223010248
0.7558830858639802 0.023532343455921416
0.7586009968062859 0.03440398722514368
0.7572103044701128 0.028841217880451114
0.755180596542559 0.02072238617023581
0.7571920762741006 0.028768305096401995
0.7581303063387961 0.032521225355184834
0.7579643164704558 0.03185726588182334
0.770601588081478 0.08240635232591317
0.7636294908429945 0.05451796337197817
0.7649793902269052 0.059917560907621396
0.768919934723694 0.07567973889477637
0.7808909132206235 0.12356365288249467
0.7760786248482185 0.10431449939287511
0.7647339703346183 0.05893588133847336
0.7652662844728602 0.06106513789144106
0.7651440674265174 0.060576269706069726
0.7589211817498632 0.03568472699945212
0.751457597279046 0.005830389116183998
0.7575874953742084 0.030349981496833597
0.7555973029351252 0.0223892117405006
0.7559110436648647 0.023644174659459248
0.7523339090702714 0.00933563628108563
0.7583714100589708 0.0334856402358833
0.756472753659463 0.02589101463785183
0.7567712022272777 0.02708480890911049
0.7564020844300607 0.025608337720242513
0.7618679908327042 0.04747196333081639
0.760508032175609 0.04203212870243655
0.7585614807462001 0.03424592298480061
0.7710793298842894 0.08431731953715836
0.7808723380738146 0.12348935229525912
0.775907186800235 0.10362874720094074
0.7641454934205888 0.05658197368235593
0.7623562980705418 0.04942519228216726
0.7718583943811173 0.08743357752446944
0.7651953909496555 0.06078156379862194
0.7602613014682679 0.04104520587307158
0.7575380993244683 0.03015239729787332
0.7633516257425557 0.053406502970222404
0.7599447636675049 0.03977905467001934
0.7571584325959527 0.02863373038381034
0.7753835411895389 0.1015341647581566
0.7662931275658429 0.06517251026337215
0.7655129198757173 0.06205167950286995
0.7527706400789762 0.011082560315904554
0.7616770812219354 0.0467083248877422
0.7577943256758728 0.03117730270349133
0.754752062952947 0.019008251811787873
0.7556241452950287 0.022496581180115854
0.7720883125565853 0.08835325022634138
0.7657822248008717 0.0631288992034855
0.7571529433602899 0.02861177344116002
0.7523031909771138 0.009212763908455667
0.7553042153698574 0.021216861479429267
0.755526984430843 0.022107937723371406
0.7551272189871382 0.020508875948553138
0.7546862106403229 0.01874484256129185
0.7568454085546565 0.02738163421862617
0.7560941008000934 0.024376403200373736
0.7560504173817122 0.024201669526849098
0.7549291134999895 0.019716453999957754
0.7567117326896218 0.026846930758486813
0.7569758061447566 0.027903224579026074
0.7558692602689827 0.02347704107593083
0.7574048858088147 0.02961954323525874
0.756649075596991 0.026596302387964187
0.7579131344444184 0.031652537777673885
0.7565735106408262 0.02629404256330464
0.7584056818605714 0.033622727442286754
0.762651534277122 0.0506061371084877
0.7577277497133185 0.030910998853273454
0.7577356603007597 0.030942641203038575
0.7574816951932989 0.029926780773195202
0.7563517037655132 0.025406815062052807
0.7563808849242137 0.02552353969685531
0.7559803968955232 0.02392158758209283
0.7576725963836918 0.030690385534766832
0.7577304971871313 0.03092198874852498
0.7571050339652884 0.028420135861153356
0.7562291642890416 0.024916657156166266
0.7584501860102726 0.033800744041090486
0.7584807282563206 0.03392291302528192
0.7579512694313416 0.03180507772536652
0.7572774155630991 0.02910966225239644
0.7565873202220881 0.026349280888352363
0.7576329967913282 0.030531987165312947
0.7581190905502803 0.032476362201121295
0.7575488576925288 0.03019543077011556
0.7573272419035036 0.029308967614014348
0.7588832162436868 0.03553286497474759
0.7584818634429827 0.03392745377193083
0.7581807035124366 0.032722814049746536
0.7585240108991733 0.034096043596693375
0.7595129395852358 0.038051758340943126
0.7590896386583985 0.03635855463359369
0.7588491345723415 0.03539653828936613
0.7585366241961825 0.034146496784730224
0.7592173607208624 0.03686944288344998
0.7589087045833766 0.03563481833350605
0.7613098326028499 0.04523933041140014
0.7671584047702983 0.06863361908119389
0.7681669998970562 0.07266799958822397
0.7588311521690126 0.03532460867605059
0.7584174140973444 0.03366965638937756
0.7583896999322393 0.03355879972895683
0.7590208159418173 0.03608326376726876
0.7582797766588566 0.03311910663542576
0.7590785543410304 0.036314217364121326
0.7582677256584226 0.03307090263369014
0.7592712839197922 0.03708513567916894
0.7587811445823022 0.035124578329208685
0.7582883160643145 0.03315326425725764
0.75919077997421 0.0367631198968398
0.758711362052301 0.03484544820920453
0.7593379899875548 0.03735195995021884
0.7588293150198641 0.03531726007945607
0.7595537804063425 0.0382151216253701
0.7592945041978904 0.03717801679156156
0.7594183723964179 0.03767348958567232
0.7684818068879136 0.07392722755165469
0.7558875757254107 0.02355030290164299
0.7575354247912949 0.03014169916517952
0.7564319149102576 0.02572765964103084
0.7570110206225839 0.028044082490335284
0.7566728735777446 0.02669149431097834
0.7584263114218472 0.03370524568738916
0.7574215705450033 0.02968628218001389
0.7581195201965272 0.03247808078610899
0.7579560442389376 0.031824176955750405
0.759124448558544 0.03649779423417615
0.7584555865245166 0.03382234609806619
0.7578938064123041 0.03157522564921575
0.7575735166049555 0.030294066419821616
0.758932774837431 0.03573109934972443
0.7580964470764776 0.03238578830591034
0.7587515694834714 0.03500627793388537
0.7633256921703635 0.05330276868145429
0.7599560477753137 0.0398241911012551
0.7568534695383016 0.027413878153206398
0.7573761170200423 0.02950446808016915
0.7584416145136883 0.03376645805475326
0.7587051492038003 0.034820596815201305
0.7577324095541291 0.030929638216516668
0.7594725782156427 0.037890312862572634
0.7589764833267051 0.03590593330682065
0.7582193646905918 0.03287745876236711
0.7575780178242915 0.03031207129716556
0.7589427063199315 0.03577082527972611
0.7588187749820028 0.03527509992801085
0.7595692757058274 0.0382771028233099
0.7704517447681561 0.08180697907262427
0.7615336527974692 0.04613461118987695
0.7593458931927173 0.03738357277086932
0.7593582646702934 0.03743305868117447
0.7600254683115298 0.040101873246119836
0.7576187860275303 0.030475144110121352
0.7573425620014437 0.029370248005774934
0.757957840924199 0.03183136369679599
0.7587853036882184 0.0351412147528736
0.7585002396830592 0.03400095873223701
0.7584608115671791 0.03384324626871644
0.7587041971457983 0.034816788583192676
0.7591224412826625 0.036489765130650095
0.7582907897267952 0.033163158907180454
0.7576697555962622 0.030679022385048924
0.7587624960807472 0.03504998432298844
0.7595407433370548 0.03816297334821928
0.7589656730037758 0.03586269201510351
0.7585216491546112 0.03408659661844432
0.758414880498051 0.03365952199220329
0.7671102559132917 0.06844102365316786
0.7582986485652892 0.03319459426115567
0.7568009980504862 0.02720399220194448
0.7585669973874282 0.0342679895497122
0.7583334514533279 0.03333380581331135
0.7585609788041697 0.03424391521667871
0.7573668146936362 0.02946725877454441
0.7593408554520203 0.03736342180808214
0.7588443623150287 0.03537744926011486
0.7589843545477648 0.0359374181910591
0.7587053404806021 0.03482136192240862
0.758370734590114 0.033482938360455655
0.7594187891232619 0.03767515649304835
0.7591997309304531 0.03679892372181233
0.7587224690813547 0.03488987632541878
0.7596385523094356 0.03855420923774223
0.7596124743590785 0.038449897436313586
0.75932440484237 0.03729761936947945
0.7599582519879005 0.03983300795160192
0.7632227503732245 0.0528910014928986
0.7588056854594728 0.03522274183789142
0.7583806248287304 0.033522499314921864
0.7594806121415029 0.037922448566011506
0.7594247903473093 0.037699161389237484
0.7594449542820608 0.037779817128243645
0.7598287657070574 0.03931506282822914
0.7596949131253216 0.038779652501286455
0.7597011944563272 0.038804777825309215
0.7597122514102669 0.038849005641067594
0.7598264949180219 0.03930597967208766
0.7596198024283497 0.038479209713398514
0.7630339701144373 0.052135880457749736
0.7593759345270027 0.03750373810801128
0.7598672154985993 0.039468861994396705
0.7587313169740287 0.03492526789611532
0.7581807226648942 0.03272289065957689
0.7593096941878856 0.037238776751543155
0.7610165670408108 0.04406626816324323
0.7728028439348955 0.09121137573958223
0.7616953171199106 0.04678126847964204
0.7630013440047223 0.052005376018890034
0.7549537661912927 0.01981506476517101
0.7574729928936903 0.02989197157476111
0.7575168624300715 0.030067449720286445
0.7565113049823909 0.026045219929564337
0.7562885254548034 0.025154101819213716
0.7581337419004714 0.03253496760188544
0.7564554146183974 0.025821658473589606
0.7573459673479386 0.029383869391754285
0.7566948534087142 0.02677941363485624
0.7588861842514919 0.03554473700596798
0.7581370816729741 0.03254832669189561
0.7574234268704687 0.02969370748187499
0.7580178355203961 0.032071342081584575
0.7582700762518617 0.033080305007446825
0.7590549375714482 0.036219750285792635
0.7589541676073935 0.03581667042957427
0.7587502858131736 0.03500114325269524
0.758952044888931 0.03580817955572362
0.7585058889899591 0.03402355595983573
0.7592447287894147 0.036978915157659026
0.7592536697718046 0.037014679087218574
0.75905250812335 0.036210032493399984
0.7625891132002631 0.05035645280105222
0.7590932719531862 0.03637308781274472
0.7596103954297534 0.0384415817190136
0.7595705532995588 0.03828221319823568
0.7597881968947686 0.03915278757907521
0.7599139354569947 0.03965574182797885
0.775045317501496 0.10018127000598379
0.7613778436083091 0.045511374433236364
0.7614504464532115 0.04580178581284609
0.7614117773432415 0.045647109372966004
0.7629265552009084 0.05170622080363349
0.7676617194899642 0.07064687795985733
0.7758413493960329 0.10336539758413235
0.7847551224997502 0.13902048999900102
0.7665254487253792 0.0661017949015164
0.7656994192031664 0.06279767681266564
0.7604508211861782 0.041803284744713454
0.7605258905560661 0.042103562224264805
0.7572627242202227 0.02905089688088997
0.7580764476431264 0.03230579057250571
0.7571403975657275 0.028561590262911114
0.7562159302475472 0.024863720990188812
0.7575781121856128 0.030312448742450614
0.7565780436140415 0.02631217445616561
0.7567103547756284 0.026841419102513628
0.7585731095298223 0.034292438119289635
0.7583557419410911 0.03342296776436492
0.7582759578821961 0.033103831528784176
0.7581514890744814 0.032605956297925225
0.7591078255360092 0.03643130214403664
0.7584676613234151 0.033870645293660545
0.7585116590418416 0.034046636167366334
0.7579692037184388 0.03187681487375535
0.7578049330818036 0.031219732327214436
0.758748625129376 0.03499450051750388
0.7590514993838657 0.03620599753546306
0.7587919097582001 0.03516763903280022
0.7590977808112658 0.03639112324506235
0.7661242459939832 0.06449698397593392
0.7593512709630056 0.037405083852022486
0.7591635325973978 0.03665413038959079
0.7593915086165767 0.037566034466306554
0.7591428598667538 0.03657143946701489
0.7591219887154728 0.03648795486189095
0.759165221160775 0.03666088464310014
0.7596241634662906 0.038496653865162066
0.7595631151400682 0.03825246056027309
0.7596299440943665 0.03851977637746575
0.7596127493634245 0.03845099745369852
0.7598810329380037 0.039524131752014045
0.7823043344675956 0.1292173378703831
0.769792189653561 0.07916875861424393
0.7600518769883746 0.040207507953498325
0.7580606865477344 0.032242746190937484
0.7617736343231708 0.04709453729268406
0.7603788874930166 0.04151554997206653
0.7573831637619516 0.029532655047806475
0.7554394755328295 0.021757902131317647
0.7598559315895516 0.03942372635820652
0.7599786877497392 0.03991475099895697
0.7646148190681795 0.05845927627271789
0.7687184134625302 0.0748736538501209
0.7625670224010519 0.05026808960420743
0.7625734196247091 0.050293678498836834
0.7617898672035553 0.04715946881422153
0.7590916573585722 0.03636662943428823
0.7592487131462131 0.0369948525848526
0.7588514247772984 0.0354056991091939
0.758462445069372 0.03384978027748707
0.7588667784442407 0.03546711377696306
0.7596487899714791 0.03859515988591689
0.7594060613832173 0.03762424553286913
0.7592125061587531 0.03685002463501295
0.7594892311392902 0.03795692455716162
0.7598463845335125 0.03938553813404995
0.762881267708582 0.051525070834327655
0.7596898173049002 0.03875926921960052
0.7595238633011092 0.03809545320443726
0.7593695584314544 0.0374782337258178
0.7591973457932449 0.03678938317298036
0.7593380278894192 0.03735211155767695
0.7598560688936453 0.03942427557458139
0.7598364055025972 0.039345622010388756
0.759786782893008 0.03914713157203188
0.7599380472707405 0.039752189082962124
0.7599324422256156 0.039729768902462555
0.7598655648223361 0.039462259289344416
0.7598108068472728 0.03924322738909067
0.7598509138001103 0.039403655200440944
0.7598136078880782 0.03925443155231233
0.7597818319424944 0.03912732776997758
0.7599405579585249 0.03976223183409964
0.7599548685916077 0.039819474366430324
0.7599617739764639 0.03984709590585564
0.7599770143725797 0.03990805749031947
0.7599588773049176 0.039835509219670426
0.7599405090723147 0.03976203628925861
0.7599482476454702 0.039792990581881016
0.75998663077234 0.039946523089360045
0.75997510730879 0.03990042923516003
0.7599690597971036 0.03987623918841428
0.7599552567434564 0.03982102697382592
0.7599456751960405 0.03978270078416274
0.7599691096240477 0.03987643849619084
0.7599621697459373 0.03984867898374978
0.7599552741025281 0.039821096410112194
0.7599868379544595 0.03994735181783862
0.7599863279415997 0.03994531176640108
0.762248670958492 0.04899468383396868
0.7600391940397426 0.04015677615897059
0.759981132270095 0.03992452908038011
0.7604151684405025 0.04166067376201064
0.7649668771353998 0.0598675085415999
0.7637448505148609 0.05497940205944397
0.7617176190772637 0.046870476309054415
0.7598955225049171 0.039582090019668635
0.7597886042584201 0.03915441703368114
0.7595182466046764 0.03807298641870575
0.759470099743888 0.03788039897555277
0.7599410834464042 0.03976433378561709
0.759732590399072 0.038930361596288446
0.7597166137160616 0.038866454864246155
0.7595719232472824 0.03828769298912972
0.7593950072246755 0.03758002889870217
0.7598959183265005 0.03958367330600212
0.7598793973777924 0.03951758951116953
0.7597471690567917 0.03898867622716671
0.7596852496951686 0.038740998780674774
0.7599615514756286 0.03984620590251464
0.7598679773883373 0.03947190955334939
0.75978741508365 0.03914966033460019
0.7598561264032041 0.03942450561281671
0.7599896852008114 0.039958740803245935
0.7599287761223497 0.03971510448939899
0.7598866802519534 0.03954672100781369
0.7599244436223921 0.03969777448956888
0.7599968110146608 0.03998724405864287
0.7599763056512373 0.039905222604949414
0.7599583921834997 0.03983356873399871
0.7599676055550006 0.03987042222000221
0.7599981357583983 0.039992543033593
0.7599791353321157 0.039916541328463166
0.759964898198372 0.03985959279348776
0.7599658388969536 0.03986335558781437
0.7599994660731434 0.039997864292574105
0.7599905821934655 0.03996232877386197
0.7599770528181549 0.03990821127261989
0.7599686929113907 0.03987477164556242
0.7599640557315499 0.03985622292619962
0.7599636589056347 0.039854635622538756
0.7599545123536364 0.0398180494145462
0.7599674673548877 0.03986986941955088
0.7599918385301205 0.03996735412048255
0.7599930711611013 0.03997228464440558
0.7599985938595758 0.039994375438303524
0.7599950068245228 0.039980027298091435
0.7599974827107121 0.039989930842848694
0.7599940956074025 0.03997638242960973
0.7599958768537732 0.03998350741509319
0.7600080855244447 0.04003234209777852
0.7653609061889115 0.06144362475564678
0.7790421623987082 0.11616864959483408
0.7675480406665085 0.07019216266603409
0.7579802108574899 0.03192084342996005
0.7571706994252143 0.028682797700857087
0.7592080555229255 0.03683222209170202
0.7587059037705487 0.034823615082195135
0.7585530737689623 0.034212295075849414
0.7581026652398709 0.03241066095948404
0.7614894171847851 0.04595766873914116
0.7641579871324804 0.0566319485299225
0.7572196809075765 0.028878723630306392
0.7580310787325143 0.03212431493005819
0.7596403610668196 0.038561444267278706
0.7589135713637323 0.03565428545492928
0.7579124179753717 0.0316496719014869
0.7591890935462946 0.03675637418517825
0.7593096998785215 0.03723879951408617
0.7586539067694131 0.0346156270776529
0.7587382047184644 0.034952818873857795
0.7594573675519739 0.0378294702078955
0.759001773160994 0.03600709264397639
0.7595009681875218 0.038003872750087375
0.7593503031032524 0.03740121241300992
0.7590413371670673 0.03616534866826954
0.7595520924902068 0.03820836996082762
0.759413026172444 0.03765210468977652
0.7597587391094163 0.03903495643766547
0.7595017369028512 0.03800694761140521
0.7597250018499896 0.03890000739995974
0.759525442273213 0.03810176909285259
0.7595417376141955 0.0381669504567817
0.7745233857922639 0.09809354316905602
0.763376075588129 0.05350430235251595
0.7600680902557423 0.04027236102296918
0.7638393551961591 0.055357420784636104
0.7654367600607073 0.061747040242828906
0.7632254068595253 0.05290162743810189
0.7643656307956962 0.05746252318278586
0.7701650147746557 0.08066005909862389
0.7691107439773226 0.07644297590929089
0.7670471777340891 0.0681887109363567
0.7631589653178555 0.052635861271421905
0.7612424097410343 0.04496963896413788
0.7597484415709187 0.03899376628367521
0.7620519448327856 0.04820777933114261
0.7620175107759292 0.04807004310371675
0.7627964235794703 0.05118569431788094
0.7759899030950776 0.10395961238031108
0.7680098463974463 0.07203938558978581
0.762129876305873 0.04851950522349185
0.7561831217055546 0.024732486822218326
0.7588209151880955 0.03528366075238245
0.7591701566832184 0.03668062673287329
0.757331084348532 0.029324337394128097
0.7559321488221918 0.02372859528876795
0.7563587209308161 0.025434883723264683
0.7578262236929821 0.0313048947719282
0.75788008442113 0.03152033768452009
0.7579579283812744 0.03183171352509772
0.7582282298792351 0.032912919516940954
0.7580285977269466 0.0321143909077867
0.7581887227325388 0.03275489093015493
0.7586105480301079 0.03444219212043158
0.7592590343766858 0.037036137506743165
0.7587326223128388 0.03493048925135498
0.7590463718415148 0.03618548736606019
0.7585385267841125 0.03415410713645022
0.7587011966114469 0.034804786445787425
0.7606263636855151 0.0425054547420605
0.7568864932826233 0.027545973130493562
0.7585696418708905 0.034278567483561284
0.7576407477847455 0.030562991138982695
0.7583531510409631 0.03341260416385254
0.7584937795540728 0.03397511821629141
0.7595380089681842 0.03815203587273655
0.7591658683953558 0.03666347358142353
0.758657436462611 0.03462974585044381
0.7580467764889675 0.032187105955870064
0.759751755335665 0.03900702134266086
0.7595343878721722 0.03813755148868938
0.7592531504275553 0.03701260171022152
0.7588168160459997 0.03526726418399965
0.7596896337979301 0.038758535191720414
0.7595680900821915 0.038272360328767865
0.7593765300373785 0.03750612014951427
0.7592613377548493 0.03704535101939758
0.7597730822827227 0.03909232913089096
0.7595995741156142 0.03839829646245713
0.7595949711061085 0.03837988442443477
0.766046764289026 0.06418705715610411
0.7590181630415507 0.0360726521662025
0.7593095454596189 0.03723818183847644
0.7596176689011345 0.03847067560453805
0.7592673628474746 0.03706945138989861
0.7589013503056086 0.03560540122243443
0.7588851828211217 0.035540731284487134
0.7587336889650551 0.03493475586022088
0.7578117735403519 0.031247094161407914
0.7595335886014432 0.038134354405773195
0.7593264051336445 0.03730562053457839
0.7594593607337088 0.03783744293483541
0.759364380979913 0.03745752391965211
0.7590072652465325 0.03602906098613052
0.7597050843098698 0.03882033723947946
0.7594969399562775 0.03798775982511045
0.7597881351127839 0.03915254045113591
0.7598256251300625 0.03930250052025006
0.7596446222924436 0.03857848916977477
0.7598602452078446 0.039440980831378945
0.7597024468845901 0.038809787538360216
0.7597999291909312 0.039199716763725176
0.759917243064853 0.03966897225941218
0.7598054780287427 0.03922191211497135
0.759884888096505 0.03953955238602022
0.759919570768717 0.03967828307486802
0.7599377587098902 0.03975103483956086
0.7598726207826964 0.03949048313078578
0.7598293710040649 0.03931748401625954
0.7599083297976928 0.0396333191907715
0.7599863415994494 0.03994536639779778
0.759945416726882 0.03978166690752799
0.7599104327014925 0.039641730805970006
0.7598820439971381 0.03952817598855261
0.7598774346846124 0.03950973873845001
0.7599748424528794 0.03989936981151759
0.7599779371669413 0.03991174866776539
0.7599713744436619 0.03988549777464768
0.759955080240428 0.039820320961712015
0.7599873310883722 0.039949324353489656
0.7599806561876963 0.03992262475078587
0.7599677406348442 0.03987096253937684
0.759955808750607 0.03982323500242793
0.7599638781598352 0.03985551263934051
0.7599575466402948 0.03983018656117912
0.759956980894284 0.039827923577136465
0.7599841722812964 0.039936689125185686
0.7599800973676386 0.03992038947055471
0.7599732966806859 0.03989318672274476
0.7599776740406456 0.039910696162582304
0.7621447100214256 0.04857884008570255
0.7599896938104387 0.039958775241755236
0.7599950876391361 0.03998035055654465
0.7615089308343695 0.04603572333747822
0.7704699718395603 0.08187988735824209
0.7630082755520831 0.05203310220833228
0.7627994274490678 0.05119770979627123
0.7579065781623427 0.031626312649370956
0.7574615470128346 0.029846188051338523
0.7587130651575807 0.03485226063032314
0.7585812622240021 0.0343250488960088
0.7580120747269317 0.03204829890772659
0.7584695904183192 0.03387836167327709
0.7578144531500871 0.031257812600348905
0.7590208077791515 0.03608323111660608
0.7582580755485084 0.03303230219403381
0.7579343580717748 0.03173743228709928
0.7579902908860773 0.03196116354430987
0.7590815863084777 0.03632634523391031
0.7595889863995662 0.03835594559826458
0.7590763078089418 0.03630523123576732
0.7593022977096819 0.03720919083872763
0.7596405180097142 0.03856207203885664
0.75941231961701 0.037649278468039026
0.7595349737890744 0.03813989515629794
0.7595740952778067 0.03829638111122689
0.7596954904311914 0.03878196172476568
0.7597906512255485 0.039162604902193913
0.7596389914627589 0.038555965851035955
0.7594729977122238 0.03789199084889571
0.7597636440984006 0.03905457639360241
0.7596103485657626 0.038441394263050176
0.7597982703672461 0.039193081468984786
0.7597447048299721 0.03897881931988889
0.7598790307438159 0.03951612297526366
0.7597904695772807 0.03916187830912295
0.759753356402328 0.03901342560931211
0.7598786873565737 0.03951474942629488
0.7598968701941318 0.0395874807765271
0.7599241389021227 0.039696555608490815
0.7598678984800129 0.03947159392005214
0.7598988079790452 0.0395952319161811
0.7599092054132923 0.03963682165316942
0.7674852010467562 0.06994080418702392
0.7579355200962246 0.031742080384898314
0.761040746324398 0.04416298529759263
0.7606563377821238 0.04262535112849508
0.7591221748775306 0.036488699510122444
0.7610879161345525 0.04435166453821001
0.7595584704306165 0.03823388172246635
0.7590239202932695 0.03609568117307797
0.7584598451398741 0.03383938055949668
0.7579653443668984 0.031861377467594015
0.7578810215361647 0.03152408614465838
0.7596467510820162 0.038587004328064466
0.7592552969692141 0.03702118787685681
0.7593232643858524 0.037293057543409475
0.7599092005000883 0.039636802000353195
0.7596329423261706 0.03853176930468239
0.7593175105326212 0.03727004213048574
0.7596597777806463 0.03863911112258655
0.7595974040650895 0.03838961626035767
0.7715340846951015 0.08613633878040618
0.7760430253497574 0.10417210139902972
0.767172181627542 0.06868872651016754
0.7646070437182378 0.058428174872950926
0.7660699146346378 0.06427965853855197
0.763813937608799 0.05525575043519684
0.7590110181354646 0.03604407254185773
0.7574576746262734 0.029830698505094518
0.7623322047747045 0.04932881909881778
0.7579513337430176 0.03180533497207052
0.7600177585774555 0.040071034309821535
0.7605878481226569 0.04235139249062821
0.7717062421194235 0.08682496847769405
0.7625333580957242 0.05013343238289709
0.7646648016543367 0.058659206617347345
0.7632963211533234 0.053185284613293166
0.7605889086707057 0.04235563468282282
0.7593063052752181 0.037225221100873035
0.758840065796068 0.035360263184272565
0.7595569267845421 0.038227707138168705
0.7616216419496493 0.046486567798597764
0.7586490678112965 0.034596271245186244
0.7584183190308061 0.033673276123224356
0.7586611458378506 0.03464458335140268
0.7592871169852117 0.03714846794084741
0.7592991414673655 0.03719656586946173
0.7588985314686361 0.03559412587454431
0.7590807753531084 0.036323101412433785
0.7591828162314378 0.03673126492575251
0.7591463414907931 0.03658536596317268
0.7595866493285593 0.038346597314237264
0.7597734897659927 0.039093959063971014
0.7596071794039682 0.03842871761587317
0.7596244795917059 0.03849791836682389
0.7598153372595355 0.03926134903814277
0.759618808934414 0.03847523573765623
0.7597511663256276 0.03900466530251041
0.7596575482701254 0.03863019308050239
0.7597724520022869 0.03908980800914846
0.7597014569751376 0.03880582790055143
0.7598302596039812 0.039321038415925734
0.7597600248842221 0.03904009953688904
0.7597844364993338 0.039137745997335965
0.759758943446787 0.039035773787147746
0.7599126569774906 0.03965062790996213
0.7598637120481976 0.03945484819279104
0.7598142655476555 0.03925706219062164
0.759766041045634 0.039064164182536595
0.7598015977815016 0.03920639112600661
0.7605260649991533 0.042104259996613214
0.7598071200415659 0.03922848016626336
0.7598558820669865 0.039423528267946706
0.7598937064889888 0.03957482595595515
0.7599662001496814 0.03986480059872554
0.7599454453873917 0.039781781549567435
0.7599409308743782 0.03976372349751323
0.7599532363478345 0.039812945391337576
0.759935069708675 0.03974027883469968
0.7599594933375731 0.03983797335029196
0.7599880264752579 0.03995210590103205
0.7599766180972839 0.039906472389135104
0.7599661351209265 0.039864540483706336
0.7599579413364513 0.03983176534580533
0.7599592380713739 0.03983695228549589
0.7599646465074958 0.03985858602998404
0.7599589377904361 0.03983575116174522
0.7599583051789157 0.03983322071566328
0.7599716354782967 0.03988654191318694
0.7599711665799511 0.03988466631980423
0.7599706755141615 0.039882702056646416
0.7599712498401946 0.03988499936078029
0.7599686002947031 0.039874401178811816
0.7605142775763987 0.04205711030559508
0.766952364335879 0.06780945734351629
0.7575742544940246 0.030297017976098354
0.7589487986948495 0.03579519477939753
0.7585431129742326 0.0341724518969304
0.7594495190888818 0.03779807635552792
0.7597682451980896 0.039072980792358304
0.7594468289795917 0.0377873159183667
0.7590427017225498 0.03617080689019946
0.7597411608119294 0.038964643247717874
0.759474902853751 0.03789961141500422
0.7597181310017856 0.0388725240071432
0.7595573520387188 0.03822940815487531
0.7594955275319267 0.03798211012770728
0.7595168891410069 0.03806755656402686