0.9025526406944117 0.6102105627776457
0.8100000000449308 0.24000000017972348
0.7500000000377679 1.5107195181075174e-10
0.8902556436268054 0.5610225745072234
0.8217369835000593 0.2869479340002391
0.7992659547640304 0.19706381905612239
0.7989394359496427 0.19575774379857006
0.7833766733437397 0.13350669337495774
0.7645728458412134 0.05829138336485217
0.756148800115016 0.024595200460063568
0.786983534654095 0.14793413861637922
0.7562500490298916 0.02500019611956654
0.7608379703051709 0.04335188122068335
0.7576471878936392 0.030588751574556334
0.7658703153472547 0.06348126138901904
0.7609252642673391 0.04370105706935608
0.788159557874832 0.15263823149932945
0.7901701728248812 0.16068069129952453
0.7652617066055697 0.061046826422277725
0.7722476728776089 0.08899069151043498
0.7806974156853411 0.1227896627413638
0.8280208721715665 0.31208348868626695
0.7887241440101518 0.15489657604060547
0.7698014364713773 0.07920574588551117
0.7613962180679343 0.045584872271738054
0.7831243791330585 0.13249751653223463
0.7698972962300225 0.07958918492008894
0.7616960870357563 0.046784348143025394
0.7605035933427706 0.042014373371082714
0.7913721771619803 0.16548870864792156
0.7739161477185591 0.09566459087423619
0.7585019292705067 0.03400771708202652
0.7605156864657657 0.042062745863062856
0.7559745926504415 0.023898370601767454
0.7543261356059976 0.017304542423990814
0.7578174986606876 0.0312699946427504
0.7558079813614552 0.02323192544582088
0.7555921741239757 0.02236869649590305
0.754258480904921 0.0170339236196841
0.7559990393538689 0.023996157415475797
0.7522407604227525 0.008963041691009456
0.7590327591992205 0.03613103679688198
0.7537565500549493 0.015026200219797017
0.757159495394983 0.02863798157993161
0.7595503471326388 0.038201388530556685
0.7833084413610297 0.1332337654441186
0.7671674394065395 0.06866975762615823
0.7672742611484117 0.06909704459364624
0.7623835239929077 0.049534095971629874
0.7676897091898511 0.07075883675940502
0.7619268209175957 0.04770728367038239
0.7758110458375019 0.10324418335000811
0.7687135519536469 0.07485420781458703
0.7584919036658592 0.03396761466343663
0.7604818771087274 0.0419275084349102
0.7561117105929097 0.024446842371639067
0.7566126093119852 0.026450437247940918
0.7544482496372885 0.017792998549154625
0.7565283139775257 0.026113255910102606
0.7533388814768018 0.013355525907207642
0.7544720807275199 0.01788832291008034
0.7538379200591071 0.015351680236428213
0.7541691008759414 0.016676403503765255
0.7530222554174075 0.012089021669629905
0.7537777317079698 0.015110926831878601
0.7548353730036805 0.01934149201472267
0.7549911830335557 0.019964732134223076
0.7845648333373615 0.13825933334944543
0.7695332079397779 0.07813283175911094
0.7590030368481158 0.03601214739246313
0.7589529310554426 0.03581172422177064
0.753895418865934 0.015581675463736955
0.7560554734546732 0.02422189381869273
0.755308246432576 0.02123298573030374
0.7544405064946824 0.01776202597872919
0.7528784667258851 0.011513866903540783
0.7519095705283831 0.00763828211353281
0.7546527632211415 0.018611052884565774
0.7523908784763143 0.009563513905257351
0.7530370396206617 0.012148158482646373
0.7517181617718052 0.006872647087220537
0.7557650024544431 0.0230600098177726
0.7548238811913616 0.019295524765445698
0.7544707844577812 0.017883137831124513
0.7528716901954818 0.011486760781927063
0.7557173071446137 0.022869228578454734
0.7529627244622366 0.011850897848946145
0.753122020660493 0.012488082641971689
0.7529396325720987 0.011758530288395054
0.7530963237299857 0.012385294919942128
0.7528032440590807 0.011212976236323122
0.7529971481184902 0.011988592473960698
0.7548964050258765 0.019585620103505997
0.753731785065023 0.014927140260091372
0.7541280054107241 0.01651202164289632
0.7699477794545245 0.07979111781809733
0.7637740803188485 0.05509632127539423
0.7592500352136479 0.03700014085459226
0.7800435024989619 0.12017400999584747
0.7696824859768694 0.07872994390747733
0.7708707676690736 0.08348307067629282
0.7571365751294894 0.028546300517956324
0.7713463161751954 0.08538526470078141
0.7568590746798456 0.027436298719382954
0.754635363599829 0.01854145439931525
0.755035845419959 0.02014338167983575
0.7633159747433202 0.05326389897328089
0.7557971458843737 0.023188583537494867
0.7548258949975196 0.019303579990078524
0.7547576059075936 0.019030423630374063
0.7580759351738974 0.03230374069558951
0.7551210570589407 0.02048422823576267
0.7534338164993034 0.013735265997213695
0.7561997192496019 0.024798876998408277
0.7567658300430893 0.027063320172357068
0.7556663396328024 0.022665358531210007
0.7568895697698806 0.027558279079522477
0.7565611800788136 0.026244720315255113
0.7585000023372038 0.03400000934881581
0.762280853102077 0.04912341240830801
0.7532035164946841 0.012814065978736472
0.7556716217637026 0.022686487054810456
0.7552913246755659 0.021165298702263954
0.7566812163467719 0.02672486538708837
0.7506990951854999 0.0027963807419995068
0.7548956230486533 0.019582492194613055
0.7552481062523312 0.020992425009324696
0.7546573580276769 0.018629432110707334
0.7509391049838942 0.003756419935576518
0.7544378194295241 0.017751277718096637
0.7570392287943393 0.028156915177357106
0.7546766174111516 0.01870646964460621
0.751846289780288 0.007385159121152345
0.7555973734459798 0.022389493783919304
0.7582329923951215 0.032931969580486255
0.7548543824311773 0.01941752972470877
0.7523995752323264 0.00959830092930529
0.755916745268372 0.023666981073488393
0.7575357614039042 0.03014304561561668
0.7562524856791267 0.025009942716507184
0.7532625249113117 0.013050099645247025
0.7559608466146622 0.0238433864586486
0.7584029970414232 0.03361198816569346
0.7570513204032991 0.028205281613196784
0.7554265777612934 0.021706311045173433
0.757423805157228 0.029695220628911882
0.7574137772354497 0.02965510894179858
0.7577322784154178 0.03092911366167101
0.7563545524259427 0.025418209703770737
0.7580558219072832 0.03222328762913278
0.7741068215085964 0.09642728603438427
0.7695871607234771 0.07834864289390883
0.7625158316727995 0.050063326691198326
0.7557156066418191 0.022862426567275936
0.7657613316466757 0.06304532658670327
0.7658968210894378 0.06358728435775143
0.761100310589417 0.04440124235766835
0.7528861292969631 0.011544517187852477
0.761964154864318 0.047856619457271765
0.7584179920144634 0.033671968057853385
0.7572232712230784 0.02889308489231417
0.7535442925196828 0.01417717007873141
0.7568875700383231 0.02755028015329213
0.757128364964429 0.028513459857716885
0.7560595009691569 0.024238003876627702
0.7539784188400297 0.015913675360119194
0.7576547557441257 0.030619022976502618
0.756452737654516 0.02581095061806444
0.7570753245856292 0.028301298342516493
0.7544897931877388 0.017959172750955342
0.7567417479533242 0.026966991813296506
0.7564514514618251 0.0258058058473007
0.7579000564165491 0.03160022566619651
0.7562802210432136 0.025120884172854154
0.7580599303907742 0.0322397215630968
0.7567461669215576 0.026984667686230007
0.7594034744791213 0.03761389791648477
0.7600818362893408 0.04032734515736403
0.7685873541986923 0.07434941679476988
0.7551358849103867 0.020543539641547374
0.7592558339449837 0.03702333577993441
0.7594567987805368 0.037827195122147335
0.7612119959008896 0.044847983603558406
0.7578201335852306 0.03128053434092303
0.761072036052013 0.04428814420805129
0.7614430125244254 0.0457720500977015
0.76925109887705 0.07700439550819968
0.7663142258271073 0.06525690330842837
0.7560889700521902 0.024355880208760703
0.7590580977876766 0.03623239115070654
0.7602808251831314 0.04112330073252566
0.7603174657863273 0.04126986314530953
0.7541466455195733 0.016586582078292528
0.7590532238283417 0.03621289531336693
0.7627751204854525 0.05110048194180998
0.7774027744207843 0.10961109768313776
0.766282288743672 0.0651291549746877
0.7696468325428821 0.07858733017152897
0.7595961977806192 0.03838479112247677
0.7637573875772395 0.055029550308958355
0.7659279276606532 0.06371171064261133
0.7734209174471063 0.0936836697884253
0.7676946346820066 0.07077853872802564
0.7663887688021387 0.06555507520855453
0.762331415681049 0.04932566272419494
0.7626652865023021 0.05066114600920812
0.7623487123400503 0.04939484936020113
0.7543558818639415 0.017423527455765947
0.7566007109225218 0.02640284369008732
0.7638220588642638 0.05528823545705522
0.7620674364171954 0.04826974566878153
0.7542389211278929 0.016955684511571187
0.7558987613763564 0.023595045505426248
0.7605996490586423 0.042398596234569534
0.7604378509029924 0.04175140361196925
0.7561942829116092 0.024777131646436548
0.7550860787896192 0.020344315158476886
0.7562052523796727 0.024821009518690703
0.7651880387570433 0.060752155028172945
0.7589269998903095 0.035707999561238234
0.7592408372759586 0.03696334910383499
0.7586983504907063 0.03479340196282496
0.7596593345053061 0.038637338021224106
0.7554764786289274 0.02190591451571018
0.7547581874795556 0.019032749918222076
0.7546944767069981 0.018777906827992245
0.7567925343956733 0.027170137582693106
0.7550635104169633 0.020254041667853055
0.7564089100497797 0.025635640199119073
0.7562151956642897 0.02486078265715892
0.7585005754901043 0.034002301960416814
0.7603999332962542 0.041599733185016585
0.7556773285335047 0.022709314134018603
0.7615811736322488 0.04632469452899461
0.7610839118409592 0.044335647363836744
0.7596084861903623 0.038433944761449665
0.7558518989890007 0.023407595956002412
0.7602453981749322 0.040981592699728155
0.7707628594044457 0.08305143761778158
0.7591147159362939 0.0364588637451755
0.7594158693060641 0.0376634772242559
0.7653739161450807 0.06149566458032196
0.7785160909787698 0.11406436391507833
0.7726624669641925 0.09064986785677012
0.761181659138422 0.04472663655368822
0.7629986093888281 0.05199443755531208
0.7608080007156469 0.043232002862587535
0.7749276380630079 0.09971055225203085
0.7656586080205239 0.06263443208209446
0.7595042574706742 0.038017029882696
0.7527209029229559 0.010883611691823796
0.7585785933224036 0.0343143732896147
0.7578499051469155 0.03139962058766178
0.7743605908740744 0.09744236349629651
0.7684114234135505 0.07364569365420208
0.7676608354719296 0.07064334188771813
0.7565162074793246 0.026064829917297958
0.7572347251999184 0.028938900799674306
0.7583198969896519 0.033279587958607006
0.7562032410405797 0.024812964162318648
0.7538401098381098 0.015360439352439565
0.756491642134166 0.02596656853666359
0.7568232144401533 0.027292857760613146
0.7546165465504623 0.01846618620184993
0.7552058107000245 0.02082324280009768
0.7570151689689014 0.028060675875606105
0.7571341088051372 0.02853643522054896
0.7563332421337072 0.02533296853482842
0.756065947304454 0.024263789217816117
0.7571501665346014 0.028600666138405995
0.7594058005586032 0.03762320223441312
0.7564291780071675 0.025716712028669573
0.7569386015502763 0.027754406201105076
0.7585597076296321 0.03423883051852871
0.7582510227617095 0.033004091046838456
0.7574391972747206 0.02975678909888299
0.7580581079759061 0.03223243190362464
0.7579341335580786 0.031736534232314796
0.7580201557267757 0.03208062290710349
0.7589903327057793 0.03596133082311808
0.7587574149354818 0.03502965974192726
0.7585851037098135 0.03434041483925397
0.7586780459484855 0.034712183793942246
0.7581483072132579 0.032593228853032084
0.7598063839512329 0.03922553580493183
0.7596370182641315 0.03854807305652607
0.7593283184506235 0.03731327380249465
0.7591017009843839 0.036406803937535204
0.7593469419238166 0.03738776769526641
0.7594669134568026 0.037867653827210496
0.7632217651867385 0.052887060746954505
0.7580413702775006 0.03216548111000297
0.758073654343991 0.03229461737596469
0.7584530209630642 0.033812083852256626
0.7574418358009691 0.029767343203877125
0.7586104883534057 0.03444195341362257
0.758738779967071 0.03495511986828398
0.7587689486204066 0.03507579448162599
0.7578605848175356 0.03144233927014214
0.7590963799102224 0.03638551964088936
0.758345235099751 0.03338094039900488
0.7590399094475012 0.03615963779000547
0.7582370112034884 0.032948044813954
0.7594884347836336 0.037953739134534585
0.7588990066113753 0.03559602644550162
0.7593968246155017 0.03758729846200728
0.758884022413673 0.03553608965469272
0.759637877576528 0.0385515103061123
0.7592470660567376 0.03698826422695019
0.7595768902520775 0.038307561008310086
0.7593079481459455 0.03723179258378163
0.7597305979784283 0.038922391913713994
0.7594854274727517 0.0379417098910069
0.7591817407493565 0.036726962997425436
0.7595939994005926 0.03837599760236993
0.7598389892096968 0.03935595683878715
0.7597539341840673 0.03901573673626981
0.7595428002594226 0.038171201037690075
0.7596881616658568 0.03875264666342677
0.7595602614612912 0.038241045845164925
0.7593738281791511 0.03749531271660425
0.7598292843821688 0.03931713752867536
0.7597237832195114 0.03889513287804538
0.7596341740262267 0.03853669610490649
0.759914841638137 0.039659366552548175
0.7598427009080402 0.03937080363216082
0.7597655436418621 0.03906217456744856
0.7596807660480276 0.03872306419211005
0.7597659403366441 0.039063761346575965
0.7599549566181889 0.039819826472755476
0.7599239682511484 0.03969587300459377
0.7623568016353136 0.04942720654125441
0.7668339889655487 0.06733595586219365
0.7636707633425358 0.05468305337014281
0.7579115113814423 0.03164604552576888
0.7573372305476179 0.029348922190471586
0.7573801018899647 0.029520407559860375
0.7689299056426248 0.07571962257049983
0.7632042609333337 0.052817043733334186
0.7742144537396372 0.096857814958548
0.7656413646863153 0.0625654587452607
0.7627427519836738 0.050971007934694744
0.760679784714646 0.04271913885858297
0.7610009985863386 0.04400399434535454
0.7638245991805386 0.05529839672215342
0.7589510628172313 0.03580425126892532
0.7565802178586297 0.026320871434518906
0.7568764596424161 0.02750583856966455
0.7564266544812999 0.02570661792519962
0.7580647463378906 0.032258985351561936
0.7570464492835217 0.0281857971340865
0.7581215577772698 0.03248623110907878
0.756964907123757 0.0278596284950273
0.7589409872490787 0.03576394899631432
0.7580528838382071 0.032211535352828155
0.7575241463995848 0.030096585598338797
0.757985763774134 0.031943055096535736
0.7584008036317829 0.03360321452713141
0.7585819533272817 0.03432781330912693
0.7579000668127189 0.03160026725087578
0.7583697078331785 0.03347883133271413
0.7588224760237555 0.035289904095022154
0.7582890965377005 0.033156386150802374
0.7580455620349541 0.032182248139816266
0.7589617561900367 0.03584702476014697
0.759136862427535 0.03654744971013955
0.759440188804394 0.037760755217576755
0.7593128144597228 0.03725125783889086
0.7589486022252437 0.035794408900974836
0.7594435794503279 0.03777431780131173
0.7597410547118905 0.038964218847561766
0.759554281696358 0.038217126785431974
0.7595875017083165 0.0383500068332658
0.7593626128675609 0.03745045147024342
0.7592338752698653 0.03693550107946113
0.7596158852733683 0.038463541093473316
0.7595641059970561 0.03825642398822473
0.7599326146973501 0.0397304587893996
0.7648013544410225 0.059205417764090204
0.768587212765518 0.07434885106207173
0.7613113304474989 0.045245321789995456
0.7581541313181234 0.032616525272492744
0.7631392176627847 0.052556870651137906
0.7755713090899238 0.10228523635969562
0.7667087163866914 0.06683486554676582
0.7649690473340839 0.05987618933633609
0.7602366716394825 0.040946686557928824
0.7599203270005954 0.039681308002382926
0.7744180023733085 0.0976720094932341
0.7613125248772964 0.04525009950918624
0.758791356228619 0.035165424914476
0.7583369835169707 0.03334793406788322
0.7573493207552133 0.029397283020853284
0.7551856627177975 0.020742650871190385
0.7554313470158242 0.021725388063296904
0.7549029432370317 0.019611772948126913
0.7542946739918246 0.017178695967298735
0.7547716516169861 0.019086606467944287
0.7574373051819759 0.029749220727904122
0.7560458924006325 0.02418356960252892
0.7557839249637479 0.023135699854991535
0.7563628278527019 0.025451311410808187
0.7548683041458178 0.019473216583271797
0.7572217158530404 0.028886863412161148
0.7577253555377359 0.030901422150943894
0.7580093542837422 0.03203741713496938
0.7579721652247119 0.03188866089884746
0.7569743901720513 0.027897560688205435
0.7569248837937487 0.027699535174994506
0.7573762853111765 0.02950514124470546
0.7581786367540009 0.03271454701600354
0.758809969577941 0.03523987831176397
0.7585242916234344 0.034097166493737244
0.7585267560208941 0.034107024083576735
0.7590971052761987 0.03638842110479465
0.7585578390665323 0.03423135626612927
0.75874582105624 0.03498328422496036
0.7591786335227704 0.036714534091081975
0.759324255051036 0.037297020204143536
0.7596767192319557 0.03870687692782275
0.7594185939810347 0.03767437592413895
0.7592236190677677 0.036894476271071334
0.7591103284997253 0.03644131399890133
0.7593774582626398 0.03750983305055995
0.7596039174088476 0.03841566963539039
0.7595619497829047 0.038247799131619215
0.7594796891180694 0.037918756472277736
0.7595866194828086 0.03834647793123378
0.7596507693533195 0.03860307741327806
0.7595320909975414 0.038128363990165066
0.759581923063129 0.03832769225251662
0.7594915453080344 0.037966181232137665
0.759598953175728 0.03839581270291296
0.7596439556843972 0.03857582273758884
0.7596312005697967 0.03852480227918736
0.759912548765385 0.03965019506154015
0.7599175766308813 0.03967030652352535
0.7598899832192957 0.03955993287718241
0.7598552961963473 0.039421184785389196
0.7598597358481818 0.03943894339272749
0.7599134685068727 0.03965387402749066
0.7598939509682253 0.03957580387290158
0.7598703781789605 0.03948151271584246
0.7598451954038176 0.03938078161527085
0.759912272796882 0.03964909118752774
0.7599702392944435 0.03988095717777487
0.7718796322137839 0.08751852885513464
0.7612746329657143 0.045098531862857436
0.7634381420488677 0.05375256819547003
0.759682730068228 0.03873092027291158
0.7640751727021456 0.05630069080858305
0.7576483786796906 0.030593514718762812
0.7613398657481634 0.04535946299265372
0.769488917512326 0.07795567004930266
0.7577836568165425 0.031134627266169758
0.7582844343572179 0.03313773742887213
0.7566044973866536 0.026417989546615114
0.7561986112081709 0.024794444832684198
0.7550546201063899 0.020218480425559376
0.7569951995847817 0.027980798339126044
0.7577790539043678 0.031116215617471445
0.7566326710998466 0.02653068439938677
0.75648720619834 0.025948824793359533
0.7583775842221128 0.033510336888451564
0.7575137379495787 0.030054951798315032
0.7568471138426645 0.02738845537065762
0.75794962385199 0.0317984954079597
0.7590591199940433 0.036236479976172624
0.7584177627003374 0.033671050801349967
0.7575296415421694 0.030118566168677426
0.7589154756301487 0.03566190252059456
0.7596524933664475 0.03860997346579012
0.7591095987955057 0.036438395182022736
0.7590213028941316 0.036085211576526915
0.7582992616578045 0.03319704663121796
0.7596708331127934 0.03868333245117384
0.7594735457413948 0.03789418296557943
0.7591325480969734 0.0365301923878938
0.7591792333874625 0.036716933549850346
0.7586667772170599 0.034667108868239274
0.7597046600490622 0.03881864019624901
0.76686380298305 0.06745521193220018
0.7578010802207993 0.031204320883197356
0.756852545615747 0.027410182462987532
0.7595770835306044 0.03830833412241772
0.7590550827328174 0.03622033093126976
0.7582838418655953 0.033135367462381236
0.7579905083327156 0.03196203333086269
0.7596484485788746 0.03859379431549807
0.7592794027717532 0.037117611087012975
0.7587984013964596 0.03519360558583858
0.7581742246690094 0.03269689867603818
0.7597759317459001 0.039103726983601136
0.7593784943877765 0.03751397755110565
0.7590834991629933 0.036333996651973115
0.7590864787082918 0.036345914833167695
0.758814771664179 0.03525908665671571
0.7596513288742986 0.03860531549719454
0.7594327067669137 0.037730827067654724
0.7592743534406873 0.03709741376274921
0.7589745692064804 0.035898276825921574
0.7587562902393421 0.035025160957368434
0.7598387064566937 0.03935482582677517
0.7596976878062397 0.038790751224959064
0.7595146209578233 0.03805848383129306
0.7593231794039 0.03729271761560058
0.7599291281856927 0.039716512742770674
0.759797656312912 0.039190625251648264
0.759778984670004 0.039115938680016255
0.759836660966618 0.03934664386647114
0.7603606573734736 0.041442629493894295
0.775237546007953 0.10095018403181232
0.7662723064274801 0.06508922570992044
0.76818919655251 0.07275678621003948
0.7684519429096723 0.07380777163868832
0.7619707328627858 0.04788293145114273
0.7609611466499524 0.04384458659980942
0.7612534160735952 0.045013664294381375
0.7588854301584718 0.035541720633886685
0.7592049785858466 0.03681991434338597
0.7559099739496239 0.02363989579849606
0.7581173594306213 0.03246943772248527
0.7580203889306679 0.032081555722671705
0.7586112041520479 0.03444481660819131
0.75751192259568 0.030047690382720402
0.7579163336943756 0.03166533477750217
0.7583285353937389 0.03331414157495635
0.7590910201123574 0.036364080449429965
0.7581968878481802 0.032787551392719966
0.7573464273264738 0.029385709305895454
0.75839347945576 0.03357391782304022
0.7591090012002827 0.036436004801131044
0.7585037441650117 0.034014976660046804
0.7584988269572139 0.03399530782885554
0.7596544944608082 0.03861797784323338
0.7591173125322699 0.03646925012907927
0.7587530414393637 0.03501216575745514
0.7585971409315522 0.03438856372620937
0.7582454971684928 0.03298198867397102
0.7596560477816067 0.038624191126426746
0.7595974003122766 0.03838960124910734
0.7631995852531595 0.05279834101263842
0.7583766132896885 0.03350645315875399
0.7581527779951875 0.03261111198075013
0.7574484082506521 0.02979363300260852
0.759661501021659 0.038646004086636036
0.7594675882132864 0.037870352853145314
0.7589135086761019 0.03565403470440781
0.7586576751463119 0.03463070058524771
0.7593733682862264 0.037493473144905344
0.7594668013768859 0.0378672055075437
0.7591586029726731 0.03663441189069263
0.7590220407047755 0.03608816281910174
0.7590127644050539 0.03605105762021641
0.7601183878166986 0.04047355126679462
0.7572010074338835 0.02880402973553414
0.7583876235709591 0.03355049428383643
0.7595467599195626 0.038187039678249816
0.7589509159411816 0.03580366376472628
0.7579126231530777 0.031650492612310954
0.7589346479343422 0.03573859173736883
0.7593370823429326 0.037348329371730306
0.7591608745239925 0.036643498095969826
0.7589874861170186 0.0359499444680747
0.7582679702500239 0.03307188100009598
0.7590944527371765 0.03637781094870631
0.7585870636662598 0.034348254665039
0.7585951309164918 0.03438052366596683
0.7589433095643457 0.03577323825738312
0.7596292017383938 0.03851680695357401
0.7616739871259405 0.04669594850376109
0.7819068503127171 0.12762740125086827
0.7722519982399433 0.08900799295977321
0.7604798382313114 0.04191935292524576
0.7568001692824233 0.02720067712969378
0.7571965707672658 0.028786283069063313
0.756854077247936 0.027416308991744087
0.7574923226797432 0.029969290718972044
0.7562687408900516 0.025074963560206154
0.7566685430944652 0.026674172377860614
0.7577374439145637 0.030949775658254727
0.758429744718827 0.033718978875307976
0.7576306238107676 0.030522495243070148
0.7678820558105073 0.07152822324202984
0.7662557298777541 0.06502291951101608
0.7628684509660544 0.05147380386421675
0.7631425559610772 0.05257022384430915
0.7592776829858684 0.03711073194347499
0.772594238211767 0.09037695284706747
0.7647053631381201 0.05882145255248037
0.7608575044244827 0.04343001769793059
0.7606609130264808 0.0426436521059237
0.7585899998566318 0.03435999942652687
0.7566748050512974 0.026699220205189063
0.7553996196802326 0.021598478720930632
0.7555510963556926 0.022204385422770777
0.7571202939262635 0.028481175705054408
0.7569458353685781 0.027783341474312325
0.7560267840327587 0.024107136131035257
0.759006852429469 0.036027409717877185
0.7783265719553947 0.11330628782157862
0.77270354521621 0.09081418086484028
0.7591354394075701 0.03654175763028058
0.7587418777015733 0.03496751080629373
0.7596919690895053 0.03876787635802151
0.7588631708291993 0.03545268331679728
0.7578645054929166 0.031458021971666375
0.7570870246641661 0.02834809865666509
0.7598464545120095 0.03938581804803812
0.7589389807583654 0.03575592303346189
0.757836634243494 0.03134653697397607
0.7565372083279983 0.026148833311993518
0.7584827537927762 0.033931015171105014
0.7594038165404718 0.03761526616188762
0.7585057456355914 0.03402298254236509
0.7578922448239362 0.031568979295745
0.7581849579002663 0.03273983160106572
0.7578607752478719 0.031443100991487394
0.7592946148949388 0.037178459579755095
0.7589952800422592 0.035981120169037054
0.7588821449480679 0.03552857979227184
0.7591699067616233 0.036679627046492726
0.7593009010663636 0.03720360426545367
0.75893278260092 0.03573113040368002
0.7595571277515005 0.03822851100600193
0.7593224030193582 0.0372896120774324
0.7592338702403714 0.036935480961485447
0.7590005810993263 0.036002324397304865
0.7597750027989715 0.039100011195885624
0.7597591432855958 0.03903657314238349
0.7597578258480402 0.03903130339216162
0.759652891911987 0.03861156764794847
0.7595534091855133 0.038213636742053685
0.7594398593464756 0.03775943738590209
0.7594957009912765 0.0379828039651062
0.7598576030306614 0.039430412122646086
0.7598071646236981 0.039228658494792616
0.759822737971879 0.03929095188751643
0.7598585778334468 0.03943431133378715
0.7598905582029416 0.039562232811765574
0.7598776027901745 0.03951041116069838
0.7598553466742927 0.03942138669717092
0.7598154967684821 0.039261987073928896
0.7598301970881554 0.03932078835262131
0.7598018012764197 0.03920720510567928
0.7597967076686177 0.039186830674471325
0.7598559062878496 0.03942362515139811
0.7599569186714706 0.0398276746858824
0.7599306811775332 0.039722724710132266
0.7599426507845841 0.039770603138336594
0.7599525130244739 0.039810052097896315
0.7599385463670377 0.03975418546815066
0.7599488139570303 0.039795255828121164
0.7599554160633295 0.0398216642533175
0.7599476219603423 0.039790487841369196
0.7599423258898069 0.0397693035592275
0.7599522371728804 0.03980894869152161
0.7599531269303715 0.03981250772148628
0.759969368734306 0.03987747493722469
0.7599627074771622 0.039850829908649
0.7604810525640626 0.04192421025624979
0.7719212412458338 0.08768496498333507
0.7592205954516444 0.036882381806577824
0.7560190300564621 0.02407612022584894
0.755181534571366 0.020726138285464137
0.7584979169604911 0.03399166784196416
0.7574479815787056 0.029791926314822848
0.7565762789539628 0.026305115815851616
0.7568711033914883 0.027484413565953103
0.7592586392618909 0.03703455704756326
0.758668199579744 0.0346727983189759
0.7577894431631472 0.031157772652588588
0.7575883643548877 0.03035345741955076
0.7564640594217416 0.025856237686965787
0.757864972776475 0.031459891105900015
0.7588418367462062 0.03536734698482466
0.7586157060019487 0.034462824007794525
0.7586840590224532 0.03473623608981275
0.7589382192786814 0.03575287711472555
0.7593100522919601 0.037240209167840786
0.7589342240992584 0.03573689639703366
0.759209072570006 0.036836290280024254
0.7589397889600135 0.035759155840054055
0.7592167847359192 0.03686713894367684
0.7589673788447451 0.03586951537898043
0.7590909726281804 0.03636389051272182
0.7609400667195889 0.043760266878356345
0.7596584155572734 0.03863366222909384
0.7595073333148377 0.038029333259350304
0.7592812488406705 0.037124995362681774
0.7595908235993065 0.038363294397226244
0.7595875552233159 0.038350220893263065
0.7596508992154061 0.03860359686162432
0.7599155774671351 0.03966230986854056
0.7598040642732427 0.0392162570929708
0.759734237338374 0.03893694935349561
0.7598556066168897 0.03942242646755882
0.7598439687498878 0.03937587499955179
0.759840169260862 0.03936067704344847
0.7606432985505794 0.0425731942023187
0.7713538644813172 0.08541545792526911
0.7647151798897002 0.058860719558800616
0.760094758283774 0.04037903313509677
0.7582750039337565 0.033100015735026196
0.7598637167608681 0.03945486704347201
0.765853767256584 0.06341506902633634
0.7790582250535502 0.11623290021419916
0.7704451073839722 0.08178042953588757
0.7661880197730387 0.06475207909215508
0.7770276168060183 0.10811046722407208
0.7644384755341033 0.05775390213641295
0.7645534554991673 0.05821382199666946
0.7604419498086241 0.04176779923449689
0.7586138932848914 0.03445557313956537
0.7581486679303968 0.03259467172158725
0.7618627993651076 0.04745119746043037
0.759006034112984 0.03602413645193577
0.7581047453118019 0.032418981247207775
0.7583470048075232 0.03338801923009308
0.7583780906820743 0.03351236272829741
0.756968075042157 0.027872300168627566
0.7578657722142128 0.0314630888568512
0.7590532153726507 0.03621286149060312
0.7588693414664555 0.03547736586582201
0.7586178005546693 0.03447120221867779
0.7581537228847565 0.03261489153902545
0.7591931826719381 0.036772730687752685
0.7585975109192202 0.034390043676880956
0.7587016581984354 0.03480663279374169
0.7585492618891462 0.03419704755658451
0.7584618286614225 0.03384731464569028
0.7588272294353784 0.03530891774151344
0.7586963674220839 0.034785469688335686
0.7593877701323654 0.03755108052946102
0.759206213610999 0.03682485444399571
0.7594633484034591 0.037853393613836904
0.7595874507282617 0.03834980291304825
0.7595829332688669 0.038331733075468034
0.7596338610450821 0.038535444180328886
0.7597811486153655 0.0391245944614618
0.7596466382530277 0.0385865530121104
0.759538579229887 0.03815431691954799
0.7597251318921212 0.03890052756848467
0.7596806470652946 0.03872258826117823
0.7597908502386275 0.03916340095451014
0.759793297159638 0.03917318863855169
0.7598475027049199 0.03939001081967923
0.7598867342924192 0.03954693716967597
0.7598619571063208 0.03944782842528301
0.7598639829921872 0.039455931968749
0.7598614417623398 0.03944576704935922
0.7598820934720788 0.03952837388831507
0.7598867635443592 0.039547054177437105
0.7599546667817431 0.039818667126972566
0.7599395923692507 0.03975836947700253
0.7599489489462062 0.039795795784824825
0.759933082697281 0.0397323307891249
0.7599365386200896 0.0397461544803579
0.7599282647410032 0.039713058964012234
0.7599267580199554 0.039707032079821326
0.7599683215910124 0.03987328636404951
0.759949959169677 0.03979983667870802
0.7599593692990458 0.03983747719618251
0.7619868663668314 0.04794746546732548
0.7599609945455881 0.039843978182352045
0.7599663158303588 0.03986526332143476
0.7599807844236248 0.039923137694499206
0.7599772129996708 0.03990885199868343
0.7599850961878866 0.0399403847515462
0.7599808012462492 0.03992320498499644
0.759976161904501 0.03990464761800379
0.759975230735392 0.03990092294156773
0.7599721942175411 0.0398887768701645
0.7599737981737611 0.0398951926950444
0.7600095317985164 0.040038127194064715
0.7599859885735749 0.039943954294300116
0.7599831286083836 0.03993251443353414
0.7599809853171107 0.039923941268442203
0.7599828398460876 0.03993135938435046
0.7599818816808291 0.039927526723317
0.7599802781169558 0.03992111246782324
0.759979145153556 0.03991658061422394
0.7599776915082344 0.03991076603293722
0.7599901113097686 0.039960445239073744
0.7599895078856812 0.03995803154272477
0.7599896243643508 0.0399584974574029
0.7599895226397254 0.03995809055890185
0.7599887961315848 0.03995518452633916
0.7599925587506982 0.039970235002792245
0.7599954177226157 0.03998167089046187
0.7599955245772965 0.03998209830918591
0.7599951182736485 0.039980473094594314
0.7599941378571948 0.039976551428779455
0.7599970351482925 0.03998814059317
0.7600043588950668 0.040017435580266755
0.7621735529680272 0.0486942118721088
0.7601008032070707 0.04040321282828323
0.7622408202902997 0.048963281161198614
0.7617653562409352 0.04706142496374051
0.7585789713246744 0.03431588529869737
0.7579489744984127 0.031795897993650825
0.7598976943988958 0.03959077759558305
0.759490323237037 0.03796129294814844
0.7589864772254563 0.03594590890182554
0.7583421658243463 0.033368663297385213
0.7599694070571384 0.03987762822855335
0.7596649526480448 0.03865981059217887
0.7593892529921044 0.03755701196841707
0.7593307296940415 0.03732291877616598
0.7590792701854742 0.03631708074189621
0.7598441070492895 0.039376428197157594
0.7596896490797 0.03875859631879966
0.7596936649404834 0.03877465976193399
0.7594753567138038 0.03790142685521478
0.7599372494750264 0.03974899790010569
0.7598419025893527 0.03936761035741072
0.7598389697904351 0.03935587916174076
0.7599212912563543 0.039685165025417427
0.7599635890207895 0.03985435608315828
0.7599059167757153 0.039623667102860714
0.7598222260969446 0.03928890438777898
0.7598340998351902 0.03933639934076119
0.759751068263639 0.039004273054555706
0.7598611036958893 0.03944441478355678
0.7599797250978497 0.039918900391399
0.7599332684509913 0.03973307380396547
0.7598908749833241 0.039563499933296144
0.7599330172173913 0.0397320688695651
0.7599387728404927 0.03975509136197115
0.7599802341307875 0.039920936523151075
0.7599519167525721 0.03980766701028837
0.7599546017133472 0.03981840685338839
0.7673382457952468 0.06935298318098639
0.7593151419452328 0.03726056778093143
0.7706052752956458 0.08242110118258271
0.7777678246612103 0.1110712986448417
0.7741144656568971 0.09645786262758856
0.759589549085313 0.03835819634125192
0.7581431087545709 0.0325724350182837
0.7607839081852573 0.04313563274102936
0.7594415846066888 0.03776633842675556
0.7602212945832647 0.040885178333058846
0.7556820258527432 0.022728103410972943
0.7558177872753553 0.023271149101421543
0.7582226761162653 0.032890704465061094
0.7582901612983898 0.03316064519355954
0.7578851029466966 0.031540411786786446
0.7592181020908919 0.036872408363567734
0.7586522749543818 0.034609099817527085
0.7612438987406626 0.04497559496265003
0.758720360107277 0.03488144042910779
0.7589625443125229 0.03585017725009136
0.7584210851946689 0.03368434077867555
0.7586192166266337 0.03447686650653545
0.7586333484165987 0.034533393666395684
0.7587734382511678 0.035093753004671824
0.7590402873426515 0.03616114937060635
0.7591552236783624 0.036620894713449655
0.7594374445827407 0.03774977833096256
0.7591412797643285 0.03656511905731426
0.7591129412172335 0.036451764868933687
0.7588664347158928 0.03546573886357118
0.7593005758500052 0.03720230340002086
0.7592439390457613 0.03697575618304486
0.7594735400906123 0.03789416036244898
0.7595697827486302 0.038279130994520856
0.759419222060007 0.03767688824002822
0.7593666366024238 0.037466546409694254
0.7596654516003486 0.03866180640139439
0.7596295532968775 0.03851821318751026
0.7595205784230391 0.038082313692156686
0.7598210619798325 0.039284247919329704
0.759824755266949 0.03929902106779587
0.759817398571183 0.03926959428473099
0.7602768773802409 0.04110750952096412
0.7797923553408052 0.1191694213632198
0.7657275903904619 0.06291036156184722
0.7563083987732494 0.02523359509299821
0.7572394984815872 0.028957993926349557
0.759360306477877 0.037441225911507565
0.7584069338626601 0.033627735450640114
0.7577342766995545 0.030937106798218324
0.7567379008556351 0.026951603422540566
0.7597235405365333 0.03889416214613364
0.7590693406587417 0.036277362634967274
0.758179031037364 0.03271612414945649
0.75868390854913 0.03473563419652028
0.7659760594792445 0.06390423791697827
0.7572289053447951 0.028915621379180925
0.759067507187773 0.03627002875109156
0.7593425352694173 0.03737014107766958
0.7579680657743257 0.03187226309730254
0.7595690599541034 0.038276239816414016
0.7598679599477894 0.0394718397911579
0.7587041254261271 0.03481650170450814
0.7587556471523434 0.03502258860937342
0.758039542029542 0.03215816811816809
0.7585241361696161 0.0340965446784643
0.7580497536390998 0.032199014556398536
0.7594989170078157 0.03799566803126182
0.7595498195911757 0.03819927836470256
0.7590008776409918 0.03600351056396669
0.7585481526805001 0.034192610722000444
0.7596008931879347 0.038403572751738634
0.7595601605942522 0.03824064237700931
0.7595695383054293 0.03827815322171706
0.7595828291314232 0.038331316525692355
0.7595806887294774 0.03832275491790948
0.759394967578421 0.03757987031368373
0.7597653661988438 0.03906146479537529
0.7595861654706869 0.038344661882747155
0.759456519328693 0.037826077314771764
0.7595220792168637 0.038088316867454335
0.7593454724017366 0.037381889606946085
0.7592176176002923 0.03687047040116867
0.7591747770860059 0.03669910834402324
0.7594812318323327 0.0379249273293311
0.7598132352520993 0.03925294100839742
0.7597237558967498 0.038895023586998645
0.7597390558208006 0.038956223283203355
0.7598384755668142 0.039353902267257344
0.7596778823047629 0.038711529219051674
0.7596257362433679 0.03850294497347218
0.7598662652907694 0.03946506116307814
0.761731272832849 0.04692509133139584
0.773734337292271 0.09493734916908408
0.7570946474869282 0.02837858994771266
0.7577083204042921 0.030833281617168265
0.7574014066225228 0.0296056264900907
0.7580268952680663 0.032107581072265176
0.758898419707282 0.03559367882912778
0.7586619529532891 0.034647811813156404
0.758299043183873 0.033196172735491566
0.7580582833110925 0.03223313324437056
0.7587962030016132 0.03518481200645269
0.7591469284103378 0.036587713641350855
0.7593931347413548 0.0375725389654189
0.7589331049937209 0.03573241997488364
0.7587960185377344 0.03518407415093744
0.7594786788504412 0.03791471540176445
0.7591312095482715 0.03652483819308627
0.7595439251346434 0.03817570053857395
0.7597868957368241 0.03914758294729628
0.7595828672372175 0.038331468948869185
0.7595616448590348 0.03824657943613845
0.7593574048647161 0.037429619458863826
0.7595503102972917 0.03820124118916676
0.7593329236323239 0.037331694529295224
0.7595253949032051 0.038101579612821214
0.7593333143131734 0.03733325725269406
0.7598391653665187 0.03935666146607488
0.75982168677605 0.03928674710420041
0.7598055955914645 0.03922238236585839
0.7596920057237468 0.03876802289498756
0.7597832075274229 0.03913283010969189
0.7597289477383691 0.03891579095347688
0.759908522849037 0.03963409139614825
0.7598666568517808 0.039466627407123506
0.7598377288807021 0.039350915522808755
0.7597842382470504 0.03913695298820191
0.759741315154868 0.03896526061947183
0.7597735853189317 0.03909434127572709
0.7598095554502897 0.0392382218011591
0.7597903438421816 0.03916137536872627
0.7597549342834384 0.039019737133753424
0.7599018270970483 0.039607308388193894
0.7598685334442874 0.03947413377714995
0.759924627294369 0.039698509177476915
0.7599021892323244 0.03960875692929721
0.7599839868452297 0.03993594738091917
0.7610398067418801 0.04415922696751972
0.773362390806618 0.09344956322647331
0.7638886128974282 0.05555445158971252
0.7677693778606212 0.07107751144248535
0.7653703391135093 0.0614813564540366
0.7652863918758405 0.061145567503361004
0.7605301376534848 0.04212055061393936
0.7608108240767302 0.04324329630692147
0.7639931667383051 0.05597266695322026
0.7656347521723608 0.06253900868944333
0.7593375053980503 0.037350021592201486
0.7595023493355448 0.038009397342179806
0.7618591431275041 0.047436572510016276
0.761222935390133 0.04489174156053121
0.7615820560603729 0.04632822424149218
0.7616035430322583 0.046414172129033246
0.7611537832897209 0.044615133158883824
0.7598405620684393 0.03936224827375776
0.7597336213645104 0.038934485458041575
0.7596107720899606 0.03844308835984223
0.7595127343405815 0.03805093736232625
0.7601850701435986 0.04074028057439479
0.7707301020953996 0.08292040838159861
0.7615991173678799 0.04639646947151928
0.7573131089372522 0.02925243574900912
0.7574746236999594 0.029898494799837846
0.7596861980089481 0.03874479203579239
0.7589609357971109 0.035843743188443807
0.7581819530272361 0.03272781210894403
0.7583658230356598 0.03346329214263902