0.8490601562950723 0.396240625180289
0.7950000000976761 0.1800000003907032
0.8034924844084691 0.21396993763387798
0.890255643627473 0.5610225745098968
0.8220597454184103 0.28823898167364126
0.7633314647624678 0.05332585904987217
0.7512501021790761 0.005000408716304337
0.8696012682420649 0.4784050729682599
0.7647480387971948 0.058992155188778136
0.7915848999782473 0.16633959991299144
0.765491891477367 0.06196756590946703
0.7939896337169742 0.17595853486789761
0.7500248840463638 9.953618545498349e-05
0.7692126358696235 0.07685054347849418
0.7607333736481988 0.04293349459279466
0.7597286562138872 0.038914624855549064
0.7624941189587519 0.049976475835006806
0.7691741607373875 0.07669664294954888
0.7610145843695868 0.04405833747834798
0.7615352417071911 0.04614096682876419
0.7568683360953777 0.027473344381510625
0.7629124616755639 0.051649846702255635
0.7662375133287946 0.06495005331517871
0.7550758142561549 0.020303257024619246
0.7574119206889561 0.029647682755824474
0.7520536564791469 0.008214625916587925
0.7567806237055739 0.027122494822295166
0.7540737536389761 0.016295014555904402
0.7540040596917932 0.01601623876717307
0.7511187216131405 0.004474886452560992
0.7593692220351468 0.037476888140587195
0.7537093865487604 0.014837546195041428
0.7520135068840641 0.008054027536256295
0.7519541574050899 0.007816629620359956
0.7588371669041866 0.03534866761674654
0.754395812225601 0.017583248902404095
0.773313565566865 0.09325426226745964
0.7582027253408394 0.03281090136335774
0.7600216864766607 0.040086745906642955
0.7805022097173125 0.12200883886925071
0.769457389408389 0.07782955763355677
0.7638192172338475 0.05527686893539026
0.766361433216457 0.0654457328658277
0.7702199324514766 0.08087972980590649
0.7656607519786385 0.0626430079145543
0.7702052143360316 0.0808208573441276
0.7879781578746398 0.15191263149855827
0.7796811276192694 0.1187245104770782
0.7710083128979898 0.08403325159195855
0.7557108343957267 0.022843337582907696
0.7687942564700733 0.07517702588029392
0.7698837001834308 0.07953480073372311
0.7736941603863431 0.09477664154537253
0.755195271900985 0.020781087603939877
0.7723606740089355 0.08944269603574202
0.7600582215921284 0.04023288636851353
0.7590051110947126 0.03602044437884918
0.7549941456291656 0.019976582516662546
0.7538453938774515 0.015381575509806109
0.7525991471191449 0.010396588476579805
0.7563017316294541 0.02520692651781654
0.7533558737348506 0.013423494939401955
0.7516954931951599 0.006781972780639931
0.7517515992839873 0.007006397135949252
0.7567652742870942 0.027061097148376435
0.7550218283438813 0.02008731337552502
0.7523176682323808 0.00927067292952289
0.7536059215877579 0.014423686351031298
0.7583951180351299 0.03358047214051942
0.7552173454937002 0.020869381974800785
0.7539089209474514 0.015635683789805625
0.7572803180237817 0.0291212720951273
0.7590588021198235 0.03623520847929368
0.7560154870527762 0.024061948211104748
0.7559114821940586 0.023645928776233442
0.7823057732710261 0.12922309308410462
0.7683967634949924 0.07358705397997028
0.7633032541511428 0.05321301660457106
0.75484999132263 0.019399965290519537
0.7627467149844569 0.05098685993782661
0.7614559607981325 0.045823843192529905
0.7546563592177219 0.01862543687088731
0.7532448918452449 0.012979567380979839
0.7555546983208139 0.022218793283255146
0.7539763076092757 0.015905230437102718
0.7529358170361724 0.011743268144689529
0.752182055537098 0.008728222148392351
0.7537891568946885 0.015156627578754096
0.7545234365776023 0.018093746310410292
0.7544303685497654 0.017721474199062243
0.7535460896087447 0.014184358434979503
0.7543343518999488 0.017337407599795046
0.7555221313914319 0.022088525565727123
0.7532423585067437 0.012969434026976185
0.7850306522889093 0.14012260915563746
0.7860287802162095 0.1441151208648389
0.7603511984614845 0.0414047938459378
0.7574443539187847 0.029777415675138724
0.7733784539531744 0.0935138158126985
0.7659304683783178 0.06372187351327066
0.7567810130809325 0.0271240523237294
0.7517165193269971 0.006866077307988331
0.7578214559887002 0.03128582395480028
0.7561676968135237 0.024670787254094727
0.7518939964388216 0.007575985755286369
0.7582664003863375 0.0330656015453497
0.7667216907136644 0.06688676285465683
0.7599558684222505 0.03982347368900164
0.7513151102928098 0.0052604411712393485
0.7598902761919024 0.03956110476760885
0.7575885929120365 0.030354371648145077
0.755206388499345 0.020825553997379592
0.7500253071339767 0.00010122853590691744
0.7559372799098548 0.023749119639419006
0.7549936125051241 0.019974450020496286
0.7538598754847773 0.015439501939109312
0.7543529311569988 0.017411724627995277
0.7597044038915837 0.03881761556633458
0.7564795067420381 0.025918026968152718
0.7545702317865226 0.018280927146090118
0.7503014300358645 0.0012057201434580776
0.7577883666566914 0.031153466626765075
0.7553427073771849 0.02137082950873956
0.754446163027762 0.017784652111047343
0.751020342035235 0.004081368140939883
0.7587149972118786 0.034859988847513936
0.7571942373905284 0.028776949562113723
0.7548526253315369 0.019410501326147623
0.7522226175548513 0.008890470219405408
0.759456376426608 0.03782550570643203
0.7578377345428791 0.031350938171516934
0.7561219354808452 0.024487741923380765
0.7535384974323581 0.014153989729432312
0.7597289657264884 0.03891586290595337
0.7583636552120732 0.03345462084829262
0.7568536000378663 0.027414400151464447
0.755079613647711 0.02031845459084467
0.7675746664231123 0.07029866569244902
0.7580626155393589 0.03225046215743566
0.7538398914150847 0.015359565660339136
0.7518157133548402 0.007262853419361285
0.7570725392967461 0.028290157186984476
0.7541600895116126 0.016640358046450678
0.7546406094735674 0.01856243789426986
0.7568165593480609 0.027266237392243736
0.7592582078057459 0.03703283122298401
0.7522888692370922 0.009155476948369011
0.7551402636681805 0.020561054672722633
0.7511730985975366 0.004692394390146542
0.7561781814820191 0.024712725928075923
0.7528893420364902 0.011557368145960843
0.7557935650532983 0.02317426021319283
0.7530400689193715 0.012160275677485797
0.7544115927247477 0.017646370898990064
0.7538037041692084 0.015214816676833219
0.7591862724944314 0.0367450899777245
0.7576027167804666 0.030410867121866643
0.7713398570659687 0.08535942826387545
0.7588974112215559 0.03558964488622302
0.7657433977667216 0.06297359106688591
0.7545482381375522 0.01819295255020926
0.7569793354590153 0.027917341836061
0.7566654010538642 0.026661604215456665
0.7562406568143004 0.024962627257201442
0.7634781372631416 0.05391254905256622
0.7570411271524904 0.028164508609961256
0.7543547431913524 0.01741897276540921
0.7531360354977132 0.012544141990852879
0.7554609934364419 0.021843973745767516
0.7560198781255721 0.02407951250228846
0.753356129243101 0.01342451697240353
0.7535392702644842 0.014157081057936182
0.7568197780864466 0.02727911234578609
0.7570256202660325 0.02810248106412935
0.7543524762042892 0.017409904817156662
0.754731698734853 0.018926794939411837
0.7578439885285946 0.03137595411437829
0.7559773821660117 0.023909528664046543
0.7543123864994541 0.017249545997817372
0.7546607649356291 0.01864305974251603
0.757686898827929 0.03074759531171553
0.7575943528675871 0.03037741147034862
0.7558003302470746 0.023201320988298232
0.7553902121074167 0.02156084842966683
0.7581481218751065 0.03259248750042582
0.7582090082379875 0.03283603295194957
0.7566152466271447 0.026460986508578824
0.7570728182722581 0.028291273089032183
0.7589949637685837 0.03597985507433484
0.7580285169693228 0.03211406787729094
0.7579177641116424 0.03167105644656933
0.7581931354016136 0.03277254160645438
0.7585261161458408 0.03410446458336245
0.7586619461325632 0.03464778453025267
0.7587633353818483 0.035053341527392944
0.7591950709039429 0.03678028361577201
0.7652094265077034 0.060837706030813295
0.7608979992596017 0.043591997038407305
0.7631500290406911 0.05260011616276421
0.7618713931295001 0.047485572517999855
0.7689828868936252 0.07593154757450046
0.7652428522169226 0.0609714088676894
0.7587261994627323 0.03490479785093003
0.7629262543849576 0.051705017539830485
0.7613242903382015 0.04529716135280618
0.7600594760891467 0.04023790435658689
0.7576327187803179 0.030530875121271565
0.7624092032248907 0.0496368128995634
0.7597082507261967 0.038833002904786626
0.7607911112491945 0.04316444499677823
0.754628241947298 0.018512967789191904
0.7583974150718995 0.033589660287598425
0.7573999425905322 0.029599770362128765
0.7567389917471528 0.026955966988610466
0.756672572609514 0.02669029043805601
0.7589733036058094 0.03589321442323675
0.7660477301249182 0.06419092049967168
0.7575715695487315 0.030286278194925322
0.7566581747064413 0.026632698825764977
0.7566861572997697 0.026744629199079176
0.7566940133251964 0.026776053300785266
0.7550461714894994 0.02018468595799733
0.7551747387605511 0.020698955042203628
0.7574594350329004 0.02983774013160088
0.7783790149004048 0.113516059601619
0.7579950090152205 0.031980036060882
0.755608093795894 0.022432375183576072
0.7584683955492156 0.03387358219686237
0.7595332255347723 0.038132902139090194
0.7567997452050748 0.027198980820298813
0.7570630270352808 0.028252108141122983
0.7585941747017099 0.03437669880683946
0.7576787722003379 0.030715088801350342
0.7559193671535899 0.023677468614360014
0.780152310477326 0.12060924190930374
0.7729186062534441 0.09167442501377626
0.76118452142234 0.044738085689360274
0.753770511702212 0.015082046808847583
0.7570554490902082 0.028221796360832746
0.7583794236946779 0.03351769477871153
0.7568410231845069 0.027364092738026567
0.758075065529008 0.03230026211603256
0.758635425831145 0.034541703324579266
0.7800277634798135 0.12011105391925378
0.7612129863599365 0.04485194543974595
0.7582741188002785 0.033096475201114306
0.7574742312552825 0.029896925021128853
0.762958309035155 0.051833236140620347
0.7583511357579559 0.03340454303182371
0.7539840498055794 0.01593619922231759
0.7531761387245358 0.012704554898142997
0.756423288166608 0.025693152666431587
0.7557925479027423 0.023170191610968817
0.7537247727129837 0.014899090851934612
0.753729362295369 0.014917449181476099
0.7576865912125639 0.030746364850255233
0.7569299557199982 0.02771982287999259
0.7542567765522015 0.017027106208805737
0.754490614093917 0.01796245637566804
0.7587371937091266 0.03494877483650712
0.7861656352187673 0.14466254087506955
0.7719824714897392 0.08792988595895647
0.7735052120936879 0.09402084837475119
0.7665679411086893 0.06627176443475827
0.7806091131013294 0.12243645240531803
0.7639608130182813 0.055843252073124884
0.7665175011877297 0.06607000475091912
0.7606796447370663 0.04271857894826513
0.7696588606189151 0.0786354424756601
0.7591837125038997 0.03673485001559855
0.7586005774968874 0.03440230998754954
0.7565648053160694 0.026259221264277564
0.7586103281151079 0.034441312460430945
0.7605205709733347 0.04208228389333845
0.7618114587907117 0.04724583516284617
0.7591052063359969 0.03642082534398752
0.7574033092255427 0.029613236902170454
0.7534154646481643 0.013661858592657814
0.7579110632532714 0.031644253013085294
0.7563449624708776 0.025379849883509747
0.7557268337156927 0.02290733486277062
0.7544135739238408 0.01765429569536402
0.7575489559421991 0.03019582376879644
0.7577829752880804 0.031131901152321017
0.7563627123790565 0.025450849516225622
0.7557664430343859 0.023065772137543412
0.7565762767999549 0.02630510719981995
0.7573559721311887 0.02942388852475405
0.7572093056135323 0.02883722245412903
0.7563081857471563 0.02523274298862532
0.7588299646871861 0.03531985874874449
0.7587501274482478 0.03500050979299108
0.7581698417860047 0.032679367144017674
0.7579125976026786 0.031650390410714976
0.7692469207560819 0.07698768302432789
0.7648926883932338 0.05957075357293497
0.7558937218210505 0.02357488728420176
0.7549247547125588 0.019699018850235755
0.7556949103346061 0.022779641338424462
0.7582245540138877 0.03289821605555063
0.7569140352503215 0.0276561410012859
0.7555306517954605 0.022122607181842405
0.7564540961058104 0.02581638442324123
0.7588727129822582 0.03549085192903349
0.7581667019354871 0.032666807741948155
0.7710655192330974 0.08426207693238986
0.7591427846062316 0.036571138424926236
0.7560757604267551 0.02430304170702042
0.7547362180883797 0.01894487235351806
0.7579353025707425 0.03174121028297005
0.7545076468851077 0.018030587540430784
0.7550111794321208 0.020044717728482743
0.7530892792420562 0.012357116968224429
0.7578877450527226 0.03155098021088986
0.7561925405637527 0.02477016225501113
0.756330223575123 0.025320894300492513
0.7558343123784833 0.02333724951393336
0.7567800632627191 0.027120253050876623
0.7554776710607745 0.021910684243098073
0.7564321148216726 0.02572845928669018
0.7560745314180306 0.024298125672122507
0.758410796873703 0.03364318749481247
0.7580800266100469 0.032320106440187645
0.7583133807036188 0.03325352281447499
0.7577829349176471 0.03113173967058853
0.7584463365413757 0.033785346165502966
0.7589125882742553 0.03565035309702082
0.7587683930844982 0.0350735723379923
0.7579994259413518 0.031997703765407275
0.7585639860770056 0.0342559443080221
0.7584410221163651 0.033764088465461806
0.7582290586184702 0.03291623447387995
0.7635831824363905 0.05433272974556206
0.7615958749193911 0.046383499677563854
0.7595474788880329 0.03818991555213051
0.7587192043556094 0.034876817422436986
0.7579104156302816 0.03164166252112611
0.756473195039518 0.025892780158071897
0.7558523538555245 0.023409415422097703
0.7569857991184592 0.027943196473836824
0.758668060487054 0.034672241948215936
0.7573869101275855 0.029547640510341797
0.7563836709796162 0.02553468391846485
0.7574314914015423 0.029725965606169705
0.7588931945143083 0.035572778057232864
0.7698212225857779 0.07928489034311177
0.7692529147439885 0.07701165897595388
0.7655503244910985 0.062201297964393304
0.7574411747704382 0.029764699081752288
0.7750273603267861 0.10010944130714533
0.764871304525572 0.059485218102287324
0.755085297561572 0.02034119024628838
0.7588205309945851 0.03528212397834091
0.7580380448300683 0.0321521793202728
0.7581048358017505 0.03241934320700157
0.7533194393158225 0.013277757263289952
0.753124642224191 0.012498568896764399
0.7573548597030626 0.029419438812250384
0.7561827396181164 0.024730958472465914
0.7538064019737385 0.015225607894954444
0.7591459731764256 0.0365838927057018
0.7562230696241754 0.02489227849670196
0.7571337139618403 0.02853485584736097
0.7561835887072372 0.0247343548289487
0.7557737912405293 0.023095164962117026
0.7549779485892875 0.01991179435714966
0.7561692352848587 0.024676941139434073
0.7544044106839192 0.017617642735677067
0.7591493006482513 0.03659720259300501
0.7585666161142217 0.03426646445688656
0.7587086866815541 0.034834746726216295
0.7548181065551947 0.019272426220778627
0.7549333480315292 0.019733392126116297
0.7564100099144053 0.02564003965762093
0.75773399831087 0.03093599324347915
0.7561373003921452 0.024549201568580918
0.764817339016128 0.05926935606451185
0.7615869678987528 0.04634787159501169
0.7558065885720514 0.023226354288205603
0.7538137988186234 0.0152551952744937
0.7589172772474297 0.03566910898971935
0.7574125713939596 0.02965028557583844
0.7529293391726778 0.011717356690710763
0.7528816469954472 0.011526587981788614
0.7545814354740724 0.018325741896289816
0.7549339854279838 0.01973594171193576
0.752847817990102 0.011391271960408136
0.7539748892194114 0.01589955687764491
0.7569864175388495 0.027945670155398058
0.7557018916306242 0.02280756652249684
0.7547567610521692 0.01902704420867658
0.755548168036946 0.02219267214778407
0.7587887967080118 0.03515518683204797
0.7689851117796239 0.07594044711849572
0.7597310975954166 0.03892439038166612
0.756107028027855 0.0244281121114202
0.7549372720141229 0.0197490880564911
0.7583572359214269 0.033428943685707306
0.7565575596088969 0.026230238435587507
0.7549458204265942 0.01978328170637643
0.7560349809505504 0.024139923802201767
0.7575070524086294 0.03002820963451774
0.7574186072074701 0.029674428829880445
0.7565510447275787 0.026204178910314697
0.7576158882683734 0.030463553073494506
0.7667317375332054 0.06692695013282174
0.7616519894391693 0.04660795775667736
0.757855748191668 0.03142299276667188
0.7542293749165535 0.016917499666214
0.7620848732715177 0.04833949308607182
0.7605665307113698 0.042266122845479384
0.75770439485504 0.030817579420159804
0.7531703106110076 0.012681242444030537
0.7592399510319175 0.03695980412767023
0.7575159068531191 0.030063627412476385
0.7555835629947407 0.022334251978962678
0.7541451798620907 0.016580719448363007
0.759558536871165 0.03823414748465954
0.7581462156287152 0.03258486251486073
0.7566467644631573 0.026587057852628514
0.7550634098536007 0.020253639414403057
0.7595079985321584 0.03803199412863425
0.7600663747192542 0.04026549887701646
0.757747014290434 0.030988057161735832
0.7594356857161735 0.037742742864694104
0.7592339881327445 0.03693595253097799
0.7585802908355174 0.03432116334207022
0.7567995144272076 0.027198057708830232
0.7591861444594563 0.03674457783782465
0.7572642564492494 0.02905702579699792
0.7569458854715272 0.027783541886109014
0.7571042186549675 0.028416874619869654
0.7579764043731292 0.03190561749251694
0.7579490861066377 0.031796344426550875
0.7578361111876862 0.03134444475074458
0.7584496501910943 0.03379860076437658
0.7574785691991428 0.029914276796570934
0.7581417314629242 0.03256692585169661
0.7587961951191986 0.03518478047679428
0.7589402829301476 0.035761131720590277
0.7583043722761894 0.03321748910475779
0.7587904292038273 0.035161716815309274
0.7602927113289673 0.041170845315869294
0.7766712640499936 0.10668505619997448
0.7617390247634052 0.04695609905362051
0.7583129128030991 0.0332516512123967
0.7587924988602488 0.035169995440995
0.760337583473065 0.04135033389225981
0.7587436110645833 0.03497444425833405
0.7593762512623579 0.0375050050494311
0.7600482181860349 0.04019287274413932
0.761675024609848 0.04670009843939293
0.7565682203180231 0.026272881272091788
0.7577259010520426 0.03090360420817018
0.7566737051226995 0.0266948204907982
0.757180024319375 0.028720097277500408
0.7568300194051151 0.027320077620460105
0.7572900427727768 0.029160171091106787
0.758226704307784 0.032906817231135775
0.7578327469129169 0.03133098765166761
0.7582025554048591 0.03281022161943661
0.7582670276266654 0.03306811050666173
0.7572929877047713 0.02917195081908529
0.7587032738665026 0.03481309546601004
0.7586401691768689 0.03456067670747552
0.7583654901714513 0.03346196068580554
0.7584908449023635 0.03396337960945364
0.7594106687976746 0.037642675190698055
0.7593059698847808 0.03722387953912389
0.7589216374062502 0.0356865496250014
0.7591239849738264 0.036495939895305744
0.7586403597744916 0.034561439097966086
0.7594065044574279 0.037626017829711415
0.7594276332004044 0.03771053280161806
0.7592391752415858 0.03695670096634343
0.7591751260132747 0.03670050405309947
0.759031366711788 0.036125466847151295
0.7663327572185171 0.06533102887406868
0.7580171232286351 0.03206849291454031
0.7574161656624985 0.029664662649993786
0.7575318867979548 0.030127547191819096
0.758668851738734 0.03467540695493561
0.7585797141022464 0.03431885640898582
0.7582567041077454 0.03302681643098155
0.7589562157637275 0.035824863054909534
0.7589019367876071 0.035607747150428505
0.7587986297669616 0.03519451906784662
0.7586311473899182 0.03452458955967289
0.7581572749770831 0.032629099908332196
0.7593569163231645 0.037427665292658244
0.7589147706871625 0.03565908274865054
0.7598734932567863 0.03949397302714477
0.7776862438823561 0.11074497552942464
0.7682504695968321 0.07300187838732819
0.7596363374628028 0.03854534985121107
0.760216173826254 0.04086469530501557
0.7574673495257375 0.029869398102949488
0.7565294942407477 0.0261179769629908
0.7559480394593185 0.023792157837274317
0.7553588485289634 0.02143539411585347
0.7581353738471247 0.03254149538849901
0.757165492421679 0.028661969686715857
0.7561159802829402 0.02446392113176095
0.7565494893936661 0.026197957574663783
0.7588613623200205 0.03544544928008197
0.7584057841812225 0.03362313672489001
0.7573642726852786 0.029457090741114307
0.7577151771757867 0.030860708703147558
0.759190933901752 0.036763735607007686
0.7584119907461127 0.03364796298445086
0.7583993327299541 0.033597330919816544
0.7585440123626505 0.03417604945060196
0.7588914163687034 0.035565665474812824
0.7588881639108286 0.03555265564331407
0.75811667691967 0.03246670767868004
0.7578372256905496 0.03134890276219848
0.7583443919659314 0.033377567863726275
0.7583821390849619 0.03352855633984755
0.7593157852036971 0.03726314081478863
0.7590385591508393 0.03615423660335695
0.759189678048973 0.03675871219589184
0.7590147420131441 0.03605896805257679
0.7592324355474247 0.03692974218969883
0.759528184412749 0.038112737650995855
0.7596301329729451 0.03852053189178031
0.759659324445811 0.038637297783243776
0.7597919064418316 0.039167625767326505
0.759736923540157 0.03894769416062844
0.7597590722965489 0.03903628918619585
0.7596826710781117 0.03873068431244695
0.7596848236552616 0.03873929462104618
0.7595679349749598 0.038271739899839015
0.7596393935223724 0.03855757408948993
0.7597902494943398 0.039160997977359065
0.759716091810854 0.038864367243415715
0.7596611383084028 0.0386445532336108
0.7597151177580431 0.03886047103217281
0.7597496616950389 0.038998646780155195
0.7599168427422661 0.03966737096906447
0.7599162733956262 0.039665093582504404
0.7598891082802818 0.03955643312112642
0.7599384547841582 0.03975381913663265
0.7599445273247126 0.039778109298850284
0.759941639227711 0.03976655691084345
0.7599395856483446 0.03975834259337825
0.7599254629195535 0.03970185167821402
0.7599698980726453 0.03987959229058128
0.7658827535858947 0.06353101434357893
0.7621346345570763 0.04853853822830473
0.760008557219448 0.04003422887779218
0.7663050038939369 0.06522001557574729
0.7715599379699006 0.08623975187960241
0.7674457257370122 0.06978290294804819
0.7645723018541608 0.058289207416643
0.7631114119791325 0.05244564791653
0.7638614999270148 0.05544599970805964
0.7605417034416131 0.042166813766452406
0.762109649627686 0.048438598510744245
0.7593502136699302 0.037400854679720645
0.758848240065279 0.03539296026111561
0.7595118839515501 0.038047535806200655
0.7598603576726595 0.03944143069063757
0.7595382697265429 0.03815307890617195
0.7592482020053254 0.036992808021301456
0.7588516469077645 0.03540658763105773
0.7586411845589045 0.034564738235617745
0.7598250939088611 0.03930037563544385
0.759686625870488 0.03874650348195216
0.7598040148267208 0.03921605930688314
0.7596145508613448 0.03845820344537909
0.759923999148446 0.039695996593783776
0.7597755332744488 0.03910213309779529
0.7596882672586723 0.038753069034688836
0.759812849468777 0.039251397875108396
0.7596951949066582 0.03878077962663244
0.759939773382476 0.039759093529903825
0.7598530632719392 0.039412253087757254
0.7598736486720168 0.0394945946880669
0.7598099170243117 0.03923966809724724
0.7597765592161342 0.03910623686453673
0.7597801322795003 0.03912052911800082
0.759761173701314 0.03904469480525591
0.759900533089764 0.03960213235905596
0.7598612449513239 0.039444979805296654
0.7602305855440131 0.040922342176052
0.7599872983655352 0.0399491934621408
0.7599625144126834 0.03985005765073368
0.7599785132598833 0.03991405303953343
0.7599493269219153 0.0397973076876623
0.7599302413894948 0.039720965557980006
0.7599470563004558 0.03978822520182286
0.7599338989272595 0.03973559570903801
0.7599246541586046 0.039698616634417865
0.7599119067574115 0.03964762702964621
0.7598992350124587 0.03959694004983445
0.7611620495337122 0.0446481981348478
0.761364136361055 0.04545654544421928
0.7575227251592412 0.030090900636964672
0.7593734722503862 0.03749388900154467
0.7590644283017032 0.036257713206812925
0.758162225182182 0.032648900728728385
0.7584282213463027 0.0337128853852106
0.7596758548743486 0.038703419497394115
0.7593796961602005 0.03751878464080225
0.7587610770700802 0.035044308280321
0.7584514829757082 0.033805931902833625
0.7581809433790215 0.032723773516086435
0.7648756601493294 0.05950264059731799
0.75745405241189 0.029816209647560255
0.7575774105744683 0.030309642297872755
0.7583887136890417 0.03355485475616694
0.7591315216405465 0.03652608656218572
0.7582206924461343 0.03288276978453766
0.7583372901305673 0.03334916052226903
0.7583725674041059 0.033490269616423485
0.760537219263539 0.04214887705415605
0.7590623161033266 0.036249264413306996
0.7585444965903111 0.03417798636124445
0.7585559098691806 0.03422363947672246
0.7575428924226312 0.030171569690524452
0.7596014824147543 0.03840592965901732
0.7592476327978025 0.03699053119120988
0.7589295318458679 0.035718127383471396
0.7582860015804688 0.03314400632187527
0.7598600842127206 0.03944033685088191
0.7595186358644532 0.03807454345781332
0.7595750920718254 0.038300368287302065
0.7694875215104253 0.07795008604170049
0.7629620721969392 0.05184828878775706
0.7623055129907579 0.04922205196303084
0.7636802406696025 0.054720962678410145
0.7604385162252316 0.0417540649009265
0.7567435959823605 0.02697438392944167
0.757748551607569 0.030994206430275763
0.7589396420967358 0.03575856838694346
0.7579330642703022 0.03173225708120857
0.7578422748975921 0.03136909959036883
0.7586453332812871 0.034581333125148356
0.7595157062112873 0.03806282484514895
0.7591499734769863 0.03659989390794493
0.7659204270305634 0.06368170812225328
0.7608669240961693 0.04346769638467725
0.7609741332627118 0.04389653305084601
0.7625361497629841 0.050144599051935586
0.7622781173459586 0.049112469383834505
0.7626710330557348 0.05068413222293932
0.7609456038057723 0.04378241522308892
0.7596662272868481 0.038664909147392
0.7604994734692068 0.04199789387682713
0.7608905996774397 0.04356239870975938
0.760197330708951 0.040789322835803894
0.7582000867362175 0.032800346944870364
0.7579991105280479 0.031996442112191964
0.7589853370154885 0.03594134806195417
0.7589430799616091 0.03577231984643678
0.7592825082395085 0.03713003295803383
0.7588185773507733 0.03527430940309275
0.7588921067440156 0.03556842697606273
0.7587532727159253 0.035013090863701184
0.7589166214749002 0.03566648589960113
0.7585894071109385 0.03435762844375384
0.7582513802841376 0.03300552113655014
0.7586851116699393 0.03474044667975693
0.7583186749389964 0.033274699755985127
0.7589783175055937 0.03591327002237492
0.7595653200928824 0.038261280371529545
0.7594580459595971 0.037832183838388274
0.7594133745335401 0.037653498134160385
0.7597281888366411 0.03891275534656532
0.7598178441311095 0.039271376524438927
0.7623421811544823 0.0493687246179286
0.7597329693434167 0.038931877373667614
0.7596636507933404 0.03865460317336135
0.7597720678851358 0.03908827154054366
0.7598295400938646 0.03931816037545907
0.7642895082460182 0.057158032984072606
0.7610220428285582 0.04408817131423382
0.763041798824938 0.052167195299751425
0.7614682738121701 0.04587309524867966
0.7578560769003176 0.031424307601270886
0.758660704872664 0.03464281949065586
0.7583357978561567 0.0333431914246266
0.7572255873098916 0.02890234923956706
0.7586374613445117 0.034549845378047186
0.7580837552921571 0.03233502116862835
0.7582245381811674 0.032898152724668825
0.7581546444308974 0.032618577723589226
0.757830517174717 0.031322068698868444
0.7587342819418345 0.034937127767337955
0.7578774729056513 0.031509891622606194
0.7591889553110185 0.03675582124407397
0.7588336117924444 0.03533444716977716
0.7582936340313373 0.0331745361253486
0.7589543884587827 0.0358175538351313
0.7594803653034152 0.03792146121366093
0.7590996433777368 0.03639857351094796
0.759281723849975 0.037126895399900176
0.7589550538018662 0.035820215207465506
0.7590628578521096 0.03625143140843858
0.7595291608485512 0.03811664339420461
0.7595221483901873 0.03808859356074916
0.7598558421915245 0.039423368766098386
0.7602074994480096 0.04082999779203789
0.7843024288945263 0.1372097155781048
0.7713884111931484 0.08555364477259371
0.7659244289492796 0.06369771579711844
0.7601850738799101 0.04074029551963989
0.7638378816644206 0.05535152665768273
0.7589443712052243 0.03577748482089679
0.7581229958015111 0.03249198320604384
0.7566901092662214 0.026760437064885643
0.7577104896505822 0.0308419586023287
0.7593568551547749 0.037427420619099566
0.7585038449445795 0.03401537977831778
0.7573531083847778 0.029412433539110418
0.7582290383884945 0.03291615355397824
0.7595046651945563 0.038018660778225105
0.7587749434851692 0.035099773940676905
0.7578564843120712 0.03142593724828489
0.759186284814776 0.03674513925910367
0.7595788759541962 0.038315503816784786
0.7591752217173731 0.03670088686949149
0.7591800707149499 0.03672028285979918
0.7801897760218843 0.12075910408753744
0.7714055112656533 0.08562204506261357
0.7566521023829732 0.026608409531893144
0.7572543181474382 0.029017272589752733
0.7583862627840781 0.03354505113631172
0.7569884017665629 0.02795360706625185
0.7551388961063956 0.02055558442558208
0.756663237542148 0.02665295016859191
0.7590612298276259 0.03624491931050361
0.7577986457856342 0.031194583142536564
0.7564023269338257 0.025609307735303056
0.7572522020864351 0.029008808345740017
0.7587574064404814 0.03502962576192555
0.7586826193145315 0.03473047725812615
0.7575663259112031 0.0302653036448123
0.7587856201454786 0.03514248058191423
0.7592996903169016 0.03719876126760632
0.7590365825184908 0.036146330073962826
0.7581483234185068 0.032593293674026906
0.7584568016204679 0.03382720648187213
0.7578832076736203 0.031532830694481054
0.7583515081082537 0.033406032433015036
0.7579974111281989 0.031989644512795186
0.7594130500020584 0.03765220000823362
0.7597891936310353 0.03915677452414141
0.7593909640351008 0.03756385614040319
0.7590326010458159 0.0361304041832639
0.7592119642565619 0.036847857026247634
0.7593555286121072 0.03742211444842907
0.7594230124043562 0.03769204961742396
0.7596369305330222 0.03854772213208911
0.7595340911308963 0.038136364523585244
0.7598199951200002 0.039279980480000504
0.7597215231964143 0.038886092785657175
0.759631591628663 0.03852636651465168
0.7597448134809263 0.0389792539237048
0.7598168759315087 0.03926750372603478
0.7597500217347304 0.039000086938921756
0.7597248427768837 0.03889937110753482
0.759632006102731 0.038528024410923824
0.7595561926093157 0.03822477043726289
0.760460497973649 0.04184199189459536
0.7676430884147735 0.07057235365909474
0.7642683174578261 0.057073269831303834
0.7574542656639803 0.029817062655920327
0.7701343270641445 0.08053730825657757
0.7604746248148657 0.04189849925946262
0.759004634615841 0.0360185384633636
0.7597085052620004 0.03883402104800156
0.7590321152266323 0.03612846090652886
0.7586322415068498 0.03452896602739913
0.7575851568022286 0.030340627208913597
0.757931693693529 0.03172677477411532
0.7594489021197223 0.03779560847888882
0.759133116325648 0.03653246530259215
0.7582759357372149 0.033103742948859344
0.7572615887126563 0.029046354850624505
0.7588828818204965 0.03553152728198612
0.7580438094166811 0.03217523766672478
0.7592024079055275 0.03680963162210989
0.7594002720664217 0.037601088265686596
0.7595263073529449 0.0381052294117799
0.7600280419506084 0.040112167802434165
0.7595517050430103 0.038206820172041765
0.7590923341845398 0.0363693367381589
0.7589168976304059 0.0356675905216236
0.7588661843768064 0.03546473750722504
0.7597746071229308 0.039098428491723
0.7596323948924373 0.03852957956974915
0.7597744874702467 0.03909794988098529
0.7598567061345975 0.039426824538390644
0.7598074786969459 0.03922991478778326
0.7597928078225877 0.03917123129035022
0.7598917433930658 0.039566973572262555
0.7597746368468776 0.039098547387510264
0.7599340179529918 0.039736071811967325
0.7598578756856064 0.03943150274242523
0.7598546572648188 0.03941862905927528
0.7599848173321013 0.039939269328404955
0.7690249311481274 0.07609972459251008
0.7605251436770561 0.0421005747082244
0.7606750372484353 0.04270014899374109
0.7601710761483095 0.04068430459323803
0.762319770620704 0.04927908248281585
0.7616916338049626 0.04676653521985033
0.7572997014097482 0.029198805638993096
0.7586556833769716 0.034622733507886895
0.7590099909498599 0.036039963799439675
0.7589165940993807 0.03566637639752294
0.7579100105417903 0.03164004216716118
0.7584968947474472 0.03398757898978881
0.7594411864835645 0.037764745934258
0.7592488310023016 0.03699532400920668
0.7585710515515465 0.034284206206185656
0.7590776114358359 0.03631044574334341
0.7595698183511498 0.038279273404598996
0.759059613456173 0.036238453824691846
0.7592948285639985 0.037179314255994605
0.759290791211117 0.037163164844467904
0.7588719416381585 0.03548776655263414
0.7596142639198455 0.03845705567938238
0.7592928501959851 0.03717140078394054
0.7592637685755709 0.03705507430228334
0.7591466465753013 0.036586586301205266
0.759422789706928 0.0376911588277121
0.7591839774882087 0.03673590995283576
0.7619586998081717 0.047834799232687436
0.7590048112885103 0.03601924515404154
0.7590999462033943 0.03639978481357733
0.7589402735236409 0.035761094094563635
0.7596033696141995 0.03841347845679771
0.7598098122097043 0.03923924883881799
0.760252646863499 0.041010587453994905
0.7598704268477783 0.0394817073911132
0.7598342521474586 0.039337008589834806
0.759988996818316 0.03995598727326444
0.7599561024620545 0.039824409848217675
0.7599313197356691 0.03972527894267594
0.7599388301089653 0.039755320435861476
0.759892300368383 0.03956920147353154
0.7599074268658715 0.03962970746348589
0.7598702723293296 0.039481089317318654
0.7598412886424363 0.03936515456974488
0.7599952074112363 0.03998082964494547
0.7599390401601259 0.0397561606405035
0.7599233500279916 0.03969340011196691
0.7599641789013635 0.03985671560545346
0.7599494025095161 0.03979761003806473
0.7599638235261547 0.0398552941046188
0.7599516018618744 0.03980640744749711
0.7599854674049993 0.03994186961999736
0.7599765327471247 0.0399061309884992
0.7599842537764673 0.03993701510586909
0.759975582672806 0.03990233069122434
0.7599742305111021 0.03989692204440873
0.7601442275378676 0.04057691015147134
0.7652581229565512 0.06103249182620468
0.7846400160160674 0.13856006406427016
0.769688382857862 0.07875353143144836
0.7589284679005847 0.035713871602338694
0.758592837320398 0.034371349281591794
0.7597030370670288 0.038812148268115194
0.7594111644773304 0.03764465790932179
0.7594685113321085 0.03787404532843339
0.7592461306583044 0.03698452263321759
0.7595760455727185 0.03830418229087352
0.7596936350942889 0.03877454037715539
0.7594711475697788 0.037884590279115254
0.7591603475973935 0.03664139038957408
0.7598610187362198 0.03944407494487912
0.75986073539625 0.039442941584999815
0.7597077535955171 0.038831014382068256
0.7596388706074358 0.038555482429743326
0.7596089644527921 0.03843585781116863
0.7597076369270471 0.03883054770818859
0.7595658589311195 0.03826343572447809
0.7598436936123474 0.03937477444938965
0.7599516033064744 0.039806413225897314
0.7598618588038025 0.03944743521521022
0.7599208370774311 0.03968334830972408
0.7599021648446691 0.03960865937867695
0.7598369894240955 0.03934795769638173
0.7597829382805485 0.03913175312219412
0.7597244286790529 0.03889771471621156
0.7599763416441861 0.03990536657674441
0.759931817718416 0.039727270873664206
0.7599579552267448 0.03983182090697914
0.7599217206337278 0.039686882534910844
0.7599517738958802 0.039807095583521065
0.7599947060673615 0.03997882426944611
0.7599789025886136 0.03991561035445487
0.7599677123413353 0.039870849365341146
0.7603489117868035 0.04139564714721401
0.7701971821038442 0.08078872841537665
0.760167452704853 0.040669810819412254
0.7585320646304227 0.034128258521690845
0.7584403797989318 0.033761519195726744
0.7594095183409912 0.03763807336396435
0.7587213944157578 0.03488557766303168
0.7584203023204283 0.03368120928171361
0.7582304959399438 0.032921983759775814
0.7597428989657702 0.03897159586308097
0.7594456844847012 0.03778273793880457
0.7593197319794761 0.037278927917905005
0.7588885575834847 0.03555423033393873
0.7598307023055466 0.03932280922218606
0.7594929026517984 0.03797161060719379
0.7595171600206043 0.038068640082417275
0.7591857160268851 0.036742864107540754
0.7598845131356435 0.039538052542574566
0.7597143518064741 0.03885740722589582
0.759436355452579 0.037745421810316156
0.7591187446047097 0.03647497841883858
0.7599398875683616 0.039759550273446284
0.7597860882628993 0.03914435305159804
0.7611723299131528 0.04468931965261178
0.7810514389293676 0.12420575571747015
0.765654075966159 0.06261630386463594
0.7575443864053166 0.0301775456212662
0.756441583363474 0.025766333453895774
0.7588936339989032 0.035574535995612784
0.7579708261930304 0.031883304772121354
0.7574665949325499 0.029866379730199125
0.7565823106421425 0.02632924256856979
0.7584851641045948 0.0339406564183797
0.7584131333300109 0.03365253332004367
0.7583212981517222 0.033285192606889134
0.7616077121267117 0.046430848506847644
0.7557806161542989 0.023122464617195294
0.7578406222572973 0.03136248902918873
0.7575213253452635 0.030085301381054422
0.7574667830833235 0.029867132333294178
0.7574720400544318 0.029888160217726986
0.7583181875679713 0.03327275027188535
0.7586809571281604 0.0347238285126414
0.7582448954783689 0.03297958191347552
0.7583399354381932 0.033359741752772065
0.7583882255118699 0.03355290204747952
0.7584384953934024 0.033753981573609884
0.7592925083592381 0.03717003343695211
0.7589467762454256 0.03578710498170232
0.7587025223919259 0.03481008956770338
0.7582346193897542 0.03293847755901676
0.7592990094909539 0.03719603796381477
0.758960043034352 0.03584017213740781
0.75919859728876 0.03679438915504005
0.7593122817005988 0.037249126802395144
0.7594012419063364 0.03760496762534546
0.7595800103460507 0.03832004138420242
0.7595272971620437 0.03810918864817471
0.7595184855890524 0.03807394235620957
0.7594957054806113 0.037982821922445294
0.7594058727527928 0.037623491011171205
0.7593094354203671 0.03723774168146869
0.7597127170061022 0.0388508680244085
0.7597415215442822 0.03896608617712886
0.7596666120478488 0.03866644819139565
0.759557016117889 0.03822806447155555
0.7595697362864144 0.038278945145657765
0.7597639248448651 0.03905569937945997
0.7596919564131237 0.038767825652494654
0.7596605242018926 0.038642096807569186
0.7596000417683584 0.038400167073435104
0.7596776201660375 0.03871048066414964
0.7597221951850338 0.038888780740134805
0.7597766943416978 0.03910677736679156
0.7598684650929765 0.03947386037190614
0.7598293471389505 0.0393173885558022
0.7598597991280833 0.0394391965123329
0.7608608565322885 0.043443426129154326
0.7598428778187244 0.03937151127489784
0.7598815655896911 0.03952626235876415
0.7599118673015759 0.03964746920630376
0.7599032065628043 0.0396128262512171
0.7598982047326168 0.03959281893046701
0.7599498438083684 0.039799375233474564
0.7599683543687631 0.039873417475052436
0.7599934746159722 0.03997389846388903
0.7599847281292498 0.03993891251699853
0.7599753201505378 0.03990128060215093
0.759968812629825 0.03987525051929975
0.759960846614924 0.03984338645969581
0.759965681549016 0.039862726196063916
0.7599718461313659 0.03988738452546344
0.7599875678011883 0.039950271204753696
0.7599870429216686 0.03994817168667419
0.7599846686310423 0.03993867452416918
0.7599890075568826 0.03995603022753001
0.7599855050594538 0.03994202023781521
0.7599915334828627 0.03996613393145055
0.7599884000937464 0.03995360037498507
0.7599887129858018 0.039954851943207303
0.7599901358940042 0.039960543576016284
0.759991068015417 0.03996427206166944
0.7599917858221242 0.039967143288497174
0.7599912644480392 0.03996505779215622
0.7599965132759423 0.039986053103769736