0.8142666554470237 0.25706662178809636
0.7753565085808166 0.10142603432326666
0.7549420562308186 0.01976822492327731
0.78123366219218 0.12493464876872187
0.7720193944657338 0.08807757786294275
0.8090775788384913 0.236310315353966
0.7859090161676789 0.14363606467071663
0.8158170877493225 0.2632683509972909
0.8175668682172172 0.2702674728688707
0.8173964803725237 0.2695859214900956
0.8253303771392788 0.30132150855711404
0.8441598900083132 0.37663956003325316
0.8486383220595712 0.39455328823828667
0.8489904501893875 0.39596180075755205
0.8573512695379162 0.42940507815166484
0.8654179935162163 0.46167197406486843
0.8673274572315832 0.46930982892633316
0.8666130957751927 0.4664523831007715
0.8718955765930714 0.48758230637228683
0.8662792834777016 0.46511713391080667
0.8679619933254885 0.4718479733019557
0.8689696127730882 0.47587845109235416
0.8732231758156564 0.4928927032626257
0.8689361811795451 0.47574472471817963
0.8696874826601946 0.47874993064078003
0.8707423542461268 0.48296941698450807
0.8762238888179908 0.5048955552719634
0.8732830669158456 0.4931322676633828
0.8735563512922472 0.49422540516898894
0.8761240100825496 0.5044960403301997
0.8761567627843067 0.5046270511372279
0.8724746488359184 0.48989859534367514
0.8775856981857469 0.510342792742988
0.8768374895277744 0.5073499581111006
0.8775890676340491 0.5103562705361974
0.8818171787776032 0.527268715110414
0.8777298983371657 0.5109195933486628
0.9031632694656823 0.6126530778627278
0.9035661224300681 0.6142644897202763
0.8847015147729823 0.5388060590919279
0.8836834612852437 0.5347338451409758
0.8853816305636194 0.5415265222544785
0.8852733333668454 0.5410933334673849
0.8797144666993865 0.5188578667975466
0.8796725068815383 0.518690027526153
0.8856906383087053 0.5427625532348208
0.8827191606879946 0.530876642751978
0.8846111225295061 0.538444490118028
0.8923633663773621 0.5694534655094511
0.8974414523120146 0.5897658092480578
0.8924158816406776 0.5696635265627136
0.8870539233459831 0.5482156933839352
0.8872624647350821 0.5490498589403293
0.8897265496399727 0.5589061985598938
0.8794316265348077 0.51772650613923
0.8800435236721397 0.5201740946885591
0.8823140122286485 0.529256048914595
0.8789812362336376 0.5159249449345494
0.8776489112383136 0.5105956449532542
0.8795772972585416 0.5183091890341684
0.8785194783171222 0.5140779132684898
0.8774092519206246 0.5096370076824998
0.8783121542374595 0.5132486169498376
0.878004487602693 0.5120179504107724
0.8762273788189523 0.5049095152758099
0.8755700010204887 0.5022800040819547
0.8767785871980532 0.5071143487922128
0.8768790216065895 0.5075160864263581
0.8769728086362332 0.5078912345449332
0.8853233118791581 0.541293247516632
0.8859624104451114 0.5438496417804461
0.8885559167662788 0.5542236670651157
0.8790224740271606 0.5160898961086428
0.8790498431269053 0.51619937250762
0.881070718543405 0.52428287417362
0.8838797218773975 0.5355188875095906
0.8793849761252126 0.517539904500852
0.8762043496790912 0.5048173987163657
0.8819953504363448 0.5279814017453793
0.8825333141054061 0.5301332564216245
0.8777208560837668 0.5108834243350672
0.8750279823606515 0.5001119294426071
0.8798628858984877 0.5194515435939525
0.8790130376125572 0.516052150450228
0.8768442307711547 0.5073769230846203
0.8751196367728116 0.5004785470912467
0.8788195452436305 0.5152781809745219
0.8782772746763201 0.5131090987052815
0.8780846362104964 0.5123385448419863
0.8760029071498359 0.5040116285993443
0.878450313659722 0.5138012546388877
0.880416962930738 0.5216678517229533
0.878585296351135 0.5143411854045409
0.8774878198475099 0.5099512793900404
0.8774685512440128 0.509874204976052
0.8793454902736498 0.5173819610946011
0.8783380659082054 0.5133522636328239
0.8772248553752828 0.5088994215011324
0.8769665295568023 0.5078661182272115
0.8850511336439301 0.5402045345757203
0.8798027345230243 0.5192109380920966
0.8781438853986971 0.5125755415947889
0.8762581213645743 0.5050324854582967
0.8779376914576066 0.5117507658304281
0.8781319454672597 0.5125277818690405
0.8772109853492774 0.50884394139711
0.8763295792880257 0.5053183171521025
0.8777913067046935 0.5111652268187755
0.8785523301549069 0.5142093206196285
0.8779790788476488 0.5119163153905947
0.8765737019315075 0.5062948077260319
0.8787268542397543 0.5149074169590179
0.8873180027367958 0.5492720109471838
0.8844406330216917 0.537762532086769
0.8835513168560513 0.534205267424206
0.8893235607922635 0.5572942431690543
0.8905873077734028 0.5623492310936112
0.8849213050005799 0.5396852200023199
0.8817689364686414 0.5270757458745663
0.8819380860224943 0.527752344089977
0.880855912639972 0.5234236505598868
0.879892731992561 0.5195709279702462
0.8779629071712641 0.511851628685056
0.8784200134366656 0.5136800537466631
0.8786786628765494 0.5147146515061976
0.8780634873229911 0.5122539492919652
0.8765499706257804 0.5061998825031222
0.878167123340053 0.5126684933602128
0.8785046655847014 0.5140186623388064
0.8779502222257541 0.5118008889030168
0.8773961310148072 0.5095845240592283
0.878169382579115 0.5126775303164596
0.8793127186866968 0.517250874746788
0.8790362725448874 0.5161450901795495
0.8797889248145144 0.5191556992580582
0.8798417591849573 0.5193670367398289
0.8800265677874216 0.5201062711496846
0.8787238554849283 0.5148954219397136
0.8782338227424823 0.5129352909699301
0.8789848278149407 0.5159393112597631
0.8786702822591376 0.5146811290365517
0.8782730692178968 0.5130922768715872
0.878521133459693 0.5140845338387727
0.8787699352710281 0.5150797410841127
0.8808606835508429 0.523442734203373
0.8810137109486944 0.524054843794778
0.8819764854622091 0.5279059418488359
0.8802880125287947 0.521152050115179
0.8788986493297369 0.5155945973189465
0.882495067684481 0.5299802707379224
0.8796111193228948 0.5184444772915799
0.8795395299831914 0.5181581199327666
0.8770308337782039 0.5081233351128174
0.882247183641135 0.5289887345645402
0.8783766336987064 0.5135065347948271
0.8786163023408047 0.5144652093632202
0.8773203877380247 0.5092815509520988
0.8798224160208774 0.5192896640835114
0.8796912787137685 0.5187651148550771
0.8792778434778257 0.517111373911303
0.8772066509460323 0.5088266037841296
0.8785240940791464 0.5140963763165864
0.8815472949104776 0.5261891796419094
0.8808922719440703 0.5235690877762822
0.8773592956891609 0.5094371827566444
0.876639421854853 0.506557687419413
0.87720653106895 0.5088261242758015
0.8783236579816152 0.5132946319264614
0.8772351026897145 0.5089404107588575
0.8778421395560507 0.5113685582242029
0.8772151273130863 0.5088605092523459
0.8786716078855593 0.5146864315422381
0.8779534952807232 0.5118139811228926
0.8767747718225746 0.507099087290298
0.877874202730395 0.51149681092158
0.8792678446173633 0.5170713784694543
0.8784527732840887 0.5138110931363559
0.8782049432772178 0.512819773108872
0.8787788187732829 0.5151152750931334
0.8787738480224968 0.5150953920899882
0.87906287203339 0.5162514881335593
0.8790104101573561 0.5160416406294253
0.8789602337390441 0.5158409349561779
0.8787427097434772 0.5149708389739095
0.8783913787848037 0.5135655151392151
0.8794901337269181 0.5179605349076737
0.8792754416956217 0.5171017667824874
0.8789774422890163 0.5159097691560656
0.8789004328756636 0.5156017315026549
0.8787651666736278 0.5150606666945127
0.8792676715090394 0.5170706860361584
0.8790536416175918 0.5162145664703675
0.8796954068971559 0.5187816275886232
0.880957766472945 0.5238310658917801
0.8801879371871908 0.520751748748764
0.8786719371730183 0.5146877486920746
0.8789797990835588 0.5159191963342366
0.8835512309984729 0.5342049239938929
0.8812126400203735 0.5248505600814957
0.8795094163007608 0.5180376652030432
0.8790225975567076 0.5160903902268305
0.8799936172989278 0.5199744691957136
0.8775379245366582 0.5101516981466336
0.8885976732084663 0.5543906928338643
0.8862952874724048 0.5451811498896203
0.8825438259378822 0.5301753037515293
0.8791941461190195 0.5167765844760781
0.8811741289124194 0.5246965156496788
0.8807298989618434 0.5229195958473745
0.8780447895227047 0.5121791580908197
0.8762621472076739 0.5050485888306953
0.8778776601620966 0.5115106406483864
0.8787699118745889 0.5150796474983546
0.8777932399358863 0.5111729597435456
0.8766141024108055 0.506456409643222
0.8781529555377701 0.512611822151079
0.8791020974526645 0.5164083898106578
0.877913829868965 0.5116553194758614
0.8770861910692319 0.5083447642769299
0.8790618840500461 0.516247536200186
0.8789289888566583 0.5157159554266333
0.8792037188830926 0.5168148755323702
0.8773991397642459 0.5095965590569843
0.8770895841520903 0.5083583366083616
0.8782596626892087 0.5130386507568363
0.8785904476293706 0.5143617905174842
0.8780821824811958 0.5123287299247824
0.8782431726387767 0.5129726905551067
0.8798951805530902 0.5195807222123625
0.8762067887931508 0.5048271551726038
0.8780207914140661 0.5120831656562641
0.8770635936489413 0.5082543745957657
0.8785783512314235 0.5143134049256958
0.8787713913581844 0.5150855654327385
0.8786881153059086 0.5147524612236353
0.8778135876425117 0.5112543505700478
0.8790796595381204 0.5163186381524831
0.878980182648086 0.5159207305923444
0.8789145408346671 0.5156581633386685
0.8785596513122657 0.5142386052490638
0.8796033580438816 0.5184134321755267
0.8797023675864704 0.5188094703458824
0.8782167340421203 0.5128669361684807
0.8779445982743797 0.5117783930975185
0.8786241155139449 0.5144964620557796
0.8788936196149832 0.515574478459933
0.8787401706881312 0.514960682752526
0.8777840232441908 0.5111360929767639
0.8791654029743424 0.5166616118973709
0.8793228024958882 0.5172912099835532
0.8791238526775309 0.5164954107101238
0.8786200090903578 0.5144800363614302
0.8790085175544549 0.5160340702178204
0.8796273645692273 0.5185094582769098
0.8792001003416869 0.5168004013667482
0.8791985843480302 0.5167943373921203
0.8796586658453853 0.5186346633815402
0.88799140077836 0.5519656031134411
0.8803225831037029 0.521290332414813
0.8773420062852695 0.5093680251410788
0.8761414998726639 0.504565999490656
0.8786647002930573 0.5146588011722306
0.888734996067416 0.5549399842696674
0.8795980157286937 0.5183920629147746
0.878512757973271 0.514051031893083
0.8796598265642348 0.5186393062569381
0.8792800889323311 0.5171203557293245
0.8771844171886323 0.5087376687545287
0.8774602152254726 0.5098408609018892
0.878120160301598 0.5124806412063931
0.8778914805832375 0.5115659223329508
0.8769874801653376 0.5079499206613509
0.8776091247580683 0.5104364990322725
0.880299142196094 0.5211965687843737
0.8780095725387997 0.5120382901551994
0.8776738495065765 0.5106953980263067
0.8784804198758791 0.5139216795035165
0.878986564425411 0.5159462577016442
0.878521208387391 0.5140848335495631
0.8783042779309972 0.5132171117239874
0.878693555170259 0.5147742206810368
0.8795720269530121 0.5182881078120475
0.8789678082907391 0.5158712331629564
0.8788258439450837 0.5153033757803344
0.8817823752350686 0.5271295009402744
0.8794264723506896 0.5177058894027586
0.8798091448902283 0.519236579560913
0.8790186275133118 0.5160745100532492
0.8802218838106798 0.5208875352427186
0.8839046445903713 0.5356185783614845
0.8838031019330721 0.5352124077322885
0.8810017268876663 0.5240069075506654
0.87912561151008 0.5165024460403206
0.8809511960689975 0.5238047842759886
0.8787181894289919 0.5148727577159675
0.8779815964082424 0.5119263856329695
0.8769911170245913 0.507964468098367
0.8796757136303348 0.5187028545213422
0.8779227775310244 0.511691110124099
0.876229348764778 0.5049173950591131
0.8778252228443424 0.5113008913773701
0.8779893101683062 0.5119572406732249
0.8779211467139835 0.5116845868559332
0.8766910210374843 0.5067640841499369
0.878647057604421 0.5145882304176839
0.878188321611014 0.5127532864440574
0.878333855840203 0.5133354233608118
0.8886859417194646 0.554743766877858
0.8814828638215269 0.5259314552861094
0.8791128409117536 0.5164513636470146
0.8777353517404071 0.5109414069616275
0.8788310441969177 0.5153241767876715
0.8780398824316156 0.5121595297264627
0.8821274586876072 0.5285098347504268
0.8784057832060617 0.5136231328242465
0.8788252324457883 0.515300929783153
0.8774796811223851 0.5099187244895398
0.8784793751156521 0.5139175004626074
0.8777479949584063 0.510991979833623
0.8789537512864891 0.5158150051459586
0.8868874096509862 0.5475496386039442
0.8833585197356271 0.5334340789425088
0.8779270078337114 0.5117080313348444
0.8804689843835608 0.5218759375342421
0.8820998130996358 0.528399252398543
0.8812528528515021 0.525011411406008
0.878919515226475 0.515678060905898
0.8792247201233774 0.5168988804935093
0.8866931749711442 0.5467726998845741
0.8800915854849849 0.5203663419399394
0.8763966852156261 0.5055867408625044
0.8777755358324884 0.511102143329953
0.8788153337628215 0.515261335051285
0.8783105029980628 0.5132420119922514
0.8765916491073513 0.5063665964294045
0.8799825152920212 0.5199300611680843
0.8783136774792889 0.5132547099171558
0.8787901285246034 0.5151605140984128
0.8777848723297662 0.5111394893190638
0.8782491658321221 0.5129966633284879
0.8776914243394323 0.5107656973577289
0.8778888585158792 0.5115554340635174
0.8781470109302256 0.512588043720902
0.8787890811586838 0.5151563246347346
0.8781479057115211 0.5125916228460851
0.8783546817410669 0.5134187269642679
0.8799649886165757 0.5198599544663031
0.8790758581142012 0.5163034324568038
0.8784661253477353 0.5138645013909414
0.8791487162001442 0.5165948648005773
0.8786140096974365 0.5144560387897467
0.880474521414476 0.5218980856579045
0.8844807988793655 0.5379231955174607
0.8825093123785583 0.5300372495142335
0.8791319802655027 0.5165279210620097
0.878335994957437 0.5133439798297484
0.8814697661105408 0.5258790644421643
0.8787452915896985 0.5149811663587941
0.8794886443029628 0.5179545772118515
0.8797129822130069 0.5188519288520272
0.8799086148128902 0.51963445925156
0.8780348645461582 0.512139458184632
0.8780965310052515 0.5123861240210059
0.8790916169491453 0.5163664677965809
0.8791766398062559 0.5167065592250242
0.8784443083684877 0.5137772334739503
0.8774121121443215 0.5096484485772862
0.8790270706492699 0.5161082825970797
0.8806051941724676 0.5224207766898694
0.8937205858123215 0.5748823432492858
0.8856678948295371 0.5426715793181482
0.8808697828958578 0.5234791315834316
0.8798844545790829 0.5195378183163316
0.8786533293686993 0.5146133174747984
0.8782297704893495 0.5129190819573991
0.8783193381312419 0.513277352524967
0.8794039600128762 0.5176158400515053
0.8790266505980966 0.5161066023923867
0.8783853966069871 0.5135415864279489
0.8786349062893802 0.5145396251575209
0.8847069694855886 0.5388278779423529
0.879980627009047 0.5199225080361886
0.8787593097999779 0.5150372391999123
0.8788554509760865 0.5154218039043464
0.879673664266619 0.5186946570664758
0.8794302897975362 0.5177211591901449
0.8790342891817824 0.5161371567271286
0.8794144283650663 0.5176577134602648
0.87967553439331 0.5187021375732395
0.8796333054829722 0.5185332219318896
0.8793758173919403 0.5175032695677622
0.8805777292248458 0.5223109168993836
0.8793778997019126 0.5175115988076496
0.8808895469556869 0.5235581878227477
0.8804151890232451 0.5216607560929807
0.8797771396102191 0.5191085584408764
0.8801485041763876 0.5205940167055502
0.8788614196583944 0.5154456786335776
0.8790333682817782 0.5161334731271131
0.879060664025534 0.5162426561021363
0.8794590666455311 0.5178362665821239
0.8796313099205384 0.5185252396821536
0.8795327986386364 0.5181311945545458
0.8794417069736165 0.5177668278944659
0.8793076848369392 0.5172307393477574
0.8788914571502187 0.5155658286008746
0.8796979603889165 0.5187918415556659
0.8797043704526203 0.5188174818104815
0.8899652304092056 0.5598609216368224
0.8792702539870423 0.5170810159481694
0.8803835625099263 0.5215342500397054
0.8784733256076127 0.5138933024304504
0.8790150916431213 0.5160603665724852
0.8785191250782041 0.5140765003128158
0.8794160848813851 0.5176643395255421
0.8862690048021815 0.5450760192087274
0.8806960355361576 0.5227841421446314
0.8781350864699178 0.5125403458796715
0.8791438698625016 0.5165754794500068
0.878362200497195 0.5134488019887801
0.8782285815550626 0.5129143262202507
0.8779236554288649 0.5116946217154593
0.8782906716280171 0.5131626865120686
0.878848222682618 0.5153928907304721
0.8780121858179936 0.5120487432719747
0.8779988641424988 0.5119954565699947
0.8787065999606622 0.5148263998426494
0.8785104099773193 0.5140416399092783
0.8784727052858438 0.5138908211433748
0.8789290749390443 0.515716299756177
0.8792130791401424 0.5168523165605696
0.8794257746436842 0.5177030985747368
0.8790732383274512 0.5162929533098055
0.8791052663351935 0.5164210653407744
0.879326830224132 0.5173073208965284
0.8792676262439598 0.5170705049758393
0.8788199675267364 0.5152798701069462
0.8795128968233934 0.5180515872935738
0.8794585996348608 0.5178343985394434
0.8795784816079084 0.5183139264316347
0.8796235997831022 0.5184943991324086
0.8793867912880212 0.5175471651520843
0.8791795027612462 0.5167180110449854
0.8798964493912267 0.5195857975649066
0.8798013642702395 0.5192054570809579
0.8797410472470348 0.5189641889881392
0.8797916561028064 0.5191666244112265
0.8798130617313332 0.519252246925333
0.8798999156236345 0.5195996624945377
0.879849743455249 0.5193989738209962
0.8798220614177538 0.5192882456710156
0.8797784581364247 0.5191138325456992
0.8797419084600494 0.518967633840198
0.8797373363863852 0.518949345545541
0.879889839038682 0.5195593561547284
0.8799343215297805 0.5197372861191218
0.8799021309116472 0.5196085236465892
0.8798754142145307 0.5195016568581238
0.8798575160506892 0.5194300642027566
0.8798464537889362 0.5193858151557447
0.8799127559234402 0.5196510236937606
0.8799016304477513 0.519606521791005
0.8799824600045278 0.5199298400181109
0.879965709258057 0.5198628370322281
0.8799552238876107 0.5198208955504431
0.8799462815421191 0.5197851261684768
0.8799674215970883 0.5198696863883525
0.8799654590608672 0.5198618362434694
0.8799602921976615 0.5198411687906458
0.8799475213919711 0.5197900855678843
0.879949923466475 0.5197996938659012
0.8799736781240035 0.5198947124960144
0.8799738971146298 0.5198955884585198
0.8799749878181734 0.5198999512726948
0.8813179497518019 0.5252717990072067
0.8857463069660322 0.5429852278641286
0.8802226115708972 0.5208904462835886
0.8784906717558789 0.5139626870235154
0.8792608358797193 0.517043343518877
0.87783976207611 0.5113590483044408
0.8776890009538532 0.5107560038154123
0.8773563034119364 0.5094252136477455
0.8778107271365052 0.5112429085460208
0.878174479972376 0.5126979198895031
0.8777629356374561 0.511051742549824
0.8783706078223815 0.5134824312895263
0.8788902463713577 0.5155609854854311
0.8789239358629436 0.5156957434517745
0.8780057508304827 0.5120230033219313
0.8775000272438521 0.5100001089754084
0.8790658798382985 0.5162635193531931
0.8794655598042493 0.5178622392169975
0.8790502484229339 0.5162009936917358
0.8789805087831258 0.5159220351325038
0.8791888139527982 0.516755255811193
0.879314388821068 0.5172575552842735
0.8794970331041922 0.5179881324167686
0.8792094089733469 0.5168376358933877
0.8793167035891619 0.5172668143566478
0.8793706271359564 0.5174825085438249
0.8791151570341822 0.5164606281367295
0.8794816664550735 0.5179266658202947
0.8798630512741006 0.5194522050964023
0.8798097679544077 0.5192390718176308
0.8796364867406531 0.5185459469626125
0.8794983674678657 0.5179934698714626
0.879569511209427 0.5182780448377078
0.8798775563548318 0.5195102254193271
0.8798164633937937 0.5192658535751749
0.8798488250904506 0.5193953003618031
0.8798693865548047 0.5194775462192185
0.8798056664115612 0.5192226656462448
0.8798256494270784 0.5193025977083136
0.8807877157099163 0.523150862839664
0.8835615233002863 0.5342460932011457
0.8824866614012502 0.5299466456050003
0.8823343289964316 0.5293373159857271
0.8816250179327279 0.5265000717309101
0.891078547615344 0.5643141904613773
0.8820637285937913 0.5282549143751644
0.880289230376168 0.5211569215046723
0.8769461594268166 0.5077846377072661
0.8810662090521292 0.5242648362085167
0.8788356395239034 0.5153425580956139
0.87780776626823 0.5112310650729197
0.8777186100073229 0.5108744400292914
0.8787367448744468 0.5149469794977874
0.8787620340748873 0.5150481362995493
0.8778788487248367 0.5115153948993466
0.8769844534952795 0.5079378139811184
0.8794782787673203 0.5179131150692811
0.8791828290510554 0.5167313162042217
0.8785587155358897 0.5142348621435592
0.8785468834637316 0.5141875338549263
0.8791817599695836 0.5167270398783341
0.8787834984524485 0.5151339938097935
0.8792172551227095 0.5168690204908375
0.8792002633014963 0.5168010532059855
0.8793471640077839 0.5173886560311352
0.8792584259700932 0.5170337038803728
0.8788971090444879 0.5155884361779524
0.8788205512962296 0.5152822051849182
0.8795840407750455 0.5183361631001827
0.8796425116531403 0.518570046612561
0.8795140765173421 0.5180563060693685
0.8792619220816745 0.5170476883266975
0.8790306319734938 0.5161225278939753
0.8793886854334855 0.5175547417339418
0.8794635593519503 0.5178542374078011
0.8796962260091881 0.518784904036752
0.8797059260703431 0.5188237042813729
0.8796981629964268 0.5187926519857069
0.8799364982281951 0.5197459929127808
0.8797500640967851 0.5190002563871415
0.8797294025498696 0.5189176101994786
0.8796344122995495 0.5185376491981986
0.8799034350319651 0.5196137401278607
0.8798818708351094 0.5195274833404373
0.8798499897650041 0.5193999590600157
0.8798888275610278 0.5195553102441116
0.8798725940243868 0.5194903760975476
0.8798257536869033 0.519303014747613
0.8798013903257191 0.5192055613028765
0.8798308074342046 0.5193232297368181
0.879914414023612 0.5196576560944476
0.8799086446205743 0.519634578482298
0.8799345623733288 0.5197382494933156
0.8815211204815833 0.5260844819263338
0.8827664659740511 0.5310658638962036
0.8816131277907894 0.5264525111631575
0.880530706839442 0.5221228273577676
0.8802691725328948 0.5210766901315789
0.8801237501106209 0.5204950004424832
0.8805293450446028 0.5221173801784117
0.8809183353893885 0.5236733415575535
0.8793912330790811 0.517564932316324
0.8792027592670968 0.516811037068388
0.8791771479295779 0.5167085917183121
0.8797332950086223 0.5189331800344895
0.8795895036977746 0.5183580147910987
0.8793771653357112 0.5175086613428447
0.8797100708776082 0.5188402835104345
0.880065709902697 0.5202628396107872
0.8797000497093218 0.5188001988372871
0.8795913079807827 0.5183652319231307
0.8797448362399214 0.5189793449596857
0.8797391188808165 0.5189564755232668
0.8795963092324612 0.5183852369298445
0.879830055103796 0.5193202204151837
0.8797409155373189 0.5189636621492754
0.879852436757328 0.5194097470293122
0.8799031515485471 0.5196126061941888
0.8799319423025174 0.5197277692100681
0.899239752262188 0.5969590090487511
0.8859830509033665 0.5439322036134651
0.881061893872299 0.5242475754891965
0.8874310294565818 0.5497241178263289
0.885476234283884 0.5419049371355364
0.883213057257923 0.5328522290316922
0.8807662769335523 0.5230651077342073
0.8807417672756579 0.5229670691026338
0.8820571178739455 0.5282284714957801
0.8788829268735006 0.5155317074940009
0.8789264912186452 0.5157059648745799
0.8821490072990862 0.528596029196346
0.8823181354946407 0.5292725419785623
0.8789159292690605 0.5156637170762414
0.8780586081477004 0.5122344325908018
0.878472670208239 0.5138906808329563
0.8790256947824107 0.5161027791296438
0.878259767166584 0.5130390686663368
0.8779356982682854 0.5117427930731422
0.87885914735952 0.5154365894380798
0.8794728500973342 0.5178914003893369
0.8790235585673504 0.5160942342694017
0.8784196064114596 0.5136784256458382
0.8780052987132565 0.512021194853026
0.8790061730732017 0.5160246922928071
0.8794338204627224 0.5177352818508905
0.8790870685212312 0.5163482740849243
0.8786392392468629 0.5145569569874503
0.8795516132106838 0.5182064528427358
0.8790313223395791 0.5161252893583176
0.8795104550657916 0.5180418202631667
0.8794615709018062 0.5178462836072245
0.8793094603980007 0.5172378415920028
0.8796052438331783 0.5184209753327129
0.879546669780526 0.5181866791221043
0.8794842523837997 0.5179370095351988
0.8795214927904587 0.5180859711618356
0.8794124266362411 0.5176497065449651
0.8796875175934289 0.5187500703737151
0.8826905583536955 0.5307622334147808
0.8782533672190524 0.5130134688762099
0.8788724128629809 0.5154896514519239
0.8781900927356756 0.5127603709427022
0.8790440563776498 0.5161762255105996
0.8781957214363463 0.5127828857453869
0.8795538609746248 0.5182154438984976
0.8963766243192893 0.5855064972771551
0.8915219655291403 0.5660878621165617
0.8881631202128186 0.5526524808512747
0.8815299175916762 0.5261196703667035
0.8812960165669144 0.5251840662676576
0.8803246502551839 0.5212986010207356
0.881029179277326 0.5241167171093044
0.8801548525124333 0.5206194100497337
0.8806160368520692 0.5224641474082771
0.8788720749828972 0.515488299931589
0.8792902749161516 0.5171610996646069
0.8790230084734435 0.5160920338937739
0.8784793392511836 0.5139173570047347
0.8793780622330779 0.5175122489323116
0.8789135352765483 0.5156541411061931
0.8792450305846473 0.5169801223385901
0.8789640564696148 0.5158562258784595
0.8788611996113598 0.5154447984454391
0.8790333990264568 0.5161335961058274
0.8796217943041192 0.5184871772164767
0.879567164511502 0.5182686580460081
0.8797661860426687 0.5190647441706742
0.8795998646314334 0.5183994585257339
0.8796306766589858 0.5185227066359431
0.8796379650291584 0.5185518601166337
0.8796467638264712 0.5185870553058853
0.879908052710523 0.5196322108420914
0.879780093408702 0.5191203736348091
0.8798264684227894 0.5193058736911579
0.8798251703441373 0.5193006813765499
0.8817456839882799 0.5269827359531194
0.8799127993643882 0.5196511974575533
0.8783232365018047 0.5132929460072198
0.8791918649887149 0.5167674599548606
0.879771208738094 0.5190848349523761
0.8795517249383628 0.518206899753451
0.879477182477421 0.5179087299096843
0.879485963750598 0.5179438550023918
0.8797302383671541 0.5189209534686163
0.8796836106860206 0.518734442744083
0.8795027166914311 0.5180108667657244
0.8797148532930608 0.5188594131722433
0.879540930166348 0.5181637206653917
0.8794078724221442 0.5176314896885773
0.8798497212856244 0.5193988851424981
0.8797555730736151 0.51902229229446
0.879769707185026 0.519078828740104
0.8798756119656709 0.5195024478626837
0.8798723579203657 0.5194894316814626
0.8798108686742137 0.5192434746968545
0.8797457967294631 0.518983186917852
0.8798526398512801 0.5194105594051208
0.8799108360137022 0.5196433440548087
0.8799278731423879 0.5197114925695522
0.8798908452781806 0.519563381112723
0.8799480664306397 0.5197922657225605
0.8883128779294225 0.5532515117176896
0.8817346319374921 0.526938527749969
0.8786333149142327 0.5145332596569309
0.8797492097557316 0.5189968390229265
0.8817196480857078 0.5268785923428315
0.8798149004490842 0.519259601796337
0.8788281220773888 0.5153124883095558
0.8780318056789556 0.5121272227158221
0.8783367057033931 0.5133468228135724
0.8790806086627899 0.5163224346511595
0.878468785057249 0.5138751402289955
0.8792444029508123 0.5169776118032492
0.87928273421256 0.5171309368502398
0.8788798623160534 0.5155194492642131
0.8789420399309067 0.5157681597236258
0.8789993269007406 0.5159973076029621
0.8796536446881612 0.5186145787526439
0.8793477746398612 0.5173910985594451
0.8793304857380047 0.5173219429520182
0.8794578614239538 0.5178314456958144
0.8794510691190124 0.5178042764760497
0.8796017431061656 0.5184069724246624
0.8793828260944256 0.5175313043777031
0.879209735765489 0.5168389430619569
0.8793590424077776 0.5174361696311106
0.8837192813977921 0.5348771255911694
0.8805355668884003 0.5221422675536006
0.8822636207726714 0.5290544830906856
0.881670808724172 0.5266832348966879
0.8808474715157021 0.5233898860628078
0.8794994537046285 0.5179978148185138
0.8793782633121495 0.5175130532485983
0.8791999123774336 0.5167996495097337
0.8788480364532112 0.5153921458128441
0.8797753408104786 0.5191013632419146
0.8797118935468698 0.5188475741874794
0.8795997587404244 0.5183990349616981
0.879686467438936 0.518745869755744
0.879530344518411 0.5181213780736438
0.879658700508936 0.5186348020357444
0.8796320144041183 0.5185280576164734
0.8797793090982767 0.5191172363931073
0.8796617354647954 0.5186469418591827
0.8804847203637745 0.5219388814550997
0.8954279184269593 0.5817116737078388
0.8888170452980658 0.5552681811922633
0.8838988357056451 0.5355953428225805
0.8800027298048108 0.5200109192192426
0.8807760598737494 0.5231042394949971
0.8804543943003312 0.5218175772013248
0.879549853861883 0.5181994154475313
0.8792205310026512 0.5168821240106053
0.8798451380451088 0.5193805521804352
0.8797229486876739 0.5188917947506964
0.8796771442018446 0.5187085768073785
0.879463516567294 0.5178540662691763
0.8793963419697336 0.5175853678789349
0.8798435397476291 0.5193741589905158
0.8814312368424375 0.5257249473697491
0.8801524940060471 0.5206099760241889
0.8806839055340149 0.5227356221360598
0.8806238592355469 0.5224954369421879
0.8790974753765561 0.5163899015062253
0.8792145262023118 0.5168581048092474
0.8798513292364918 0.5194053169459668
0.8796438858054154 0.5185755432216621
0.879381518521463 0.5175260740858519
0.8791089745697529 0.5164358982790117
0.8798242165254757 0.5192968661019021
0.8795799636339039 0.5183198545356159
0.8793135594975808 0.5172542379903234
0.8792696348113465 0.5170785392453858
0.8799698481859494 0.5198793927437978
0.8798311779479202 0.5193247117916814
0.8796473808361378 0.5185895233445514
0.8795712309448299 0.5182849237793196
0.8798929815920181 0.5195719263680719
0.8797908589430007 0.5191634357720022
0.8798032389412971 0.5192129557651893
0.8798085744320264 0.5192342977281065
0.87993867764237 0.5197547105694814
0.8798860409335733 0.5195441637342935
0.879882751032677 0.5195310041307082
0.8798804097688254 0.5195216390753022
0.8798204882992728 0.5192819531970909
0.8799548570309059 0.5198194281236236
0.8799254327945725 0.5197017311782888
0.8798984132629957 0.5195936530519821
0.8798769762585336 0.5195079050341348
0.8798957836040177 0.5195831344160708
0.8798660520373417 0.5194642081493667
0.8798344685166833 0.5193378740667329
0.8799715096301837 0.519886038520735
0.8799502384439384 0.519800953775754
0.8799747336720847 0.5198989346883384
0.8799734958047667 0.5198939832190659
0.8799690426729682 0.5198761706918726
0.8799587031660043 0.5198348126640177
0.8799929267510656 0.5199717070042622
0.8799828432998076 0.5199313731992312
0.879979390014646 0.5199175600585841
0.8800664141847625 0.5202656567390503
0.8787553408616153 0.515021363446461
0.8795450212134742 0.5181800848538962
0.8794696658481765 0.5178786633927064
0.8794283839713397 0.5177135358853603
0.8793229998236906 0.5172919992947629
0.8797818619322504 0.5191274477290012
0.8796159724007511 0.5184638896030039
0.8795994532334614 0.5183978129338458
0.8792961990505708 0.5171847962022834
0.8791190362994932 0.5164761451979747
0.8799377972797596 0.5197511891190392
0.8797956263114652 0.5191825052458605
0.8796386074438098 0.5185544297752387
0.8794468206377283 0.5177872825509124
0.8799795594688353 0.5199182378753411
0.8798703958802385 0.5194815835209533
0.8797841882165582 0.5191367528662331
0.8796639558170086 0.5186558232680347
0.8795735352413536 0.5182941409654147
0.8794980892733939 0.5179923570935752
0.8799248508625532 0.5196994034502127
0.8798521368614998 0.519408547445999
0.8797783241738757 0.5191132966955017
0.8797436018222442 0.5189744072889766
0.8797032574774297 0.5188130299097188
0.8799533007441914 0.5198132029767651
0.8799107655433235 0.5196430621732953
0.8799003827141167 0.5196015308564668
0.8798763384847328 0.5195053539389307
0.8799266649565659 0.5197066598262641
0.8799677440696582 0.519870976278632
0.879940339894571 0.5197613595782844
0.8799112953429584 0.5196451813718334
0.8798956774255593 0.5195827097022369
0.8798752195432988 0.5195008781731953
0.8798875223248506 0.5195500892994024
0.8799766096431736 0.5199064385726944
0.8799594981719102 0.5198379926876401
0.8799652758993166 0.5198611035972664
0.8799529472378813 0.5198117889515265
0.8799888771519313 0.5199555086077252
0.8799782560028118 0.5199130240112466
0.8799682628729235 0.5198730514916945
0.8799612411424269 0.5198449645697076
0.8799573253987772 0.5198293015951088
0.8799729542669412 0.519891817067765
0.8799925775701435 0.5199703102805756
0.8799871740194258 0.5199486960777032
0.8799928400372312 0.5199713601489241
0.879988538528115 0.5199541541124595
0.8800116885694425 0.5200467542777711
0.8836729624964055 0.5346918499856217
0.8799972756528992 0.5199891026115968
0.8799948303936123 0.5199793215744483
0.8799926472869264 0.5199705891477049
0.8799908425213359 0.5199633700853432
0.8799900370495993 0.5199601481983965
0.8799886858264973 0.519954743305988
0.8799874717135566 0.5199498868542265
0.8799979846592741 0.519991938637097
0.8799999837388736 0.5199999349554942
0.8799987647940829 0.5199950591763305
0.8799981400069512 0.5199925600278046
0.87999964921983 0.5199985968793203
0.8802344150593092 0.5209376602372376
0.8799997039264335 0.519998815705734
0.8799992601340775 0.5199970405363092
0.8799986483842828 0.5199945935371312
0.8799981139167755 0.5199924556671028
0.8799986066295107 0.5199944265180438
0.8800066252699399 0.5200265010797611
0.8827275812710537 0.5309103250842139
0.8802859559464119 0.5211438237856464
0.8818785168768482 0.5275140675073916
0.8812172997492881 0.5248691989971528
0.8808727812439023 0.5234911249756103
0.8805124015689835 0.5220496062759333
0.8826026058444612 0.5304104233778446
0.8854306078111185 0.5417224312444746
0.884499676087475 0.5379987043499005
0.8798712948481383 0.5194851793925529
0.8786282068081757 0.5145128272327016
0.8793109082205962 0.5172436328823844
0.878939016627565 0.5157560665102595
0.879024393317508 0.5160975732700321
0.8793245141894187 0.5172980567576742
0.8789334586304495 0.5157338345217973
0.8794058145642779 0.517623258257112
0.8790326758499547 0.5161307033998197
0.8792030580056965 0.516812232022786
0.8787123743437191 0.5148494973748765
0.879854457505184 0.519417830020735
0.8797894695206082 0.5191578780824326
0.8795286463704192 0.5181145854816762
0.8797319952737064 0.5189279810948255
0.8795092245854793 0.5180368983419169
0.8795133836398492 0.5180535345593964
0.8792856842483916 0.5171427369935662
0.8797572078579797 0.5190288314319188
0.8796026482153283 0.5184105928613143
0.8797611347163138 0.5190445388652553
0.8796522721865092 0.518609088746037
0.8795914016908253 0.5183656067633016
0.8794477966937613 0.5177911867750452
0.8797734764432847 0.519093905773139
0.8798812993452306 0.5195251973809222
0.879903750810892 0.5196150032435675
0.879919021853905 0.5196760874156197
0.8799600185425411 0.5198400741701648
0.8799030526544955 0.5196122106179816
0.8799005911481058 0.519602364592423
0.8799431822733185 0.5197727290932733
0.8799270365569569 0.5197081462278277
0.8799710931714385 0.519884372685754
0.8799557580748576 0.5198230322994299
0.8799813733409533 0.5199254933638136
0.8799820976878995 0.5199283907515978
0.8799783362856606 0.519913345142642
0.8799741714643956 0.519896685857582
0.8799922264267452 0.5199689057069808
0.8799912247361611 0.5199648989446449
0.8799819129354666 0.5199276517418653
0.8799720062945761 0.5198880251783039
0.8799717325358689 0.5198869301434759
0.8799665990082153 0.5198663960328608
0.8799782010459944 0.5199128041839773
0.8799916846876424 0.5199667387505698
0.8799850392173785 0.519940156869514
0.8799846280575966 0.5199385122303856
0.8799949194849465 0.5199796779397858
0.8799901512808771 0.5199606051235078
0.8799877627261116 0.5199510509044457
0.8799938188233629 0.5199752752934512
0.879996583659946 0.5199863346397848
0.8799986718389446 0.5199946873557778
0.8799959933869982 0.5199839735479928
0.8799954385650385 0.5199817542601541
0.8799953801653789 0.5199815206615167
0.8799961122201506 0.5199844488806015
0.8799993025605056 0.5199972102420233
0.8800747314917732 0.5202989259670929
0.8799970210282418 0.5199880841129673
0.8799970135969813 0.5199880543879252
0.8799971065012745 0.5199884260050982
0.8799982376862403 0.5199929507449622
0.8800529921828302 0.5202119687313206
0.8799975634004986 0.5199902536019948
0.8800399581768388 0.520159832707356
0.8799992621374604 0.5199970485498419
0.8799991649610517 0.519996659844207
0.8799991083905674 0.5199964335622695
0.8799992313861906 0.5199969255447633
0.8800232792605801 0.5200931170423222
0.8805495162147828 0.5221980648591314
0.8815844676430978 0.526337870572392
0.8830839796642035 0.5323359186568131
0.8809975234823271 0.5239900939293078
0.8797421781486693 0.5189687125946776
0.8799744760743722 0.5198979042974895
0.8798702458924624 0.5194809835698502
0.8797542280646217 0.5190169122584867
0.8796771257209062 0.5187085028836248
0.8797822641250624 0.5191290565002502
0.8799540043508809 0.5198160174035252
0.8799041480913244 0.519616592365298
0.8817293007193879 0.5269172028775515
0.880141924687067 0.5205676987482682
0.8806765334741283 0.5227061338965133
0.8809425571928843 0.523770228771537
0.8799710525614518 0.5198842102458072
0.8799301486896742 0.5197205947586969
0.8798882163725792 0.5195528654903175
0.8798567530376518 0.519427012150607
0.879992988517302 0.5199719540692088
0.8799861478825881 0.519944591530352
0.8799729884667663 0.5198919538670645
0.8799508683299676 0.5198034733198705
0.8799445188145057 0.5197780752580227
0.8799285224346355 0.5197140897385419
0.8799930469511779 0.519972187804711
0.879990586625257 0.5199623465010277
0.8799789415988544 0.5199157663954175
0.8799742781131016 0.5198971124524071
0.8799657843165796 0.5198631372663179
0.8799587915423372 0.5198351661693486
0.8799547594554232 0.5198190378216928
0.8799471556107841 0.5197886224431358
0.8799421639235111 0.519768655694046
0.8802224443173966 0.5208897772695853
0.8915164540987099 0.5660658163948397
0.8781787892452553 0.5127151569810215
0.8811393616145873 0.5245574464583493
0.8804844657487658 0.521937862995063
0.879861744421722 0.5194469776868876
0.8788745345095874 0.5154981380383499
0.8803005393907221 0.5212021575628879
0.8797068478305196 0.518827391322078
0.8793599651584736 0.5174398606338946
0.879191065939981 0.5167642637599233
0.8793115280956991 0.5172461123827962
0.8798379097168556 0.5193516388674234
0.8795687435971153 0.5182749743884609
0.8793729618741953 0.5174918474967793