0.804787042102526 0.21914816841010581
0.7824362624493236 0.1297450497972948
0.7785200762379005 0.11408030495160502
0.8110101477604446 0.24404059104177936
0.769892172912929 0.07956869165171894
0.7871268712601953 0.14850748504078345
0.7674505775371036 0.06980231014841448
0.7943848513086657 0.17753940523466408
0.8029838213120525 0.21193528524820648
0.8139896040907075 0.2559584163628277
0.8211969401308667 0.2847877605234656
0.8261087012229662 0.30443480489186336
0.8440394339070393 0.37615773562815663
0.8567805165954725 0.42712206638189115
0.8589573168014073 0.4358292672056316
0.8611887498368749 0.4447549993474988
0.8601551606262906 0.44062064250516514
0.8641047461597267 0.45641898463890856
0.8661588481650588 0.4646353926602353
0.8692027384018062 0.47681095360722464
0.8656607726177673 0.4626430904710688
0.8677663563177009 0.47106542527080303
0.8684988416137353 0.4739953664549408
0.8688783708593216 0.4755134834372869
0.8725399568911587 0.4901598275646354
0.8699900590176182 0.4799602360704736
0.8706098033461186 0.4824392133844745
0.8732251384554023 0.492900553821611
0.8723394899001711 0.4893579596006851
0.8734909188337829 0.49396367533513164
0.8715935466576648 0.48637418663065946
0.8741562717271768 0.4966250869087074
0.8741026824821116 0.49641072992844926
0.8738323880054938 0.4953295520219759
0.8740361946742088 0.49614477869683504
0.8751886251657833 0.500754500663134
0.8734225363104042 0.49369014524161964
0.87372893911374 0.49491575645496055
0.873856598808224 0.4954263952328974
0.8748353248715216 0.4993412994860866
0.8744984549351947 0.4979938197407802
0.8745313552574717 0.49812542102988744
0.8746152535677791 0.49846101427111633
0.8748512921490288 0.4994051685961158
0.8754178383443733 0.5016713533774927
0.8751606345145809 0.5006425380583246
0.8806026540842943 0.5224106163371762
0.8915464382440927 0.5661857529763705
0.8858288234013324 0.5433152936053297
0.9093290070886962 0.6373160283547855
0.8911706995914472 0.5646827983657873
0.8983358848779476 0.5933435395117908
0.881360860059139 0.5254434402365589
0.8821846641451876 0.528738656580752
0.8785705583114912 0.5142822332459661
0.8859425993116331 0.543770397246531
0.8896452657983319 0.5585810631933296
0.8820760572685231 0.52830422907409
0.8890662795680367 0.5562651182721471
0.8877556578984042 0.5510226315936189
0.8886575169049682 0.5546300676198739
0.8918183548025727 0.5672734192102934
0.8910691738556377 0.5642766954225497
0.8792948781047758 0.5171795124191035
0.8851590370045065 0.5406361480180268
0.8832910053815626 0.5331640215262513
0.8828388398376422 0.5313553593505688
0.8776241856785326 0.5104967427141309
0.8821764313758979 0.5287057255035913
0.8814458165207755 0.5257832660831021
0.8801908469406595 0.5207633877626374
0.8762884074486008 0.5051536297944038
0.8814507223044559 0.5258028892178244
0.8789277026256681 0.515710810502673
0.8785424505757065 0.5141698023028267
0.8758986047541042 0.5035944190164168
0.8798764043358491 0.5195056173433977
0.8798794315338994 0.5195177261355972
0.8790177096475621 0.5160708385902494
0.8774890777971842 0.5099563111887373
0.8808836739970749 0.5235346959883005
0.8860486179720307 0.5441944718881224
0.8811734558958448 0.5246938235833797
0.8910252664499165 0.5641010657996652
0.882165510066045 0.5286620402641806
0.8841887163534418 0.536754865413768
0.8838020496755132 0.5352081987020515
0.8822333494491573 0.5289333977966281
0.8798200479400318 0.5192801917601285
0.8815873076269088 0.5263492305076343
0.880596261845601 0.5223850473824059
0.8830319453734891 0.5321277814939559
0.8765794430973686 0.506317772389474
0.8804388960018439 0.5217555840073761
0.8800569390283611 0.5202277561134457
0.8823985968878912 0.5295943875515673
0.8774027847586291 0.5096111390345159
0.8809483391632424 0.5237933566529731
0.8822696401230427 0.5290785604921693
0.882995517899934 0.5319820715997371
0.87730658796996 0.5092263518798399
0.8801926837893912 0.520770735157566
0.8810280189738507 0.5241120758954043
0.8810760062746436 0.5243040250985748
0.878199582037668 0.5127983281506744
0.8783124387150731 0.5132497548602939
0.8767737067755206 0.5070948271020819
0.8775685952871568 0.5102743811486277
0.8753627289551076 0.5014509158204301
0.8761660683767174 0.5046642735068699
0.880969384038319 0.5238775361532788
0.879606412534057 0.5184256501362292
0.8763126399782719 0.5052505599130876
0.8777756237661053 0.5111024950644225
0.8775938521519743 0.5103754086078989
0.8764879322898605 0.5059517291594424
0.8765727405404472 0.5062909621617906
0.8770235662728316 0.5080942650913282
0.8774809722926635 0.509923889170654
0.8770301768293889 0.508120707317557
0.877179866744916 0.5087194669796643
0.8784548334527282 0.5138193338109136
0.8783357531247702 0.513343012499082
0.8775331053161776 0.51013242126471
0.8778344990026861 0.5113379960107441
0.8783014146841498 0.5132056587366006
0.8779435891837055 0.5117743567348224
0.8895447962659107 0.5581791850636441
0.8941708184056694 0.5766832736226788
0.890738519418073 0.5629540776722929
0.8776855808368171 0.5107423233472693
0.8913375202448944 0.5653500809795774
0.8855544431520148 0.5422177726080607
0.8782365995009433 0.5129463980037737
0.8758393096719249 0.5033572386877003
0.8816948922945312 0.5267795691781249
0.8792815432514638 0.5171261730058567
0.8807748053465434 0.5230992213861763
0.8774222718666047 0.5096890874664188
0.8794766896585605 0.517906758634243
0.8789858327634225 0.5159433310536905
0.8770949992727407 0.5083799970909634
0.8768740932063769 0.507496372825507
0.8793434134391386 0.5173736537565566
0.8781542857757326 0.5126171431029309
0.8761350032707702 0.5045400130830796
0.8763943290818276 0.5055773163273117
0.8789272192400404 0.515708876960162
0.8780741094312985 0.5122964377251968
0.8798668071360747 0.5194672285443004
0.879167892425904 0.5166715697036157
0.8820224471308965 0.5280897885235872
0.8765737867834668 0.5062951471338678
0.8767106757507398 0.5068427030029585
0.8765483392977054 0.506193357190821
0.8775508543986054 0.5102034175944232
0.8757862839486744 0.503145135794697
0.8763154251212386 0.505261700484954
0.8770583014624559 0.5082332058498242
0.8773861868463285 0.5095447473853141
0.8760932312073355 0.5043729248293427
0.8774427525164735 0.5097710100658938
0.8771638434024454 0.5086553736097836
0.8827641983949132 0.531056793579653
0.8789774760843255 0.5159099043373041
0.8771963254342328 0.5087853017369308
0.8756784424498636 0.5027137697994555
0.8775865111107528 0.5103460444430129
0.8775948355470977 0.5103793421883907
0.8772626104326876 0.5090504417307509
0.8759700014317612 0.5038800057270452
0.8777343842206848 0.5109375368827382
0.8772124360272555 0.5088497441090232
0.8773047294175836 0.5092189176703353
0.8762987845934266 0.5051951383737072
0.8785640825115767 0.5142563300463067
0.8782722143623564 0.5130888574494255
0.8776482744939085 0.5105930979756331
0.877583954141892 0.5103358165675712
0.8891696701340392 0.5566786805361572
0.8883897929046128 0.5535591716184514
0.8815508892238951 0.5262035568955806
0.8802367154568143 0.5209468618272576
0.8812168688912988 0.5248674755651943
0.8810266899958547 0.5241067599834185
0.8780354141780354 0.5121416567121424
0.8785178343813846 0.514071337525538
0.8793246279423209 0.5172985117692835
0.8774526293432976 0.5098105173731896
0.8785919916102095 0.514367966440838
0.8790276130399549 0.516110452159819
0.8788861454597988 0.5155445818391953
0.8816102865874794 0.5264411463499199
0.8835154067836419 0.534061627134568
0.8800457302156554 0.5201829208626213
0.876947216033766 0.5077888641350641
0.8769780678474555 0.5079122713898241
0.8838499604413679 0.5353998417654737
0.8802985977695318 0.5211943910781262
0.8770533117183521 0.5082132468734081
0.8761066916714242 0.5044267666856973
0.8780270417399563 0.5121081669598252
0.8783950822604 0.5135803290416004
0.8777394894360938 0.510957957744377
0.876035131085231 0.5041405243409239
0.8784539343818787 0.5138157375275155
0.8788961794765017 0.5155847179060069
0.8782369971473005 0.5129479885892029
0.87713706997359 0.5085482798943604
0.880865544270351 0.5234621770814045
0.8791709030282727 0.5166836121130912
0.8784634968684958 0.5138539874739834
0.8779168044456536 0.5116672177826144
0.878753616996688 0.5150144679867528
0.8860892333650122 0.5443569334600491
0.8801022815905823 0.5204091263623306
0.8763421742672005 0.5053686970688017
0.8775129153602683 0.5100516614410732
0.88035865582188 0.521434623287522
0.8789706810275746 0.5158827241102996
0.876717338948683 0.5068693557947335
0.8779916876184586 0.5119667504738366
0.879708550647655 0.5188342025906207
0.8777013312537636 0.5108053250150544
0.876616727539632 0.5064669101585294
0.8794364560621765 0.5177458242487067
0.8787663061818028 0.5150652247272118
0.8774362345480479 0.5097449381921916
0.875970068471951 0.5038802738878041
0.8788046628021995 0.515218651208797
0.8790504407389558 0.5162017629558242
0.8780123867835975 0.5120495471343898
0.8765640882799154 0.5062563531196627
0.8792677871116864 0.5170711484467453
0.8791457644813202 0.5165830579252805
0.8783097402995778 0.5132389611983099
0.8772798161403448 0.5091192645613789
0.8788825945769762 0.5155303783079056
0.8795287113982754 0.5181148455931015
0.8788387194846989 0.5153548779387956
0.8780379382212453 0.5121517528849815
0.8791562028542809 0.5166248114171244
0.8791317733852689 0.5165270935410793
0.8859122277968899 0.543648911187558
0.8797374800379077 0.5189499201516312
0.8777405192767344 0.5109620771069378
0.8786286758329075 0.514514703331629
0.8806075644291753 0.5224302577167019
0.8801949576128911 0.5207798304515653
0.8792752225625116 0.5171008902500468
0.8771932935374752 0.5087731741499028
0.8830615630533335 0.5322462522133368
0.8790309799343838 0.5161239197375367
0.879338910715605 0.5173556428624195
0.8777566284265965 0.5110265137063889
0.8773288427509432 0.5093153710037739
0.8800328205009725 0.5201312820038906
0.8783323208241269 0.5133292832965073
0.8797744359066286 0.5190977436265142
0.8796115754564156 0.5184463018256635
0.8783539244105998 0.5134156976424
0.8769973763737319 0.5079895054949278
0.8788041462130574 0.5152165848522295
0.8777663696891979 0.5110654787567919
0.8777565877535536 0.5110263510142145
0.8770512865303515 0.5082051461214061
0.878099144635096 0.5123965785403869
0.8777117036329937 0.5108468145319734
0.8776947814358149 0.5107791257432589
0.878199712276749 0.5127988491069977
0.8791642368365709 0.5166569473462843
0.8786152007864599 0.5144608031458402
0.8780925176298169 0.5123700705192682
0.8789013292214288 0.515605316885716
0.8787561018999653 0.5150244075998627
0.8786945405259131 0.5147781621036529
0.8788471215803905 0.5153884863215635
0.8785450078414401 0.5141800313657611
0.8790396578599032 0.5161586314396138
0.8795007171278102 0.5180028685112416
0.8794198922810298 0.5176795691241196
0.879236138291247 0.5169445531649894
0.8797096306571199 0.5188385226284808
0.8904656657802922 0.5618626631211696
0.8862722338440026 0.5450889353760104
0.882831561030782 0.5313262441231269
0.8786021537720312 0.514408615088123
0.8795069921489943 0.5180279685959764
0.8782663450776549 0.5130653803106194
0.8789486665853619 0.515794666341448
0.8769218346776445 0.5076873387105791
0.8773496619228915 0.5093986476915662
0.8774130853814682 0.5096523415258725
0.8784191251285587 0.5136765005142351
0.8773698778305378 0.509479511322152
0.8782178074639136 0.5128712298556571
0.8779043846403138 0.5116175385612561
0.8793280998099354 0.517312399239741
0.8782560597637693 0.5130242390550773
0.8787245423972507 0.5148981695890033
0.8783367866340295 0.5133471465361182
0.8792702023412537 0.5170808093650151
0.8787245391226945 0.5148981564907775
0.8785422489306595 0.5141689957226397
0.8788615897413472 0.5154463589653894
0.8791632414044201 0.5166529656176821
0.8786061761379971 0.5144247045519925
0.879201821626797 0.5168072865071894
0.8870584205182677 0.5482336820730707
0.8830206223147851 0.5320824892591398
0.8797357133412234 0.5189428533648952
0.8820267673607262 0.5281070694429054
0.879404133335371 0.5176165333414856
0.878903446890036 0.5156137875601446
0.8774119164132358 0.5096476656529434
0.8778915945966552 0.5115663783866219
0.8781110264678559 0.5124441058714236
0.8777397590376788 0.5109590361507163
0.8775266417586465 0.5101065670345872
0.8785260264563388 0.5141041058253555
0.8777954684302484 0.5111818737209929
0.8782016838777871 0.5128067355111482
0.8781921783112536 0.5127687132450138
0.8785998839007239 0.5143995356028952
0.8790117881055238 0.5160471524220953
0.8784834725670794 0.5139338902683172
0.878729425851011 0.5149177034040444
0.8792606541607363 0.5170426166429453
0.8793374559355651 0.517349823742261
0.87911841245422 0.5164736498168808
0.8789330802252683 0.5157323209010731
0.8785983668959341 0.5143934675837358
0.8790348323646018 0.5161393294584069
0.879364770044806 0.5174590801792229
0.8790992333108731 0.5163969332434913
0.8793954598467612 0.5175818393870442
0.8797872094871826 0.51914883794873
0.8795762443579136 0.5183049774316547
0.8794434203147422 0.5177736812589685
0.8795439045694466 0.5181756182777864
0.879782414371145 0.5191296574845804
0.8796502360325421 0.5186009441301686
0.8796180951728229 0.5184723806912914
0.8795114861063317 0.5180459444253267
0.8797793948963676 0.5191175795854697
0.8797764995841905 0.5191059983367615
0.8797055870149318 0.5188223480597268
0.879750114309338 0.5190004572373518
0.8799322826191884 0.5197291304767522
0.8798541772625456 0.5194167090501817
0.8824606759935635 0.5298427039742536
0.880233386087633 0.5209335443505306
0.8795779275621528 0.5183117102486107
0.8790777767304317 0.5163111069217257
0.879367206743694 0.517468826974776
0.8791808892095466 0.5167235568381858
0.8787165517710891 0.5148662070843548
0.8804088235627977 0.5216352942511899
0.8777668398766164 0.5110673595064645
0.8791189359097323 0.5164757436389289
0.8786623849418106 0.5146495397672419
0.8782462990339082 0.5129851961356316
0.8781327497830982 0.5125309991323925
0.8794827613075199 0.5179310452300797
0.8789227424621058 0.5156909698484222
0.8790079116256918 0.5160316465027663
0.8790055636464241 0.5160222545856956
0.8795283662454362 0.5181134649817447
0.8792385738500217 0.5169542954000863
0.8795189904330646 0.5180759617322581
0.8802574221446648 0.521029688578659
0.8810431264867639 0.5241725059470563
0.880278074594295 0.5211122983771789
0.8788866980360085 0.5155467921440333
0.8789856469582006 0.5159425878328021
0.8792775184380749 0.5171100737522992
0.8796230103537904 0.5184920414151628
0.8793460926500591 0.5173843706002361
0.8793191817835041 0.5172767271340164
0.8792111687064573 0.5168446748258293
0.879795744206929 0.5191829768277156
0.8796618488144776 0.5186473952579104
0.8797064640754602 0.5188258563018411
0.8794317518190347 0.5177270072761389
0.879835445979366 0.5193417839174644
0.8797197387676493 0.518878955070597
0.8796006615797565 0.5184026463190253
0.8796338294388163 0.518535317755265
0.8798693955207173 0.5194775820828696
0.8797379653129744 0.5189518612518969
0.8797424561896782 0.5189698247587125
0.8796665664606507 0.5186662658426027
0.8795368117564228 0.5181472470256911
0.8794402518103073 0.5177610072412291
0.8794060460243623 0.5176241840974503
0.8799649822621822 0.5198599290487291
0.8798158837322652 0.5192635349290599
0.8798455546482462 0.5193822185929847
0.8797825744742592 0.519130297897036
0.8799467757704327 0.5197871030817293
0.8799234728796518 0.5196938915186071
0.8799014138876811 0.5196056555507238
0.8798838162526242 0.519535265010497
0.8801010156318756 0.5204040625275025
0.8817455189277028 0.5269820757108108
0.8840044215301233 0.5360176861204944
0.8937249172637862 0.5748996690551474
0.882675204359285 0.5307008174371408
0.8787409704038934 0.5149638816155734
0.8773849666052932 0.5095398664211731
0.8793264904818517 0.5173059619274063
0.8788218538143922 0.5152874152575683
0.8776487468505203 0.5105949874020812
0.8765420352454173 0.5061681409816692
0.8796755972626907 0.5187023890507624
0.8789128732614967 0.5156514930459859
0.8792726504117467 0.5170906016469882
0.8782238714806447 0.5128954859225795
0.8797699154100509 0.5190796616402034
0.8789576759354502 0.5158307037417991
0.8786762218449639 0.5147048873798549
0.8841132101174389 0.5364528404697545
0.8797680611192508 0.519072244477003
0.8792888917582421 0.5171555670329694
0.8789705278888043 0.5158821115552182
0.8790683569157853 0.5162734276631415
0.8789587389623896 0.5158349558495591
0.8780089835588376 0.5120359342353499
0.8773037588304894 0.5092150353219574
0.8792963207805886 0.5171852831223547
0.8790610762175816 0.516244304870326
0.878480791176303 0.5139231647052125
0.8778986975520462 0.5115947902081852
0.8786804411460196 0.5147217645840789
0.8793935024411265 0.5175740097645061
0.8790580838001794 0.5162323352007175
0.8796307964936545 0.5185231859746187
0.882680947299225 0.5307237891969006
0.8823259125401018 0.5293036501604078
0.8783902654851776 0.5135610619407103
0.8781278986278549 0.5125115945114208
0.8795225641513638 0.5180902566054549
0.879127202109655 0.5165088084386199
0.8774871462030035 0.5099485848120139
0.8782339672884462 0.5129358691537839
0.8783496812806915 0.5133987251227657
0.8779293620911005 0.5117174483644021
0.8781561447451232 0.5126245789804929
0.8776983258688241 0.5107933034752963
0.8789728606776347 0.515891442710539
0.8785223353163865 0.5140893412655463
0.8779202121218718 0.5116808484874865
0.8782187148712626 0.5128748594850498
0.8773898862286245 0.5095595449144984
0.888179808227987 0.5527192329119477
0.8808969790755704 0.5235879163022834
0.8810127084645479 0.5240508338581922
0.8884961835759184 0.5539847343036745
0.884106779168701 0.5364271166748044
0.8796730000285717 0.5186920001142883
0.8765030775635688 0.5060123102542751
0.8788399764373781 0.5153599057495124
0.878352928835696 0.5134117153427836
0.877726883886701 0.5109075355468035
0.8775757971077423 0.5103031884309691
0.8785040257783934 0.5140161031135736
0.878904976951867 0.5156199078074677
0.8783089752601329 0.5132359010405306
0.8778509592589365 0.5114038370357463
0.8791733506063716 0.5166934024254861
0.8790175777641888 0.5160703110567548
0.8787071218593652 0.5148284874374602
0.8783269274841932 0.5133077099367729
0.8783634843422011 0.5134539373688044
0.878790013170426 0.5151600526817046
0.8795711469917622 0.5182845879670495
0.8792091675867764 0.5168366703471056
0.8790651494624051 0.5162605978496202
0.8786713765940988 0.5146855063763958
0.8794285483120069 0.5177141932480274
0.8793588083117583 0.5174352332470328
0.8793524339151177 0.5174097356604711
0.8791599907331108 0.5166399629324429
0.8792558050352152 0.5170232201408606
0.8796939722278018 0.5187758889112069
0.8795015267646593 0.518006107058637
0.8794703474831893 0.517881389932757
0.8794576739759763 0.5178306959039045
0.8793487634990385 0.5173950539961539
0.8797381767721727 0.5189527070886905
0.8797277748351192 0.5189110993404767
0.8797980823216085 0.5191923292864336
0.8797218829040924 0.5188875316163694
0.8796345796131037 0.5185383184524152
0.879757247164104 0.5190289886564157
0.8797902118122656 0.5191608472490623
0.8798293112620169 0.5193172450480664
0.8798940887366423 0.5195763549465697
0.8798485712127173 0.519394284850869
0.8798210777294061 0.5192843109176238
0.8798374675976796 0.5193498703907178
0.8798150914122013 0.519260365648806
0.8798930158333049 0.519572063333219
0.8798884120083288 0.5195536480333144
0.8825239184239158 0.5300956736956629
0.8805010010849323 0.52200400433973
0.8802275542993194 0.5209102171972774
0.879891922822326 0.5195676912893037
0.8796195359113441 0.5184781436453768
0.879483974677012 0.5179358987080476
0.8797701495206696 0.519080598082679
0.8809686975277828 0.5238747901111327
0.8799596204332802 0.5198384817331209
0.8809224128263026 0.5236896513052103
0.8803607863662001 0.5214431454647999
0.8787297673022723 0.5149190692090891
0.8807711204724801 0.5230844818899207
0.8790444579261425 0.5161778317045704
0.8803752611536124 0.5215010446144493
0.878755917209338 0.5150236688373517
0.8781285021599582 0.5125140086398337
0.877670776785787 0.5106831071431486
0.8784192259962633 0.5136769039850524
0.8852387769882003 0.540955107952803
0.878904134151579 0.5156165366063165
0.8810863847296088 0.5243455389184362
0.8800493870874054 0.5201975483496215
0.8800107422520074 0.5200429690080297
0.8789709398052713 0.5158837592210849
0.8768199640893135 0.5072798563572537
0.8787880121123415 0.5151520484493658
0.8790271333114079 0.5161085332456319
0.8782584079695087 0.513033631878035
0.8785813366167458 0.514325346466983
0.8788803798463056 0.5155215193852221
0.8793633199024968 0.5174532796099867
0.87899797229212 0.5159918891684804
0.8786926289649227 0.514770515859691
0.8785159563798153 0.5140638255192613
0.8796587850894843 0.5186351403579368
0.8792395205749287 0.5169580822997151
0.879168445666361 0.5166737826654453
0.8792422070417691 0.5169688281670763
0.8795948459072903 0.5183793836291618
0.8796535868835668 0.518614347534267
0.8794471454385061 0.5177885817540241
0.8793900166737514 0.5175600666950058
0.8791525897541207 0.5166103590164828
0.8795110962690558 0.5180443850762235
0.8797675744989932 0.5190702979959727
0.8797449677713277 0.5189798710853102
0.8808230729145683 0.5232922916582726
0.8804079468899451 0.5216317875597803
0.8798486011821466 0.5193944047285862
0.8807780209294152 0.5231120837176596
0.8805715282842422 0.5222861131369699
0.8789953456436441 0.515981382574577
0.8787518243562971 0.5150072974251882
0.8798689433498662 0.5194757733994646
0.8796804570568502 0.5187218282274001
0.8793751222540017 0.5175004890160069
0.8791720666936912 0.5166882667747643
0.8799319409106645 0.5197277636426594
0.8816435477040492 0.5265741908161964
0.8784462743659084 0.5137850974636339
0.8782631358877855 0.5130525435511423
0.8782005498987826 0.5128021995951303
0.8794069296317605 0.5176277185270423
0.87871517701333 0.5148607080533197
0.8785635475769275 0.5142541903077098
0.8784840135401036 0.5139360541604148
0.8792991508858607 0.5171966035434439
0.8789443004848211 0.5157772019392832
0.8822299621193569 0.5289198484774269
0.8925534314567066 0.5702137258268289
0.8862418741822546 0.5449674967290185
0.8810217284350944 0.524086913740377
0.8784887814085094 0.5139551256340379
0.8791522056451602 0.5166088225806408
0.878162839656407 0.5126513586256273
0.8783716598046185 0.5134866392184736
0.8780988285997664 0.512395314399066
0.8787614206912828 0.5150456827651317
0.8787955189338805 0.5151820757355235
0.8783547168724524 0.5134188674898095
0.8788864601970154 0.5155458407880613
0.879364275811568 0.5174571032462719
0.8786803101153485 0.514721240461394
0.8789969473620114 0.515987789448046
0.8793162771332219 0.517265108532888
0.8789178597960849 0.5156714391843399
0.8788419506818869 0.5153678027275479
0.8795344135130887 0.5181376540523556
0.8791982911230258 0.5167931644921039
0.8790703279324527 0.5162813117298106
0.8795369492480458 0.5181477969921836
0.8795862732225369 0.5183450928901481
0.8795490723415729 0.5181962893662913
0.8793422497470881 0.5173689989883532
0.879694058907434 0.5187762356297356
0.8795756802637367 0.5183027210549471
0.8797628021995245 0.5190512087980987
0.8796755519005837 0.5187022076023348
0.8796493983328295 0.5185975933313184
0.8797312738502966 0.5189250954011868
0.8796370886739322 0.5185483546957292
0.8795644785284358 0.5182579141137441
0.8794658420330691 0.5178633681322764
0.8796326126077926 0.5185304504311706
0.879646666961835 0.5185866678473401
0.8797664539564518 0.5190658158258077
0.8799060757655224 0.5196243030620898
0.8798946485593026 0.5195785942372105
0.8798877020505336 0.5195508082021343
0.879848414029857 0.5193936561194291
0.8798409476136207 0.5193637904544832
0.8798307556718893 0.5193230226875574
0.8798104823127337 0.519241929250935
0.8798937576493107 0.5195750305972431
0.8799078020560218 0.5196312082240876
0.8799039508064926 0.5196158032259707
0.8799191185400761 0.5196764741603033
0.8799169162590189 0.519667665036076
0.8799058073067323 0.5196232292269296
0.8799308937524479 0.519723575009792
0.8799269976919358 0.5197079907677433
0.8799399130074427 0.519759652029771
0.879930190756951 0.5197207630278047
0.8799203635984199 0.51968145439368
0.8799539297988354 0.5198157191953421
0.8829287539609685 0.5317150158438733
0.8801114164663819 0.5204456658655284
0.8803042020371376 0.5212168081485501
0.8799135863027397 0.5196543452109585
0.889217968483469 0.5568718739338757
0.8818201651878329 0.5272806607513325
0.8790083494812087 0.5160333979248339
0.880162533071873 0.5206501322874917
0.8800037944160044 0.5200151776640192
0.8785844742585464 0.5143378970341854
0.8787171552522561 0.5148686210090239
0.8798568488046186 0.5194273952184745
0.8795226478103081 0.5180905912412321
0.8790700185491565 0.5162800741966247
0.8791727890193914 0.5166911560775658
0.8791671371153374 0.5166685484613507
0.8796565132310706 0.5186260529242832
0.8793733632338359 0.5174934529353432
0.8790151979580985 0.5160607918323933
0.879582290249209 0.5183291609968361
0.8794378389435383 0.5177513557741521
0.8866239446275174 0.5464957785100689
0.8803739630160118 0.5214958520640472
0.8812628931729249 0.5250515726916998
0.8788345746747058 0.5153382986988231
0.8795743301147081 0.5182973204588323
0.8792170533556635 0.5168682134226537
0.8794528530877059 0.5178114123508235
0.8794219634788751 0.5176878539155009
0.8797862579152875 0.51914503166115
0.8796193541888799 0.5184774167555196
0.8796332593620574 0.5185330374482294
0.8795911680507771 0.5183646722031091
0.8796656545576791 0.5186626182307181
0.8795523024210872 0.5182092096843496
0.8795216250649667 0.5180865002598665
0.8798286273065955 0.519314509226382
0.8798679515580798 0.5194718062323197
0.8797954341886522 0.5191817367546097
0.8796832339744362 0.5187329358977432
0.883288609088219 0.5331544363528772
0.8800118045208652 0.5200472180834611
0.8805842478650486 0.5223369914601943
0.8799734612190824 0.5198938448763291
0.8795365953958446 0.5181463815833789
0.8791968444882258 0.5167873779529033
0.8793951369675562 0.5175805478702248
0.879058564648961 0.5162342585958437
0.8797268701432033 0.5189074805728131
0.8794662424211489 0.5178649696845958
0.8795836637798581 0.5183346551194326
0.8793446221392476 0.5173784885569903
0.8798535364024076 0.5194141456096316
0.8797383509110389 0.5189534036441562
0.8797045813457752 0.5188183253831017
0.8795381555449633 0.5181526221798538
0.8798723851914109 0.519489540765644
0.8797730849592525 0.5190923398370106
0.8798207168737424 0.5192828674949699
0.87976528068481 0.5190611227392423
0.8834563992817697 0.5338255971270788
0.8796210323786078 0.5184841295144316
0.8819478625073593 0.5277914500294376
0.8816298679136446 0.5265194716545788
0.8811837004708468 0.5247348018833877
0.8805394795155439 0.5221579180621758
0.8797280862788783 0.5189123451155129
0.8793407175130418 0.5173628700521677
0.8791336061244773 0.5165344244979094
0.8809277806388175 0.5237111225552699
0.8789445474499874 0.5157781897999502
0.8793923986135401 0.5175695944541602
0.8787700622525318 0.5150802490101278
0.8790808239254863 0.5163232957019445
0.879037508269256 0.5161500330770236
0.8795458254025954 0.5181833016103814
0.8793913106751478 0.5175652427005913
0.8789906125203742 0.5159624500814971
0.8790799972846882 0.5163199891387533
0.8795122686346132 0.5180490745384525
0.8795451167454433 0.5181804669817744
0.8795965743579898 0.5183862974319592
0.8794534856262534 0.5178139425050116
0.8860448296300939 0.5441793185203755
0.8799461154123235 0.5197844616492936
0.8787865147336145 0.5151460589344581
0.8787589361079918 0.5150357444319673
0.8798648988179213 0.5194595952716855
0.8795554650690381 0.518221860276153
0.879145328948746 0.5165813157949841
0.8791711764585557 0.516684705834223
0.8798582585811207 0.5194330343244832
0.8796301149410064 0.5185204597640266
0.8793342815575029 0.5173371262300119
0.8794664576473181 0.5178658305892727
0.879304197907761 0.5172167916310445
0.8791763054114002 0.516705221645602
0.8796479479689233 0.5185917918756935
0.8793954705078147 0.5175818820312587
0.8799180277621429 0.5196721110485716
0.8797931808401559 0.5191727233606236
0.8797671240010029 0.5190684960040115
0.8796851989820885 0.5187407959283545
0.8795033383955981 0.5180133535823925
0.8799289182016561 0.519715672806625
0.8799079877099328 0.5196319508397313
0.8798935210461838 0.5195740841847354
0.8798212734977748 0.5192850939910997
0.8797238596648103 0.5188954386592415
0.8798244511603335 0.5192978046413341
0.8799727062802154 0.5198908251208619
0.879974466076562 0.5198978643062482
0.8799367301102601 0.5197469204410402
0.8798855018799492 0.5195420075197966
0.8798542073754295 0.5194168295017192
0.8798084258699493 0.5192337034797978
0.8797854806153856 0.519141922461543
0.8798758735778442 0.5195034943113767
0.8797805571619551 0.5191222286478212
0.8799673221249439 0.5198692884997755
0.8799860898085722 0.5199443592342887
0.8799616866965231 0.5198467467860943
0.8799494792204757 0.5197979168819045
0.8799770336457163 0.519908134582866
0.8799980568550364 0.5199922274201457
0.8799835334891973 0.519934133956789
0.8799824760073858 0.5199299040295424
0.8799712674294335 0.5198850697177352
0.8799714488448219 0.5198857953792879
0.8799959898833702 0.5199839595334814
0.8799938308933208 0.5199753235732849
0.8800014860026946 0.5200059440107799
0.8855199518264789 0.5420798073059159
0.8793580577573384 0.517432231029354
0.8788922253516955 0.5155689014067822
0.8791924674391098 0.5167698697564403
0.8798104830868048 0.5192419323472193
0.87957872936697 0.5183149174678804
0.879180047413326 0.5167201896533045
0.8791421580688942 0.516568632275576
0.8793030305123427 0.5172121220493718
0.8790651826273935 0.5162607305095737
0.8795687648935575 0.5182750595742288
0.884850301336385 0.5394012053455406
0.879268410888129 0.5170736435525164
0.8797954910168895 0.5191819640675575
0.8798117063850256 0.519246825540103
0.8800945156553626 0.5203780626214498
0.8804807777705951 0.5219231110823793
0.8797242110103788 0.5188968440415143
0.8813275663418938 0.5253102653675732
0.8792460026707046 0.5169840106828184
0.8796377932224977 0.5185511728899906
0.8790802282463465 0.5163209129853856
0.8785374119465029 0.5141496477860131
0.8799142910784841 0.5196571643139363
0.8870635152809061 0.5482540611236246
0.8838435640930516 0.5353742563722064
0.8822118199419478 0.5288472797677917
0.8776822579722957 0.5107290318891836
0.8791460962842563 0.5165843851370249
0.8786648474400622 0.5146593897602494
0.8784574395570197 0.5138297582280793
0.8777089165454427 0.5108356661817709
0.879558315537771 0.5182332621510843
0.8790068188171317 0.516027275268527
0.8788461586436774 0.5153846345747105
0.8783993719232127 0.5135974876928512
0.878480695186033 0.5139227807441327
0.8792674026284744 0.5170696105138975
0.8794885399874239 0.517954159949696
0.8792090673475434 0.5168362693901727
0.8793995075983423 0.5175980303933684
0.8797189679950388 0.5188758719801562
0.8794809684680095 0.5179238738720382
0.8792833125660435 0.5171332502641743
0.8795149010563782 0.5180596042255142
0.8794760563808045 0.5179042255232179
0.8796643650984326 0.5186574603937306
0.8796710033337496 0.518684013334999
0.8795212429307045 0.5180849717228189
0.8795179487061983 0.518071794824793
0.8795690554871172 0.5182762219484688
0.8795968048421335 0.5183872193685337
0.8798588989299304 0.5194355957197225
0.8797837694168199 0.5191350776672795
0.8796796578756636 0.5187186315026541
0.8796771455469639 0.5187085821878561
0.8797548828059893 0.5190195312239577
0.8799189848750708 0.5196759395002833
0.8798731419540852 0.5194925678163408
0.8799022528492525 0.5196090113970095
0.8799125316009997 0.5196501264039987
0.8798684471853742 0.5194737887414971
0.8799228354925152 0.5196913419700603
0.8799058582928546 0.5196234331714191
0.8798963903481092 0.5195855613924376
0.8798729053072016 0.519491621228807
0.8799518928020896 0.5198075712083585
0.8799464054222659 0.5197856216890637
0.8799553873780718 0.519821549512287
0.8799676118089256 0.5198704472357039
0.8799574142163376 0.5198296568653503
0.8799651913034937 0.5198607652139753
0.8799690006303093 0.519876002521237
0.8799608522156498 0.5198434088625992
0.8799588550935483 0.5198354203741935
0.8799524862211484 0.5198099448845954
0.8799786538218893 0.5199146152875586
0.8799753301468588 0.5199013205874361
0.8808565157556505 0.5234260630226022
0.8799880799059027 0.5199523196236102
0.8799817411751004 0.5199269647004019
0.8799896990874687 0.5199587963498751
0.8799859816320671 0.5199439265282687
0.8799847377782674 0.5199389511130689
0.8799881979296942 0.5199527917187774
0.8799862316299992 0.5199449265199971
0.879984422061306 0.519937688245224
0.8799892781048316 0.5199571124193265
0.8799879028071723 0.5199516112286893
0.8799953964661147 0.5199815858644586
0.8799962385657432 0.5199849542629729
0.8799942889173202 0.5199771556692813
0.8799932303914523 0.5199729215658089
0.8799961735028244 0.519984694011298
0.8799948012665805 0.5199792050663219
0.8799937241372545 0.5199748965490176
0.879996206503794 0.5199848260151739
0.8801806822330603 0.5207227289322423
0.8799951522966774 0.5199806091867102
0.8799946874682475 0.5199787498729903
0.8799954203934618 0.5199816815738467
0.8799953336335598 0.5199813345342408
0.8799964404604849 0.5199857618419399
0.87999601773139 0.5199840709255602
0.8799955324993789 0.5199821299975163
0.8799954037287709 0.5199816149150833
0.8799949958489757 0.5199799833959031
0.8799980831880607 0.5199923327522437
0.8799985634830815 0.5199942539323262
0.8799991542398281 0.5199966169593125
0.8799990043096253 0.5199960172385013
0.8799987519457182 0.5199950077828731
0.879998475426177 0.5199939017047085
0.879998818490877 0.5199952739635082
0.8799986990560869 0.5199947962243474
0.8799985584485372 0.5199942337941497
0.8799989795790455 0.5199959183161819
0.8799990096003392 0.5199960384013562
0.8799988891799603 0.5199955567198414
0.8800023844452322 0.5200095377809304
0.8809698400890188 0.523879360356076
0.893381869472048 0.5735274778881919
0.8853263816328591 0.5413055265314348
0.88049435949956 0.52197743799824
0.8824567268605279 0.529826907442113
0.8787105048914157 0.5148420195656638
0.8794337941420528 0.5177351765682104
0.883422989040494 0.5336919561619766
0.8884605363236188 0.5538421452944734
0.8854895580018757 0.5419582320075033
0.880947223307345 0.5237888932293798
0.8820271958781736 0.528108783512694
0.8794753712149199 0.5179014848596805
0.8784317340724666 0.5137269362898665
0.8794580739355381 0.5178322957421514
0.8794965269239426 0.5179861076957699
0.884887692416214 0.539550769664856
0.8809328365466365 0.5237313461865467
0.8811712371312848 0.5246849485251398
0.8793202777952471 0.5172811111809898
0.8790565723010095 0.516226289204039
0.8785588093661076 0.5142352374644311
0.8788832602002502 0.5155330408010012
0.8794288840038404 0.5177155360153618
0.8791328294981777 0.5165313179927111
0.8789592954523695 0.515837181809478
0.8788455031772124 0.5153820127088501
0.8786294137863778 0.5145176551455115
0.8788555164972773 0.5154220659891093
0.8793245386991374 0.5172981547965495
0.8794084312370718 0.5176337249482869
0.8790968584878784 0.5163874339515141
0.879160056290017 0.5166402251600686
0.879757715472481 0.519030861889924
0.8796950288113372 0.5187801152453493
0.8795577573806247 0.5182310295224989
0.8797969331881006 0.5191877327524028
0.879754085400571 0.5190163416022845
0.8796163785509737 0.5184655142038953
0.8797016327263739 0.518806530905496
0.8810095005835662 0.5240380023342638
0.8883293201643447 0.5533172806573792
0.8842721198864772 0.5370884795459077
0.881389560154723 0.525558240618892
0.8898126542759993 0.559250617103998
0.8860131782890238 0.5440527131560962
0.8794522348022117 0.5178089392088472
0.8823542581035365 0.5294170324141466
0.8793443810368994 0.5173775241475981
0.8819147204234694 0.527658881693879
0.8776437182802888 0.5105748731211547
0.8799897322199837 0.5199589288799349
0.8790299156611094 0.5161196626444388
0.8789329436495116 0.5157317745980463
0.8782156009682421 0.5128624038729693
0.8794998908287381 0.517999563314952
0.878956327755559 0.5158253110222363
0.8793554853768987 0.5174219415075949
0.8790130767374095 0.516052306949638
0.879290703751506 0.5171628150060239
0.8788408556050246 0.5153634224200986
0.8792705798182879 0.5170823192731513
0.8794923994174119 0.5179695976696476
0.8795072237236485 0.518028894894595
0.8794231895686322 0.5176927582745283
0.8795980577670127 0.5183922310680511
0.879430027743863 0.5177201109754517
0.8796938879346685 0.5187755517386742
0.8795837164174053 0.5183348656696211
0.8797973182096622 0.5191892728386496
0.8797007935303046 0.5188031741212175
0.8795520539355214 0.5182082157420852
0.8797629614060186 0.5190518456240734
0.8797103746096391 0.5188414984385565
0.8796792333384199 0.5187169333536797
0.8796997198114108 0.5187988792456435
0.8796781836811297 0.5187127347245198
0.8798773868806319 0.5195095475225281
0.8799088925329664 0.5196355701318662
0.8798769755026654 0.5195079020106621
0.8798474494883621 0.5193897979534482
0.8798991899627698 0.5195967598510796
0.8799040040327553 0.519616016131022
0.8798725809073198 0.51949032362928
0.8798604674247916 0.519441869699167
0.879888091397682 0.5195523655907274
0.879888513680902 0.5195540547236088
0.8799138516381388 0.5196554065525555
0.8799640675599184 0.5198562702396736
0.8799565764625322 0.5198263058501286
0.8799666501346306 0.5198666005385224
0.8799690050451927 0.519876020180771
0.8799668031373021 0.519867212549209
0.8799571312703257 0.5198285250813026
0.8799915414526115 0.5199661658104453
0.879969659733589 0.5198786389343559
0.879962667054356 0.5198506682174235
0.8799647735254926 0.5198590941019703
0.8799798216861595 0.5199192867446387
0.8799764826371562 0.5199059305486251
0.8799858865622683 0.5199435462490726
0.8802712218450168 0.5210848873800673
0.8869717416473791 0.5478869665895176
0.8826450755863481 0.5305803023453918
0.8804718691980061 0.5218874767920252
0.8811229233287858 0.5244916933151446
0.8818361471925594 0.5273445887702389
0.8914637777641299 0.5658551110565189
0.8846950550692931 0.5387802202771731
0.8824909339018706 0.529963735607483
0.8794529886498441 0.517811954599376
0.879163709176116 0.5166548367044641
0.8791603220375674 0.5166412881502697
0.8798194575331202 0.5192778301324811
0.879674951936417 0.5186998077456679
0.8796615574148781 0.5186462296595127
0.8794476954060632 0.5177907816242522
0.8795148163937501 0.5180592655750007