0 0 69 128 176 256 328 384 435 500 574 611 3 7 8 10 13 16 16 18 20 23
0 1 62 130 219 294 351 412 467 533 604 655 3 10 10 11 12 13 13 17 19 23
0 2 63 144 196 248 307 364 446 502 565 632 3 4 4 7 9 11 13 14 15 16
0 3 64 115 194 257 312 370 425 470 523 580 1 3 7 8 11 11 15 15 16 17
0 4 93 159 208 275 342 399 464 519 582 638 9 11 12 15 16 17 17 17 17 17
0 5 66 135 197 271 326 396 477 555 628 689 5 7 7 9 10 13 16 20 24 26
0 6 62 113 188 246 314 376 447 520 576 635 5 7 11 11 14 15 16 19 22 24
0 7 63 148 209 284 371 418 468 519 580 650 6 11 14 16 18 20 20 21 24 24
0 8 85 138 207 257 307 374 427 487 557 606 2 2 4 8 9 10 14 14 18 18
0 9 46 103 154 226 288 354 410 479 533 597 2 3 4 7 10 14 14 18 21 22
0 10 79 150 220 276 339 405 488 544 617 672 4 6 8 8 11 12 14 18 19 20
1 0 79 146 209 263 322 385 447 514 567 627 4 7 10 11 12 15 16 16 17 17
1 1 73 136 204 281 344 392 443 511 574 644 2 3 4 8 11 13 15 17 20 21
1 2 62 121 177 224 281 365 416 475 525 581 3 6 6 8 10 12 12 13 14 17
1 3 72 133 203 283 348 399 472 517 581 648 3 4 5 6 8 9 12 15 16 19
1 4 76 137 200 262 339 402 479 533 575 626 3 3 3 7 10 10 10 10 12 16
1 5 55 131 188 250 326 394 455 526 575 623 2 8 10 10 12 13 15 18 19 20
1 6 70 129 199 262 310 382 447 503 560 606 5 10 11 12 13 14 16 17 19 20
1 7 70 139 211 269 333 417 475 543 604 659 4 5 7 10 11 12 12 15 18 20
1 8 68 129 198 278 321 379 438 498 546 608 7 8 8 11 14 17 17 19 20 20
1 9 67 134 187 243 295 350 410 468 510 582 1 4 8 10 13 13 14 15 16 19
1 10 77 140 213 288 340 388 460 509 571 641 5 10 12 13 13 15 16 17 21 22
2 0 66 125 194 262 317 400 450 512 582 623 1 2 4 6 6 7 11 12 13 15
2 1 69 138 202 249 316 373 442 504 552 622 5 9 11 14 17 17 17 17 20 20
2 2 60 142 196 251 305 382 430 495 549 611 1 4 7 9 11 11 12 13 13 13
2 3 95 166 233 295 356 398 468 527 602 649 2 6 9 12 15 17 18 20 21 22
2 4 95 170 236 281 331 383 434 468 525 591 2 3 3 4 8 8 10 10 12 14
2 5 64 132 174 250 313 372 434 489 550 601 3 6 7 12 14 16 19 19 20 20
2 6 87 168 220 285 344 423 491 545 595 675 2 3 4 7 9 10 10 13 14 18
2 7 62 133 202 263 318 375 427 497 564 614 3 7 9 12 13 13 13 13 15 15
2 8 64 118 199 267 341 395 441 509 573 638 1 3 5 5 5 6 6 7 8 10
2 9 59 118 182 241 312 378 461 532 589 645 2 3 8 9 9 11 15 15 16 21
2 10 62 125 178 230 279 347 387 449 515 574 1 2 6 7 7 9 11 11 12 12
3 0 71 122 193 252 306 366 430 470 532 582 3 4 8 10 11 12 14 16 17 20
3 1 79 143 207 268 333 405 469 509 577 634 4 6 11 13 15 16 16 17 19 22
3 2 85 149 206 261 336 403 464 513 570 630 2 6 9 12 17 24 26 27 27 29
3 3 64 133 215 278 342 408 465 526 583 652 1 4 4 5 7 10 11 11 12 13
3 4 60 110 162 224 291 352 413 470 527 581 1 3 4 5 5 5 5 7 8 8
3 5 72 150 199 253 315 374 425 476 544 621 5 5 6 7 10 13 15 19 22 23
3 6 77 138 187 264 303 361 412 471 524 571 4 8 10 11 13 13 14 14 14 15
3 7 77 136 204 282 352 397 464 504 553 594 5 6 7 12 14 15 18 18 19 21
3 8 64 117 168 252 302 351 403 450 516 570 3 6 7 10 12 13 13 14 15 17
3 9 68 117 177 239 313 388 446 512 567 620 3 4 6 10 12 13 15 18 19 20
3 10 88 160 229 285 351 411 472 538 607 670 2 9 12 13 15 16 18 18 18 18
4 0 67 140 208 276 330 388 457 497 560 624 1 3 4 4 6 9 14 15 18 21
4 1 70 122 177 244 333 402 462 507 559 612 5 6 7 9 12 13 17 18 19 20
4 2 56 124 179 238 294 350 395 464 520 581 3 4 5 8 9 9 9 12 15 16
4 3 61 117 187 245 307 379 436 506 567 621 7 7 11 12 12 14 20 21 21 22
4 4 79 140 205 274 329 374 431 481 543 596 7 9 13 15 15 17 19 24 25 25
4 5 62 109 169 218 269 334 395 439 493 543 2 2 3 4 6 8 9 9 9 13
4 6 66 120 183 258 310 369 435 477 533 588 5 8 11 14 16 16 16 16 17 18
4 7 83 149 210 283 353 397 453 504 565 619 3 8 9 9 13 14 14 18 20 21
4 8 69 117 175 233 290 354 403 474 524 588 1 2 3 4 6 10 12 16 17 19
4 9 43 90 152 218 273 321 358 421 472 520 2 5 7 7 9 11 11 14 17 17
4 10 82 132 192 251 324 364 404 477 541 591 6 7 10 14 17 18 18 23 24 24
5 0 67 135 205 262 329 383 437 497 552 618 3 6 8 10 10 13 16 21 22 24
5 1 74 129 181 250 308 375 434 494 544 602 2 5 5 7 7 9 10 13 15 16
5 2 73 147 221 296 344 391 463 528 600 645 3 5 7 10 12 13 14 14 16 19
5 3 73 135 193 258 320 388 438 495 569 630 6 8 8 12 14 15 15 15 19 19
5 4 75 146 203 255 337 405 485 548 616 677 4 6 7 10 12 14 14 16 16 18
5 5 84 135 195 264 326 402 460 524 589 642 2 2 4 9 11 14 14 15 20 23
5 6 73 134 215 276 323 393 440 499 539 597 2 4 7 8 8 12 13 13 13 15
5 7 68 119 195 253 301 351 412 468 545 598 0 0 1 2 3 4 6 8 10 10
5 8 71 134 184 240 298 350 412 448 524 568 1 6 7 9 11 13 13 14 14 15
5 9 66 131 209 262 312 362 407 455 491 553 3 7 10 10 14 16 18 19 20 20
5 10 79 140 190 238 287 359 412 488 542 587 4 5 5 8 9 13 16 19 20 21
6 0 64 133 206 273 328 402 463 522 599 663 4 8 9 10 10 12 14 16 17 18
6 1 67 121 171 220 280 351 416 474 541 594 4 6 7 7 11 17 20 21 22 23
6 2 72 138 205 259 321 385 462 515 565 632 3 4 6 12 13 16 18 19 20 24
6 3 63 132 195 261 323 383 418 473 539 600 4 7 9 10 11 14 17 17 18 19
6 4 72 139 197 260 330 409 467 528 587 645 2 3 5 10 12 12 15 15 15 15
6 5 76 138 203 274 333 397 471 525 563 626 4 7 9 11 14 18 21 23 24 27
6 6 75 144 197 254 325 381 424 478 532 576 3 4 4 6 8 9 11 12 17 18
6 7 77 142 210 281 333 388 442 474 522 584 2 4 4 5 13 13 17 18 20 20
6 8 72 138 197 244 307 372 426 469 516 579 1 2 6 9 12 14 18 19 22 24
6 9 66 138 195 260 342 410 477 549 606 665 3 4 10 12 14 20 23 25 25 25
6 10 86 172 238 293 345 387 440 496 546 609 5 10 10 12 14 15 15 15 15 15
7 0 58 135 196 264 336 403 468 534 607 676 3 9 9 12 16 21 24 25 29 30
7 1 76 120 186 247 305 378 453 540 596 656 7 7 9 11 12 13 15 15 17 17
7 2 67 142 209 269 335 405 490 541 579 644 2 7 8 9 10 12 15 16 17 19
7 3 79 148 197 254 331 383 433 480 522 568 1 3 5 6 12 16 17 19 23 24
7 4 86 134 189 231 284 345 424 470 514 569 5 7 8 9 11 11 12 16 18 18
7 5 62 121 179 244 308 352 418 471 512 558 3 4 6 9 10 12 14 15 15 16
7 6 65 128 192 264 321 391 451 520 574 642 3 7 7 10 11 13 13 15 16 17
7 7 56 100 162 210 274 328 378 431 468 532 5 8 12 13 13 15 17 17 21 22
7 8 71 145 201 262 312 391 437 494 554 620 5 7 8 12 13 16 18 20 23 25
7 9 82 146 186 236 289 339 402 457 505 561 4 6 7 9 11 14 14 18 18 19
7 10 55 129 182 244 307 362 399 459 497 559 1 2 8 9 12 13 13 15 15 17
8 0 76 143 205 265 324 398 456 506 556 614 1 1 5 9 11 12 15 16 16 16
8 1 78 160 227 287 342 402 473 531 601 650 1 2 3 4 7 8 10 12 16 18
8 2 62 132 185 250 310 362 420 501 580 646 1 2 5 7 9 10 11 18 23 27
8 3 79 146 212 269 334 392 441 502 576 607 4 6 8 9 10 12 13 15 17 17
8 4 89 150 201 264 322 378 437 485 551 599 2 3 4 9 13 16 18 18 23 23
8 5 75 142 203 253 300 370 426 487 526 589 2 4 7 10 13 16 19 20 24 29
8 6 73 140 195 247 313 367 427 480 544 611 4 5 6 7 8 9 10 11 14 16
8 7 58 124 183 233 286 309 362 404 465 508 0 2 4 4 6 9 14 15 16 17
8 8 71 118 177 220 253 312 380 424 480 518 2 5 7 8 9 9 10 12 14 14
8 9 63 102 158 213 276 322 379 442 506 562 2 3 3 3 4 4 6 8 11 12
8 10 65 144 202 265 326 373 426 473 512 573 5 7 8 11 14 14 15 16 17 19
9 0 76 140 222 279 353 413 484 543 621 693 1 6 7 8 12 14 17 18 19 21
9 1 74 130 191 243 308 358 427 483 542 606 3 5 7 11 13 14 17 18 21 21
9 2 72 142 206 265 319 377 442 512 586 638 4 5 8 11 12 15 18 20 21 23
9 3 61 128 209 275 324 384 433 485 560 615 1 2 3 6 8 10 11 11 12 14
9 4 74 117 181 258 297 358 415 488 556 593 3 7 7 9 12 12 14 14 15 16
9 5 52 113 170 248 300 368 421 462 526 582 1 2 4 6 8 9 12 12 13 16
9 6 80 117 177 256 328 403 469 526 602 667 2 5 7 9 11 13 18 19 21 23
9 7 73 123 172 233 292 342 395 464 520 577 5 7 9 11 13 13 13 13 14 15
9 8 53 107 184 236 295 342 394 438 504 564 4 7 8 11 11 14 16 17 17 17
9 9 60 124 175 233 290 358 416 460 539 613 2 3 5 9 9 9 12 13 15 15
9 10 60 123 185 248 310 371 447 508 561 616 3 3 5 6 7 8 9 11 11 14
10 0 74 154 215 271 327 409 462 524 592 646 6 7 11 11 13 17 18 22 24 24
10 1 59 132 206 277 329 383 453 523 594 660 0 7 10 13 14 16 18 19 23 26
10 2 67 138 187 254 321 388 448 526 580 661 4 6 8 11 13 14 17 21 22 25
10 3 75 144 194 232 276 329 383 441 500 560 3 7 8 8 10 12 15 19 23 26
10 4 76 121 197 259 311 393 444 510 568 621 3 6 7 8 10 13 15 16 16 18
10 5 74 135 211 278 318 376 416 448 524 596 3 4 9 10 11 12 12 15 18 22
10 6 74 140 184 226 282 343 412 470 541 620 2 6 9 12 13 14 14 18 21 23
10 7 81 140 190 258 326 379 440 496 550 614 0 2 3 4 6 7 8 11 14 14
10 8 63 142 191 254 306 375 448 501 562 622 7 8 11 13 14 17 21 24 25 25
10 9 74 131 176 224 283 338 380 433 486 529 2 3 7 7 9 11 13 14 15 15
10 10 65 116 183 244 298 357 396 458 514 578 3 5 8 9 9 9 9 10 12 13