0 0 80 152 205 273 335 406 479 552 621 681 1 6 8 9 12 15 17 18 19 21
0 1 69 128 190 259 329 389 454 523 588 653 2 4 5 9 12 15 16 17 21 23
0 2 72 142 200 262 311 368 429 495 566 641 8 11 12 12 14 16 19 19 22 26
0 3 77 132 197 274 335 412 474 532 589 647 3 4 5 8 11 12 13 15 15 16
0 4 65 130 186 240 315 368 433 497 557 621 3 6 6 6 8 11 13 17 20 22
0 5 73 117 168 224 272 339 398 438 496 562 1 3 3 3 5 7 8 11 12 15
0 6 60 145 220 284 339 404 456 519 602 674 3 5 9 11 12 14 14 21 21 25
0 7 69 136 200 253 311 372 451 507 576 623 3 5 9 10 14 16 19 22 25 26
0 8 71 142 214 283 340 408 476 547 612 691 4 5 7 12 13 14 16 18 18 24
0 9 71 131 212 278 351 423 473 550 622 688 4 5 9 13 14 21 23 27 29 30
0 10 74 144 211 265 332 387 443 499 565 625 0 2 4 7 7 9 14 17 18 19
1 0 74 148 214 275 341 409 474 528 604 687 2 5 8 9 10 13 14 17 21 26
1 1 89 149 222 287 361 426 488 557 635 687 4 6 8 12 15 18 18 22 24 27
1 2 70 137 192 244 318 378 423 487 535 576 4 6 7 7 9 11 12 14 15 15
1 3 54 127 178 251 310 362 426 485 547 614 4 6 7 9 12 15 17 19 21 26
1 4 74 134 199 262 316 374 436 495 570 639 2 2 7 11 16 17 20 20 24 27
1 5 67 140 216 279 342 406 482 538 596 662 3 3 4 5 6 7 10 12 18 19
1 6 70 128 200 263 339 401 481 551 611 670 3 7 10 12 13 16 18 20 20 20
1 7 82 139 203 268 329 389 433 501 562 613 2 2 6 9 14 15 19 22 23 26
1 8 72 133 196 266 331 394 433 494 542 594 5 9 9 13 14 17 17 18 19 19
1 9 59 109 163 243 307 361 413 480 530 588 7 11 12 14 18 20 22 24 25 28
1 10 62 131 196 263 336 408 465 529 588 642 3 3 5 9 10 12 15 15 16 18
2 0 48 103 162 226 294 363 422 485 556 620 3 6 8 9 13 15 18 19 20 23
2 1 78 156 207 285 352 426 486 565 630 676 2 6 11 13 15 17 17 24 26 29
2 2 79 141 206 260 321 389 451 517 576 643 3 8 13 15 16 16 18 19 20 21
2 3 60 122 191 260 311 380 448 508 571 606 8 8 9 11 12 16 17 18 18 21
2 4 86 160 213 285 363 455 520 584 649 701 2 4 6 9 12 14 14 16 17 18
2 5 53 131 199 259 312 379 438 487 550 605 1 6 8 8 9 11 14 15 18 18
2 6 73 149 213 275 346 398 475 532 572 637 5 8 9 13 14 18 19 21 22 23
2 7 57 127 199 257 335 409 470 553 593 644 1 5 7 9 11 15 17 19 21 22
2 8 49 119 190 263 319 380 435 507 555 618 0 2 4 5 6 8 9 13 14 16
2 9 68 118 181 242 299 357 398 469 519 561 2 5 5 7 8 9 11 13 16 18
2 10 60 124 174 232 307 346 408 456 502 549 3 5 6 6 10 11 11 11 12 17
3 0 72 137 197 253 317 392 448 521 582 646 3 6 9 11 13 18 19 20 21 27
3 1 61 124 188 224 282 337 414 463 519 583 2 4 6 8 10 10 16 17 20 24
3 2 72 131 178 246 300 374 416 488 553 612 2 6 7 11 13 16 17 19 21 22
3 3 73 150 196 270 325 397 452 499 566 627 1 3 4 6 8 12 17 18 20 22
3 4 74 163 227 299 369 419 480 540 600 664 5 8 10 11 12 14 16 17 19 19
3 5 71 155 205 260 316 379 462 531 596 655 5 6 6 8 8 11 13 15 18 19
3 6 67 134 198 264 329 401 465 535 572 629 7 9 10 10 12 15 18 22 26 28
3 7 69 142 200 249 312 364 411 461 525 567 3 6 10 11 13 13 13 16 16 19
3 8 76 149 223 275 347 407 463 535 602 654 3 9 11 15 17 17 20 21 23 27
3 9 76 135 201 271 318 376 412 464 520 580 4 4 7 11 12 14 16 19 21 21
3 10 72 129 203 263 329 386 437 507 563 625 4 6 9 9 9 12 13 16 17 17
4 0 74 135 199 271 332 389 474 543 605 667 2 2 5 6 7 7 8 9 9 14
4 1 69 132 208 259 319 378 438 514 575 637 1 5 10 12 15 15 15 17 20 22
4 2 79 143 196 265 328 371 430 487 541 601 2 5 7 12 17 17 18 20 21 21
4 3 78 145 206 259 335 402 453 526 589 656 3 7 10 13 17 17 18 19 22 23
4 4 65 120 177 245 311 356 411 482 549 611 5 7 10 11 12 13 14 16 19 20
4 5 66 130 196 262 329 414 469 521 568 637 1 3 4 7 9 11 14 15 17 17
4 6 78 119 185 244 316 368 426 483 546 598 2 7 12 12 15 16 18 18 20 20
4 7 72 135 185 261 317 394 448 513 573 636 2 5 5 8 10 10 15 17 20 25
4 8 68 135 203 273 355 420 480 526 577 623 3 4 6 9 9 11 14 17 18 18
4 9 57 140 202 260 325 375 418 470 527 573 3 5 7 9 9 10 12 13 19 22
4 10 67 126 173 243 294 363 409 466 506 572 2 3 4 6 9 12 12 13 15 18
5 0 82 143 203 268 341 409 472 532 587 653 2 5 5 6 9 11 13 15 18 19
5 1 69 135 212 273 321 386 430 484 571 634 3 4 8 8 9 13 13 13 14 16
5 2 77 136 209 267 337 405 458 500 558 629 3 4 5 5 7 10 15 16 17 21
5 3 61 126 180 226 293 354 413 464 528 599 3 4 5 6 7 9 12 13 13 16
5 4 55 113 176 228 284 333 369 435 498 573 2 3 3 4 6 8 8 8 12 14
5 5 68 122 192 261 318 380 453 514 571 642 3 4 10 13 13 13 16 17 18 19
5 6 63 149 212 276 330 375 432 503 558 622 6 6 7 8 9 11 13 14 14 17
5 7 70 144 207 283 315 356 414 481 539 584 4 7 9 13 14 15 18 19 22 25
5 8 58 130 187 260 333 389 442 497 538 603 0 3 7 9 11 12 13 13 13 14
5 9 78 149 195 232 295 361 415 463 523 583 2 4 5 5 7 8 8 9 9 9
5 10 68 131 198 262 321 398 452 515 572 632 5 6 7 8 9 12 14 17 17 17
6 0 62 123 182 236 294 360 422 484 541 612 0 2 2 3 7 9 11 11 12 14
6 1 69 126 205 254 313 377 433 487 546 615 4 9 10 11 13 15 17 20 21 23
6 2 78 140 206 248 300 360 432 506 573 626 2 9 11 11 12 16 18 22 29 31
6 3 69 130 214 268 325 387 435 484 541 604 5 8 9 12 14 17 23 24 24 26
6 4 85 162 221 282 344 392 446 508 580 634 4 8 9 10 12 14 14 14 16 18
6 5 90 163 224 305 370 430 491 536 593 656 1 4 6 7 9 12 13 17 19 20
6 6 75 121 174 224 292 360 409 468 530 592 4 5 8 9 12 14 14 14 15 17
6 7 71 138 187 253 312 377 434 483 545 611 0 2 3 6 6 8 8 9 10 12
6 8 60 102 158 202 269 335 392 433 500 551 3 4 6 7 11 12 15 17 18 22
6 9 68 129 193 267 320 367 439 503 556 596 2 3 3 7 10 10 12 12 15 15
6 10 82 160 223 278 339 392 453 521 566 613 2 4 8 11 11 13 14 16 17 18
7 0 61 118 186 229 297 350 425 496 549 598 3 5 11 11 15 17 18 22 24 26
7 1 72 131 201 272 324 389 445 519 576 627 1 4 7 10 10 12 15 18 23 25
7 2 69 122 184 239 302 381 442 516 583 645 3 3 6 8 10 12 18 18 21 24
7 3 71 134 200 270 341 402 459 513 579 617 4 5 9 11 13 13 15 18 18 20
7 4 68 136 204 263 321 387 449 506 570 623 4 7 8 9 12 16 16 17 18 20
7 5 87 170 230 288 338 396 456 507 559 626 5 7 8 9 11 14 15 18 22 23
7 6 66 131 186 235 308 347 395 444 503 558 1 5 6 8 11 13 14 15 17 18
7 7 59 118 171 237 307 365 419 479 521 566 3 7 12 16 18 21 21 23 24 25
7 8 54 112 175 241 321 362 411 460 505 557 2 4 4 7 10 10 10 11 13 14
7 9 66 131 179 229 280 345 404 458 503 555 2 6 7 9 13 18 20 22 22 24
7 10 71 126 156 211 246 298 350 397 465 513 5 7 7 8 13 13 15 15 17 18
8 0 84 150 219 277 348 420 482 549 607 675 2 5 8 9 15 19 22 27 29 34
8 1 67 140 201 262 330 400 465 532 592 649 1 4 8 11 12 12 14 17 19 19
8 2 74 134 194 256 338 416 474 527 588 636 2 2 2 4 6 8 10 11 13 16
8 3 63 108 191 255 309 382 428 499 554 633 2 4 6 12 14 15 18 19 19 25
8 4 84 141 201 253 322 391 451 498 553 609 1 4 8 10 11 11 13 14 15 20
8 5 80 140 204 264 327 384 446 500 566 622 4 6 10 11 12 13 18 19 20 21
8 6 76 161 230 294 349 418 474 561 609 661 3 6 6 7 11 14 14 16 16 18
8 7 78 139 204 269 309 377 432 478 548 595 6 9 9 9 10 10 13 19 20 21
8 8 56 123 190 238 287 333 377 426 483 512 1 2 4 5 9 9 10 12 12 13
8 9 77 133 180 233 285 352 394 448 505 565 2 3 5 8 9 10 11 13 15 15
8 10 69 119 192 230 291 357 392 440 487 566 2 4 5 5 6 8 11 12 12 14
9 0 68 139 210 284 358 428 489 554 607 675 2 2 5 5 6 8 11 12 13 14
9 1 63 131 181 247 299 345 416 497 578 639 5 6 8 9 12 15 16 17 18 20
9 2 64 122 197 271 341 417 492 547 619 695 2 6 7 14 17 19 21 21 22 26
9 3 81 154 219 282 328 397 444 500 558 631 2 3 4 7 8 9 10 10 12 13
9 4 60 129 180 266 333 410 472 530 581 644 3 3 4 5 6 9 12 12 14 16
9 5 97 175 235 304 350 410 456 514 570 639 2 8 10 10 11 13 15 18 18 21
9 6 81 141 212 263 314 380 438 509 570 609 4 5 8 8 10 10 11 11 13 15
9 7 69 134 191 254 322 372 426 473 521 584 2 4 5 7 8 9 11 13 13 14
9 8 90 143 208 269 338 390 447 493 561 617 2 4 7 8 12 13 15 15 17 18
9 9 70 115 176 237 288 324 381 441 511 553 4 5 5 5 7 9 12 12 12 12
9 10 74 132 184 230 280 319 381 453 505 574 2 5 6 12 14 15 16 16 16 18
10 0 68 134 207 275 347 409 482 548 614 680 5 8 11 15 18 19 21 22 24 24
10 1 57 115 197 260 323 379 435 512 576 632 5 7 7 9 10 10 11 12 12 13
10 2 70 121 188 269 335 409 481 551 606 665 2 4 5 6 11 12 14 15 18 20
10 3 67 141 202 262 348 426 475 530 596 650 4 4 6 9 10 11 13 14 15 16
10 4 79 141 207 282 337 390 431 504 558 634 4 7 9 10 11 12 13 16 16 18
10 5 73 131 184 241 293 357 431 482 540 583 2 2 4 6 6 6 10 12 13 13
10 6 73 136 189 247 302 350 408 450 516 543 5 5 6 7 8 8 11 11 13 14
10 7 62 132 206 270 316 380 443 499 557 631 4 6 8 12 13 14 16 17 18 19
10 8 81 144 204 270 316 354 421 464 522 577 2 6 9 12 13 14 17 19 21 22
10 9 68 129 190 259 310 372 430 479 522 584 3 4 7 7 7 9 12 14 15 18
10 10 72 131 201 258 327 356 419 474 521 572 3 4 6 8 12 12 13 16 16 19