0 0 14 22 32 41 48 59 72 79 87 94 0 0 1 4 4 5 5 7 7 7
0 1 5 14 22 37 45 55 66 76 83 87 1 1 1 1 2 4 4 5 6 6
0 2 13 16 28 36 45 55 71 78 87 95 1 2 2 2 2 2 5 5 7 7
0 3 10 21 31 38 44 51 63 71 81 90 0 0 1 1 5 6 8 8 8 9
0 4 8 16 22 26 35 41 53 65 73 79 2 2 2 3 6 6 6 7 7 9
0 5 7 18 28 40 47 55 62 69 81 87 0 1 2 3 4 4 5 5 6 6
0 6 12 17 27 37 46 50 62 69 77 81 0 1 2 3 6 8 8 8 10 10
0 7 5 12 22 33 45 57 65 72 81 92 0 1 4 5 5 5 6 6 6 7
0 8 12 20 31 35 43 49 60 72 82 88 1 1 4 4 5 5 7 8 9 9
0 9 4 15 23 28 38 50 55 63 69 75 1 1 1 3 3 4 5 6 6 7
0 10 9 19 29 44 56 66 71 83 98 106 0 1 1 1 1 1 3 3 3 5
1 0 6 14 22 30 41 46 52 59 66 80 1 1 2 3 4 4 6 7 7 7
1 1 10 23 29 33 43 48 54 64 71 80 1 1 1 1 2 3 4 6 6 6
1 2 9 17 23 31 42 55 61 72 82 84 0 0 0 0 0 1 2 3 3 5
1 3 12 22 26 35 44 50 58 69 78 87 1 4 5 5 5 5 6 6 8 8
1 4 13 21 26 37 44 54 64 70 74 91 0 0 1 2 3 4 4 5 7 8
1 5 12 24 31 37 44 55 68 80 85 93 1 2 4 5 7 7 9 11 12 12
1 6 9 19 31 43 48 57 67 75 88 103 0 0 2 2 3 3 3 3 4 4
1 7 15 22 30 33 40 51 60 66 74 86 0 0 1 3 3 3 3 3 4 4
1 8 9 17 24 34 45 52 57 64 73 79 1 1 1 1 1 1 1 3 6 10
1 9 8 18 28 37 40 47 53 63 70 81 1 3 4 4 7 8 8 9 9 10
1 10 8 21 28 35 47 51 56 65 77 82 0 1 1 1 2 4 4 6 7 9
2 0 10 16 29 35 43 54 66 72 84 89 0 2 2 3 3 4 4 4 5 5
2 1 6 19 26 36 48 58 66 72 79 90 0 0 1 2 3 4 5 6 8 10
2 2 12 19 25 35 42 54 60 69 76 84 1 1 3 4 5 6 6 7 8 8
2 3 10 21 29 39 49 58 71 77 86 95 0 0 1 1 1 1 2 2 2 2
2 4 10 21 28 38 49 55 65 74 83 96 2 2 2 3 3 3 3 4 5 6
2 5 6 12 26 37 48 59 67 75 84 93 0 1 2 2 3 4 5 8 8 8
2 6 7 17 27 34 46 57 66 71 76 81 1 4 4 4 5 6 7 10 11 11
2 7 8 19 27 28 36 47 55 62 72 78 0 0 3 4 4 5 5 5 6 6
2 8 8 14 20 33 42 50 57 67 76 85 1 1 1 2 2 4 4 4 4 4
2 9 9 17 27 39 48 55 65 74 82 93 0 0 1 3 4 4 5 5 6 6
2 10 6 16 29 33 43 54 57 64 72 77 0 2 2 4 5 5 6 6 6 7
3 0 7 20 31 38 47 57 61 73 78 87 0 0 2 2 2 5 7 10 10 10
3 1 14 21 32 42 57 67 74 84 93 102 1 2 5 5 6 9 9 10 10 11
3 2 13 22 30 35 44 60 74 85 96 107 3 5 6 6 7 7 8 8 9 10
3 3 6 14 23 31 41 46 57 65 79 84 0 0 0 1 1 1 2 3 3 3
3 4 10 15 21 30 35 43 52 64 76 81 0 0 1 3 3 3 4 4 4 6
3 5 8 16 23 32 38 48 54 61 71 79 0 2 3 5 5 6 6 6 6 6
3 6 11 18 29 39 45 52 62 69 77 81 1 2 2 2 2 4 4 4 4 4
3 7 10 20 26 33 43 50 56 60 63 72 0 0 1 2 3 3 5 5 8 8
3 8 13 18 29 43 47 65 71 80 90 95 0 0 1 3 5 7 7 8 8 8
3 9 4 13 20 31 43 48 59 63 71 78 0 3 4 4 6 6 7 8 9 9
3 10 9 16 21 32 39 50 58 66 71 78 1 1 3 3 4 5 5 6 6 6
4 0 8 17 30 40 49 54 62 69 77 88 0 1 1 2 4 4 5 6 8 10
4 1 9 21 26 34 42 49 57 61 72 81 0 0 2 2 3 3 4 4 5 5
4 2 5 14 23 31 38 48 56 64 71 80 0 0 0 1 3 3 4 4 4 4
4 3 12 25 33 38 49 57 66 72 78 87 0 2 4 4 5 7 8 8 9 10
4 4 10 18 33 38 44 50 57 65 72 77 2 3 5 7 7 8 9 9 10 11
4 5 8 17 29 38 46 55 61 65 76 82 0 2 2 4 5 7 9 9 9 9
4 6 7 16 25 30 40 49 55 61 73 82 4 4 5 6 6 7 7 7 8 8
4 7 10 22 31 43 56 70 81 83 94 106 1 2 4 6 7 7 7 9 10 12
4 8 9 17 26 37 45 54 62 68 74 83 0 0 0 2 4 4 4 5 6 6
4 9 7 17 29 40 49 55 66 75 83 88 1 2 2 3 3 4 4 5 5 5
4 10 6 15 21 27 39 48 53 60 69 76 1 1 2 2 3 3 5 5 5 6
5 0 7 15 26 34 41 48 58 62 70 79 1 1 1 1 2 4 4 6 6 8
5 1 13 23 33 40 49 55 66 76 83 87 0 1 1 1 3 3 3 7 8 8
5 2 13 25 33 42 55 59 67 72 77 86 0 1 1 1 1 2 3 3 5 5
5 3 10 18 33 41 48 54 61 68 79 88 1 1 2 3 3 4 6 7 7 8
5 4 6 15 26 39 45 58 64 74 82 95 0 1 3 6 7 8 9 10 10 10
5 5 13 20 29 35 41 49 58 63 71 79 1 1 1 2 4 4 5 5 5 5
5 6 5 12 26 32 39 46 51 60 73 81 0 0 1 1 4 4 4 4 5 5
5 7 8 16 25 35 43 52 56 65 73 80 1 1 1 1 1 1 1 2 4 6
5 8 11 23 33 41 48 58 69 80 89 101 2 4 4 5 6 6 8 8 8 8
5 9 6 15 27 35 39 47 55 64 73 79 2 4 6 7 8 8 8 8 9 9
5 10 9 21 32 42 48 58 69 78 89 98 0 0 0 1 2 3 3 4 4 4
6 0 10 17 26 32 39 55 63 69 78 85 2 4 5 5 6 6 7 8 8 9
6 1 9 15 21 29 36 43 52 60 67 74 1 2 3 4 5 7 9 10 10 11
6 2 9 18 26 32 41 47 55 65 68 78 1 1 3 5 5 5 6 6 6 6
6 3 5 12 20 29 38 43 50 62 69 84 0 4 4 5 6 6 7 8 8 10
6 4 12 21 29 38 51 55 61 73 83 98 1 4 4 5 6 6 7 8 10 13
6 5 14 20 27 32 44 49 57 60 65 72 0 0 0 2 2 3 4 4 5 5
6 6 7 18 27 33 39 47 58 64 71 77 1 1 3 6 7 7 10 13 13 14
6 7 6 17 23 29 38 45 52 63 67 75 0 0 0 1 2 2 3 4 4 4
6 8 10 21 31 38 43 51 53 62 67 76 1 1 2 5 5 6 7 8 8 8
6 9 5 15 22 25 33 42 48 54 56 67 3 5 7 7 7 9 10 10 10 10
6 10 9 14 20 30 40 45 53 53 60 63 0 0 1 1 2 2 2 2 2 3
7 0 11 17 23 30 35 40 50 56 65 72 0 0 1 1 3 4 5 5 5 5
7 1 6 17 27 35 47 52 62 66 75 87 0 1 1 3 4 4 6 6 6 7
7 2 6 17 25 36 47 49 59 66 76 87 0 1 2 2 2 2 2 5 5 6
7 3 9 17 26 39 49 58 66 77 85 92 3 3 5 6 8 9 9 9 10 10
7 4 8 17 29 38 48 60 72 79 90 100 1 1 1 2 3 6 6 7 7 8
7 5 8 19 26 34 44 54 65 77 90 96 3 4 5 6 7 8 9 11 12 12
7 6 8 19 27 39 47 56 61 67 75 84 0 0 0 0 0 3 3 3 3 3
7 7 4 14 28 36 44 50 58 69 78 85 0 1 2 2 3 3 3 3 3 3
7 8 11 16 26 36 44 52 60 65 72 81 0 0 0 2 2 3 3 4 4 4
7 9 10 16 22 30 39 47 57 64 70 82 2 2 2 2 4 4 5 5 6 6
7 10 10 27 36 44 55 62 73 84 97 107 0 2 2 2 2 4 4 4 4 5
8 0 9 16 24 31 41 51 57 66 75 83 0 0 1 2 3 3 3 4 6 9
8 1 11 25 33 44 55 65 74 82 88 97 1 2 3 3 4 4 5 5 7 8
8 2 11 21 30 41 51 57 63 72 83 86 0 0 1 1 1 1 2 3 3 3
8 3 13 20 30 36 47 57 68 73 81 94 0 4 4 6 7 8 8 10 11 12
8 4 5 17 20 28 38 51 62 66 73 84 2 3 3 3 3 4 6 6 6 6
8 5 9 15 22 32 39 47 58 63 71 76 0 0 0 1 3 3 3 4 5 5
8 6 6 15 26 35 40 48 58 66 82 85 0 0 2 4 4 4 6 7 8 8
8 7 9 12 19 23 34 37 42 49 54 65 1 3 3 3 3 3 3 4 4 4
8 8 5 15 22 34 44 52 58 63 70 75 1 1 1 2 3 4 6 6 6 6
8 9 12 20 27 31 36 45 56 61 70 73 3 4 5 6 6 7 8 8 9 10
8 10 11 21 29 33 39 51 58 69 76 85 0 1 2 2 2 3 5 6 7 7
9 0 14 21 32 41 48 54 61 70 79 82 1 1 2 2 3 3 4 5 5 6
9 1 9 26 34 40 47 54 62 71 81 93 3 3 3 3 4 4 6 6 6 6
9 2 11 16 27 41 47 58 67 75 81 83 1 1 2 2 2 3 3 3 3 3
9 3 13 25 37 44 53 58 65 73 86 94 1 1 1 1 1 2 2 2 2 3
9 4 6 14 27 33 44 53 58 65 75 87 0 3 4 4 4 5 6 6 8 9
9 5 11 20 26 34 48 58 62 71 86 89 0 2 5 5 7 8 8 8 8 8
9 6 6 12 18 27 35 45 53 59 75 89 0 0 4 5 7 8 8 8 10 11
9 7 10 22 29 33 37 50 57 63 71 80 1 2 2 2 3 3 5 5 6 7
9 8 13 23 30 42 46 52 60 64 77 85 0 1 1 1 2 2 2 3 3 4
9 9 10 18 28 37 39 50 60 71 81 91 2 3 4 4 4 4 4 4 4 4
9 10 4 18 31 36 45 54 60 73 86 94 0 1 1 1 2 3 3 3 3 3
10 0 10 19 28 41 51 65 77 82 90 96 2 3 4 4 4 5 9 9 9 11
10 1 12 18 30 44 52 62 69 79 86 94 1 3 3 5 6 6 7 8 10 11
10 2 9 18 26 33 40 50 62 71 77 86 2 2 2 2 3 3 3 3 4 4
10 3 11 18 27 32 42 54 61 72 80 95 0 3 4 5 7 7 8 8 8 11
10 4 11 22 33 37 41 43 45 52 61 69 2 2 2 2 2 2 2 3 4 6
10 5 10 20 33 39 48 56 69 76 87 94 2 2 2 5 6 9 9 11 11 11
10 6 10 17 26 32 40 47 63 75 82 88 0 0 0 2 2 2 3 5 5 5
10 7 11 19 32 39 48 55 65 70 79 86 0 0 0 0 0 1 1 3 3 3
10 8 6 12 19 26 36 45 54 60 70 82 0 1 1 2 2 3 3 4 4 5
10 9 6 18 24 34 43 56 67 75 81 89 0 3 4 4 5 6 7 7 8 9
10 10 7 15 24 30 36 50 59 73 80 89 0 1 2 2 4 4 5 5 5 7