0 0 75 162 231 301 367 433 484 552 621 673 1 3 8 9 10 11 12 12 12 14
0 1 61 138 201 266 320 393 449 510 582 648 3 7 8 10 11 13 18 18 18 20
0 2 68 141 230 299 369 437 511 569 639 704 4 9 11 13 13 14 17 18 23 29
0 3 56 112 173 235 297 349 413 468 533 594 2 6 6 7 10 14 14 17 18 22
0 4 86 167 228 275 337 410 481 542 624 702 5 7 10 10 13 15 18 19 21 23
0 5 98 152 209 274 344 417 477 542 602 661 3 4 7 8 11 14 14 17 20 21
0 6 65 127 189 242 314 386 456 522 560 620 4 5 6 7 10 11 12 14 15 18
0 7 78 129 186 245 297 342 393 459 520 572 5 5 5 7 10 13 14 15 16 17
0 8 75 143 185 248 312 402 474 515 583 646 3 5 7 10 11 12 17 20 22 29
0 9 79 136 200 265 306 347 411 491 563 636 6 8 9 10 14 14 16 16 16 18
0 10 67 116 186 229 297 354 424 493 558 633 4 7 10 11 14 18 18 24 28 31
1 0 71 131 189 252 305 352 418 470 522 594 3 5 6 10 14 14 16 17 19 22
1 1 74 127 188 248 292 348 409 473 529 601 2 5 5 6 8 8 15 18 21 23
1 2 86 147 216 267 333 396 453 511 569 641 5 6 10 12 13 16 18 23 26 28
1 3 76 148 215 269 333 379 448 522 593 669 2 3 6 9 12 15 17 19 21 22
1 4 71 126 192 251 303 352 412 470 531 586 6 10 12 13 17 17 18 21 22 25
1 5 77 154 210 275 340 389 463 521 576 636 4 7 8 12 13 13 15 16 17 18
1 6 80 150 218 293 351 409 474 501 544 638 3 6 8 10 11 13 14 14 14 15
1 7 76 129 182 237 305 356 420 504 584 648 2 5 7 8 8 11 12 17 22 27
1 8 74 140 194 272 325 388 453 515 569 648 4 6 7 11 12 12 13 14 17 20
1 9 87 146 217 281 336 391 450 500 556 626 2 3 5 5 7 7 9 11 12 12
1 10 71 131 200 253 331 395 454 483 564 637 2 5 7 8 13 14 15 15 19 21
2 0 65 123 202 259 323 380 428 490 554 622 5 8 11 12 14 17 20 22 24 24
2 1 77 143 210 268 331 391 457 528 582 643 5 8 11 15 17 20 20 24 29 31
2 2 75 148 212 289 342 399 456 514 558 620 1 5 7 10 11 14 16 18 19 28
2 3 79 149 209 270 332 395 464 525 579 646 4 7 9 11 13 15 16 19 20 20
2 4 56 121 199 271 333 393 455 508 589 629 1 3 5 8 11 15 16 18 20 22
2 5 65 140 189 240 315 375 429 460 530 597 5 9 11 12 13 15 18 18 20 20
2 6 81 150 225 287 335 391 446 494 533 574 3 6 9 11 12 12 18 21 23 25
2 7 70 125 208 248 311 384 427 492 557 614 4 6 7 10 14 14 14 14 15 15
2 8 59 142 207 269 328 388 441 485 548 618 3 8 10 11 14 16 16 20 22 23
2 9 88 148 193 256 328 388 458 517 577 634 0 5 9 11 16 17 19 23 25 29
2 10 78 142 198 250 299 353 411 464 529 605 1 4 6 8 8 11 11 12 13 16
3 0 71 124 192 261 322 369 425 505 576 645 3 5 8 9 11 15 19 21 22 27
3 1 59 124 178 248 319 399 459 525 587 656 3 4 8 12 13 16 19 22 23 23
3 2 65 141 206 264 324 397 457 533 602 654 5 10 12 14 16 19 21 24 27 29
3 3 76 126 181 247 313 378 442 515 564 623 2 3 6 9 9 11 12 16 18 18
3 4 60 129 197 258 312 374 447 511 584 651 2 3 4 6 7 9 9 12 14 17
3 5 51 116 182 245 305 380 440 495 562 614 4 8 10 11 15 20 20 21 22 23
3 6 73 137 202 270 330 379 425 460 515 554 9 11 13 16 17 18 20 20 24 24
3 7 72 142 216 274 321 375 417 467 501 570 1 5 5 6 6 7 8 9 10 10
3 8 75 139 201 275 340 402 456 512 575 621 2 5 8 8 9 9 11 12 12 14
3 9 54 87 152 236 293 346 408 449 504 571 2 2 4 5 5 5 7 11 11 13
3 10 77 145 198 259 323 382 432 488 545 593 1 4 4 4 5 7 8 8 8 9
4 0 70 134 194 259 326 382 436 501 574 626 5 8 11 15 15 18 20 22 23 28
4 1 75 143 208 277 334 406 471 528 583 655 4 4 4 6 8 9 13 13 14 19
4 2 72 127 189 251 314 369 428 467 516 567 3 5 5 10 13 15 16 17 20 23
4 3 59 130 196 254 311 355 411 462 514 572 5 10 12 15 16 21 21 23 24 25
4 4 80 122 193 250 316 354 407 468 528 591 5 7 12 16 17 17 18 20 21 27
4 5 75 143 200 242 301 366 435 499 563 623 3 4 6 10 11 15 16 19 22 23
4 6 66 127 203 243 295 364 405 463 511 571 4 6 8 8 10 11 14 17 17 17
4 7 75 135 199 264 322 393 466 524 564 624 2 4 6 8 11 12 15 16 17 21
4 8 70 125 188 247 303 371 436 503 560 614 1 4 4 5 7 9 10 12 12 14
4 9 78 126 188 263 316 358 405 456 524 590 4 9 11 13 15 16 18 20 23 24
4 10 90 162 210 271 321 359 421 488 537 604 0 5 6 6 6 6 6 7 7 8
5 0 67 124 187 233 301 353 421 473 533 588 4 7 10 12 15 15 15 15 16 20
5 1 85 139 200 254 322 367 403 467 536 616 2 5 8 13 14 16 16 18 19 21
5 2 59 125 178 249 295 367 441 507 581 641 4 6 10 11 12 14 16 16 20 20
5 3 69 143 204 261 328 372 437 489 550 611 3 4 5 6 9 12 12 15 17 17
5 4 60 107 188 262 314 373 428 482 537 598 1 4 6 8 8 12 16 18 21 22
5 5 77 149 206 261 311 366 443 501 576 628 3 6 6 6 7 8 12 14 15 16
5 6 70 136 205 262 331 398 455 501 560 619 0 1 4 5 5 8 9 9 10 10
5 7 59 136 190 255 314 370 431 498 556 605 0 0 1 3 5 6 6 7 10 12
5 8 56 130 189 266 339 389 442 488 533 582 2 4 6 8 9 10 11 11 15 16
5 9 75 131 191 264 327 384 444 499 535 598 2 3 3 6 8 10 13 16 16 16
5 10 86 141 188 233 308 356 414 476 528 590 3 4 4 6 9 13 16 20 21 21
6 0 73 144 203 250 322 399 467 523 564 628 4 8 10 11 13 14 17 18 19 22
6 1 79 166 219 292 349 402 476 540 602 654 4 7 13 14 17 19 20 22 25 27
6 2 72 122 191 244 308 369 433 500 557 607 3 7 8 11 12 13 16 19 22 22
6 3 77 155 205 274 330 395 458 514 578 633 4 7 10 12 18 19 21 24 27 29
6 4 86 146 228 287 350 421 487 552 617 675 4 9 9 12 12 15 16 17 18 20
6 5 59 114 170 220 262 320 362 437 497 539 4 4 5 6 8 12 14 14 14 15
6 6 60 126 190 252 309 353 404 458 501 544 1 3 6 7 8 10 14 18 19 20
6 7 67 130 178 235 306 348 412 471 508 575 4 8 9 12 13 15 16 18 19 19
6 8 64 122 198 278 338 381 423 475 529 580 2 3 7 10 13 15 15 19 19 20
6 9 80 150 208 259 318 370 432 505 555 600 1 4 4 6 6 6 6 8 8 10
6 10 63 128 201 270 333 399 454 500 573 628 4 8 9 10 14 17 17 18 18 19
7 0 60 129 199 271 349 418 482 523 577 627 2 6 9 12 12 15 18 22 25 29
7 1 49 120 184 250 316 384 437 492 561 626 1 2 4 5 8 9 11 13 13 15
7 2 61 114 173 250 321 370 419 491 554 608 7 7 7 10 13 16 19 19 21 24
7 3 79 143 206 259 308 384 429 477 534 575 3 3 4 7 9 12 15 15 17 18
7 4 74 123 199 251 321 396 465 517 572 622 6 9 10 11 12 14 16 18 19 22
7 5 84 165 238 296 345 392 425 486 535 593 4 8 9 11 11 12 13 16 16 17
7 6 53 110 189 231 263 323 383 438 482 539 6 7 9 10 11 11 12 14 15 16
7 7 61 123 194 246 307 352 407 467 522 559 3 9 13 15 19 20 23 25 26 27
7 8 74 147 209 281 340 376 440 497 563 614 7 9 11 14 16 16 17 19 24 24
7 9 79 141 202 266 329 396 442 499 554 595 2 4 7 10 12 13 14 17 20 21
7 10 62 122 160 210 266 337 376 440 499 557 6 6 6 7 7 10 11 13 15 18
8 0 62 123 183 250 328 391 464 526 585 643 0 0 0 0 3 5 7 7 11 12
8 1 64 133 194 269 321 381 445 503 564 620 3 6 7 10 11 14 15 16 18 19
8 2 73 150 215 284 339 375 423 486 547 606 0 3 7 9 9 10 10 14 18 18
8 3 53 98 169 241 297 361 419 464 524 576 3 9 11 12 13 15 18 18 18 18
8 4 85 156 224 297 381 447 501 559 625 688 2 3 6 7 7 9 12 14 16 17
8 5 52 91 133 173 240 302 374 433 497 559 1 3 4 5 8 9 10 11 13 16
8 6 60 105 175 244 313 378 421 476 538 603 2 3 3 10 10 10 11 11 12 15
8 7 81 148 205 265 319 374 435 483 545 616 6 7 9 9 11 11 13 14 15 17
8 8 71 124 197 261 307 371 423 468 530 579 1 2 4 5 10 10 13 14 15 18
8 9 78 138 208 278 330 390 445 507 550 610 1 2 7 10 10 11 14 15 15 16
8 10 85 149 205 275 312 378 436 500 563 625 4 4 5 8 9 11 11 13 14 15
9 0 78 136 210 277 349 411 472 543 615 674 2 4 4 4 5 5 9 10 15 16
9 1 55 114 185 241 293 386 452 528 597 667 5 7 10 13 13 13 15 15 16 18
9 2 78 128 186 243 314 371 433 490 556 622 2 4 5 6 9 10 13 18 19 19
9 3 63 140 209 273 341 397 464 512 577 618 4 9 10 10 11 11 13 17 18 18
9 4 75 158 216 269 333 389 460 493 574 630 3 6 7 9 10 11 12 14 15 17
9 5 53 114 165 230 282 335 407 457 505 583 4 6 7 7 8 8 10 11 12 13
9 6 73 109 169 239 290 355 408 461 511 566 0 2 4 4 4 5 6 9 10 12
9 7 64 110 149 216 283 367 431 486 538 589 6 8 9 11 13 18 23 26 27 27
9 8 54 128 188 265 306 364 425 479 533 591 1 7 9 10 11 11 12 15 16 17
9 9 61 122 181 243 312 364 417 469 537 594 1 3 6 7 7 8 9 12 15 18
9 10 83 142 205 275 316 370 433 490 544 592 3 5 7 9 11 14 15 16 19 21
10 0 67 128 195 258 310 371 437 488 540 600 2 2 3 5 6 6 6 9 10 10
10 1 61 132 193 263 329 392 461 530 581 660 3 5 7 11 11 13 14 16 16 18
10 2 56 132 185 248 317 380 446 497 559 607 2 2 4 9 12 15 16 16 16 19
10 3 75 137 200 264 333 384 441 491 528 590 1 3 4 9 11 11 14 14 15 18
10 4 73 146 199 275 318 378 436 495 541 598 2 5 7 8 10 10 10 12 13 14
10 5 65 122 184 260 333 400 465 523 587 636 1 2 3 5 7 7 7 10 11 12
10 6 70 135 180 231 280 348 408 471 524 599 3 6 9 9 10 14 14 17 19 21
10 7 63 134 187 234 295 325 389 441 511 551 4 8 8 10 12 12 16 17 21 23
10 8 70 145 216 283 328 393 444 502 553 609 6 7 8 9 9 10 12 14 14 14
10 9 74 136 196 243 304 377 440 497 564 608 3 4 8 10 10 11 13 15 15 15
10 10 79 150 217 270 320 357 418 478 531 576 7 9 12 12 13 14 16 16 18 18