0 0 5 19 29 37 44 57 63 76 85 92 0 1 1 1 1 1 1 3 4 4
0 1 10 21 24 32 39 45 53 60 70 76 2 3 4 4 4 4 4 5 6 7
0 2 8 15 27 34 44 56 67 76 85 90 2 2 3 4 4 6 6 7 7 9
0 3 5 13 21 33 47 55 61 69 77 85 0 0 2 4 4 4 4 5 7 7
0 4 10 23 30 39 55 66 77 85 99 106 0 2 2 2 3 3 4 7 7 8
0 5 5 13 20 24 36 40 49 58 68 76 1 1 2 2 3 4 5 5 6 8
0 6 7 16 25 35 47 54 66 76 87 99 1 2 2 3 3 4 5 6 6 6
0 7 7 14 19 23 34 45 55 64 73 77 2 2 2 3 4 4 4 4 5 6
0 8 6 14 24 31 38 48 56 63 74 82 1 2 4 5 5 5 5 6 7 8
0 9 9 22 29 36 45 51 58 68 77 86 1 2 2 2 4 5 5 5 7 7
0 10 7 17 25 38 46 55 67 77 84 100 1 1 1 1 5 5 6 7 7 7
1 0 9 16 26 32 39 43 53 55 61 69 0 0 0 1 1 1 2 2 2 4
1 1 9 18 25 32 45 50 62 73 79 91 0 0 0 0 0 0 0 3 5 7
1 2 8 17 25 37 43 54 60 68 75 85 0 1 1 2 2 3 3 4 4 4
1 3 9 15 30 43 51 62 70 76 84 93 1 2 3 3 4 4 4 5 6 7
1 4 7 17 29 38 44 56 65 71 83 91 1 1 2 3 3 4 5 5 5 6
1 5 9 19 26 36 41 50 61 71 79 90 1 3 3 4 4 5 5 5 5 7
1 6 8 17 25 39 49 58 66 72 78 87 0 1 2 2 3 3 3 3 3 5
1 7 9 22 34 42 52 60 68 75 80 88 1 1 1 2 3 3 3 3 3 4
1 8 9 18 27 36 48 58 65 73 85 94 3 4 4 4 5 5 5 6 6 6
1 9 8 13 20 25 34 43 50 57 67 77 0 1 1 2 2 4 5 6 7 8
1 10 8 14 24 33 43 50 57 64 75 83 0 0 3 3 3 3 3 5 8 9
2 0 12 19 25 38 48 57 61 65 75 88 0 1 2 3 3 4 5 7 8 9
2 1 11 24 31 39 48 57 68 74 83 95 0 4 6 6 6 6 8 8 8 8
2 2 7 16 25 28 36 44 56 65 75 79 0 0 0 0 2 3 3 3 3 3
2 3 8 17 21 33 40 51 61 68 75 86 0 2 2 4 6 6 6 7 11 11
2 4 10 20 27 34 39 42 46 55 62 74 0 2 2 3 4 4 4 5 6 7
2 5 11 15 27 32 40 55 63 74 85 95 0 0 0 1 2 4 5 5 6 6
2 6 11 19 32 42 54 65 72 81 87 100 1 1 1 1 3 3 4 4 6 6
2 7 7 13 21 28 39 48 53 62 71 82 3 3 3 5 6 6 9 11 12 12
2 8 11 19 32 41 49 56 67 79 90 98 0 0 0 0 1 2 2 4 6 6
2 9 12 21 33 40 48 54 65 78 90 97 0 2 3 3 3 3 5 5 5 5
2 10 11 19 31 42 49 68 77 84 95 102 1 2 2 3 3 3 3 4 5 7
3 0 11 19 30 36 47 55 62 69 80 85 0 0 0 1 2 3 6 7 7 8
3 1 5 21 27 35 44 52 57 64 67 77 2 2 3 5 5 5 5 7 8 8
3 2 10 17 23 27 38 46 57 66 71 78 0 0 1 2 3 3 3 3 3 5
3 3 6 10 24 32 39 47 54 64 71 79 0 1 1 1 1 1 1 1 1 1
3 4 8 15 24 37 46 54 59 67 77 85 0 1 2 2 2 4 5 6 6 8
3 5 5 15 21 29 39 49 60 68 72 82 1 2 2 4 5 6 8 9 9 9
3 6 8 21 31 39 49 57 65 74 87 93 0 1 1 2 2 3 4 5 5 5
3 7 9 14 30 38 43 52 67 74 82 89 0 1 3 3 4 6 6 7 9 9
3 8 8 16 27 34 43 55 65 73 83 88 0 0 1 3 3 4 5 5 5 5
3 9 4 11 23 37 46 57 63 70 76 84 0 0 1 1 1 1 1 2 3 4
3 10 8 16 24 32 43 46 51 59 69 77 1 1 3 5 6 6 7 8 8 11
4 0 8 18 25 31 38 46 57 65 83 90 1 2 4 4 5 8 8 8 8 8
4 1 10 20 36 41 45 54 60 69 78 85 1 2 4 4 5 5 8 8 8 9
4 2 6 17 24 36 49 57 65 75 84 96 0 1 1 1 3 5 7 7 7 10
4 3 11 19 31 47 53 62 66 76 85 91 0 1 1 2 2 4 5 5 7 7
4 4 5 13 21 28 35 42 59 64 73 83 0 0 0 1 3 3 3 3 4 5
4 5 12 16 23 33 43 55 65 75 86 96 1 1 1 2 4 4 4 5 5 6
4 6 15 23 30 36 45 54 57 66 73 80 1 1 1 4 4 5 5 5 6 6
4 7 11 15 30 38 45 50 62 68 75 86 1 1 1 1 2 3 6 8 8 8
4 8 6 11 21 30 37 41 52 59 70 74 2 5 5 5 6 7 7 8 12 13
4 9 6 11 17 25 37 44 54 61 69 78 0 0 1 1 2 2 3 3 5 5
4 10 7 17 31 43 52 63 70 78 87 97 0 1 2 2 2 2 2 2 2 3
5 0 7 14 19 24 29 37 46 57 65 68 3 3 3 3 4 4 6 6 6 6
5 1 11 18 27 34 40 46 58 67 81 89 0 1 2 2 2 2 4 5 5 6
5 2 12 22 29 40 46 53 61 69 76 83 2 3 3 3 5 8 10 11 11 11
5 3 9 19 26 35 39 46 50 59 64 70 1 3 3 4 8 8 9 10 10 11
5 4 9 17 23 32 42 51 57 64 72 81 0 0 2 3 5 6 6 8 8 9
5 5 9 20 30 44 47 55 62 73 75 81 0 2 2 3 3 4 5 7 9 13
5 6 8 16 22 35 39 50 57 65 72 78 3 4 4 4 5 6 6 6 7 8
5 7 8 19 26 33 40 51 56 65 75 81 0 0 0 0 1 1 3 4 6 7
5 8 9 20 27 38 45 53 62 73 77 87 1 2 3 4 4 5 7 8 8 9
5 9 6 15 26 37 43 49 57 69 73 80 1 1 1 3 3 3 3 4 4 4
5 10 5 7 18 26 32 42 48 53 63 70 0 0 0 1 1 1 1 2 2 5
6 0 10 21 30 47 58 70 74 79 94 101 3 4 5 5 6 6 6 7 9 9
6 1 7 19 25 34 44 56 61 69 77 90 0 0 1 2 4 4 5 5 6 8
6 2 10 18 24 32 38 45 52 61 70 75 0 2 5 5 5 5 7 7 7 7
6 3 10 17 24 33 45 56 63 72 83 90 0 2 4 6 6 7 7 8 8 9
6 4 10 19 27 35 42 54 65 77 83 90 0 0 1 1 2 2 2 2 2 2
6 5 10 20 23 30 38 48 57 67 76 94 2 2 3 3 4 4 4 7 10 10
6 6 8 17 30 43 52 61 77 89 94 106 4 6 7 8 8 8 8 8 9 9
6 7 9 15 24 33 42 53 59 75 83 89 1 1 2 2 2 3 3 3 3 4
6 8 8 11 19 25 32 39 51 63 75 83 0 0 1 3 3 4 5 5 6 6
6 9 8 16 21 30 35 47 54 59 65 70 1 1 1 1 2 2 4 4 4 5
6 10 12 28 36 44 52 62 72 85 91 99 0 0 4 4 5 8 8 9 10 10
7 0 7 14 22 25 35 46 56 70 81 87 1 1 2 3 4 4 4 7 9 9
7 1 8 17 26 33 41 51 58 69 80 94 0 1 2 2 3 4 5 5 6 6
7 2 5 13 23 29 36 48 54 64 71 80 0 0 0 1 2 2 3 4 5 6
7 3 8 18 27 39 49 57 68 76 83 94 0 0 1 4 4 4 4 4 6 7
7 4 11 20 29 36 40 48 58 69 78 84 1 2 2 2 2 2 3 4 6 7
7 5 12 20 26 38 48 60 67 82 89 95 1 2 3 3 4 4 5 5 5 5
7 6 7 21 31 38 51 60 67 79 89 95 2 4 4 5 5 5 5 7 7 8
7 7 9 16 22 35 45 50 57 64 71 78 0 0 1 1 1 1 1 1 3 5
7 8 9 28 37 42 53 62 72 80 91 101 1 1 2 2 2 3 3 4 4 5
7 9 14 23 31 37 48 58 68 76 84 91 1 1 1 2 3 4 5 5 5 5
7 10 7 22 33 42 52 58 63 72 82 93 2 3 4 5 5 6 8 10 10 11
8 0 11 21 26 32 37 42 47 59 59 63 0 0 0 1 1 2 2 3 4 6
8 1 11 28 34 40 51 61 67 74 82 90 0 1 1 2 2 3 4 5 5 5
8 2 7 14 22 32 41 49 61 69 76 85 1 2 5 5 9 10 11 12 12 14
8 3 8 16 24 32 41 54 65 72 82 91 2 2 2 3 4 4 4 5 5 7
8 4 4 17 26 35 45 56 67 81 93 106 0 0 2 2 4 4 4 4 4 5
8 5 12 17 26 44 52 58 64 72 80 90 1 1 1 2 3 3 3 3 5 6
8 6 7 18 29 39 47 56 65 72 78 84 0 0 1 1 1 1 1 2 2 2
8 7 7 16 26 38 45 54 65 75 82 88 1 2 3 3 5 5 6 6 6 6
8 8 12 20 27 36 43 48 58 65 73 79 0 0 0 1 4 4 4 4 5 7
8 9 11 19 28 33 42 45 52 63 74 84 0 3 3 3 4 4 4 5 7 7
8 10 13 20 25 31 42 51 58 63 75 85 0 1 3 5 7 7 8 9 9 10
9 0 9 20 26 40 48 59 70 73 80 86 0 0 0 2 4 6 7 7 7 7
9 1 9 17 26 35 48 52 59 70 82 91 0 2 2 2 3 4 4 5 5 5
9 2 14 23 36 46 52 56 71 83 89 98 1 1 2 2 2 2 3 4 5 6
9 3 8 19 27 36 42 50 60 72 80 92 0 0 1 2 3 3 4 5 6 7
9 4 7 17 24 31 39 46 60 67 72 83 2 3 5 5 6 6 7 7 7 7
9 5 9 20 23 32 39 50 57 64 72 77 0 0 2 2 2 2 2 3 3 4
9 6 11 21 34 38 43 50 54 67 74 85 0 1 3 3 4 4 4 4 5 6
9 7 11 20 25 33 40 52 55 67 78 88 0 1 2 3 4 4 5 6 7 9
9 8 13 20 27 32 43 50 61 68 76 83 1 3 4 4 6 7 7 8 8 8
9 9 11 20 26 38 45 51 63 69 78 83 1 1 5 5 6 6 6 6 6 6
9 10 7 16 21 33 43 50 58 61 75 82 3 3 3 3 3 5 5 7 7 7
10 0 9 15 22 33 44 52 61 68 79 86 0 0 1 1 1 1 2 2 4 5
10 1 8 16 28 36 46 54 60 69 77 82 0 0 2 4 4 6 8 9 9 9
10 2 12 26 34 43 52 61 72 79 88 95 0 1 1 3 5 6 7 8 8 9
10 3 9 21 29 38 47 57 68 80 91 101 0 0 0 1 1 1 1 1 1 2
10 4 9 21 27 33 42 50 61 76 83 94 0 0 0 2 2 3 4 5 5 5
10 5 12 17 29 38 42 46 56 65 73 80 0 1 1 2 3 3 5 5 6 8
10 6 11 19 27 36 45 54 64 80 90 95 1 1 2 3 6 6 9 10 10 10
10 7 6 17 23 31 35 44 50 62 71 84 1 2 6 7 8 10 11 12 12 14
10 8 6 14 21 28 32 42 49 56 62 67 0 1 1 3 3 4 4 4 4 4
10 9 13 20 27 33 46 50 60 69 79 81 1 2 2 4 4 4 4 4 5 6
10 10 9 20 29 44 49 60 65 72 81 91 0 1 1 3 4 4 5 7 8 10