0 0 70 122 195 257 314 380 451 527 592 651 1 4 6 6 7 8 11 14 15 17
0 1 74 139 208 268 322 390 461 524 575 642 4 5 8 12 16 16 16 18 22 22
0 2 65 148 212 285 361 419 487 546 607 679 3 4 9 12 14 16 16 17 18 24
0 3 80 129 195 265 329 397 467 535 584 649 3 10 14 16 18 18 20 27 28 33
0 4 67 128 204 283 354 392 467 544 603 655 3 7 8 8 9 10 13 17 18 19
0 5 76 130 179 247 296 365 432 501 556 606 5 8 9 11 12 14 15 15 16 20
0 6 52 130 199 268 336 412 481 524 594 656 2 5 9 12 14 16 17 17 20 23
0 7 69 127 208 266 328 390 438 487 531 597 6 6 7 9 9 11 14 15 16 19
0 8 67 130 191 255 329 397 488 553 608 672 3 3 4 7 10 13 15 18 22 26
0 9 55 121 179 247 329 370 441 484 556 623 2 8 10 11 12 12 14 15 17 20
0 10 84 152 215 290 347 411 465 538 600 661 3 5 9 12 14 16 19 26 29 30
1 0 61 108 172 237 314 372 416 473 532 591 3 5 7 11 12 15 19 21 23 25
1 1 86 144 204 269 333 402 459 516 570 648 2 2 2 3 5 7 8 11 15 17
1 2 79 128 182 238 287 354 414 488 558 604 2 3 5 5 5 5 7 9 10 11
1 3 65 124 187 259 339 394 463 508 567 622 2 5 6 7 10 12 12 13 13 16
1 4 82 150 202 248 312 356 400 450 512 579 1 2 3 6 8 8 10 12 17 22
1 5 82 165 221 275 324 379 433 489 552 610 3 5 5 7 13 14 17 17 22 23
1 6 70 143 219 280 350 418 470 534 604 682 2 4 5 10 11 11 12 14 14 16
1 7 83 153 206 255 335 402 464 549 620 692 3 5 6 6 7 9 12 14 18 19
1 8 76 145 220 273 348 406 448 520 579 653 3 4 9 13 14 15 17 18 18 18
1 9 57 114 172 237 292 339 401 447 528 587 4 6 8 12 14 16 16 16 17 18
1 10 91 161 226 289 353 409 458 502 563 622 2 6 8 8 11 12 13 16 18 18
2 0 68 134 197 276 344 408 461 509 583 647 1 2 5 6 7 9 10 13 14 16
2 1 73 147 192 235 275 335 383 442 501 553 5 7 7 7 8 11 12 15 17 19
2 2 58 126 165 236 294 362 424 475 533 594 1 4 9 12 12 14 16 18 19 21
2 3 74 139 204 270 325 389 447 514 579 651 3 3 3 3 4 4 5 7 10 10
2 4 79 140 209 271 348 405 465 515 582 667 5 7 8 8 9 11 13 15 15 17
2 5 60 114 190 241 293 370 429 488 559 602 2 4 4 8 10 11 11 13 17 18
2 6 66 131 190 271 329 390 439 494 544 600 1 4 7 10 13 14 14 15 15 18
2 7 75 131 185 240 297 357 421 477 535 601 2 5 5 6 9 13 15 17 18 18
2 8 54 116 171 242 291 358 427 485 560 607 0 2 3 7 9 10 10 11 12 12
2 9 68 138 215 269 322 394 455 499 560 612 1 1 5 9 11 13 16 17 20 21
2 10 68 131 205 270 324 372 434 509 565 624 2 4 4 6 6 7 9 13 14 16
3 0 67 128 209 253 332 391 458 514 569 643 3 7 9 9 12 13 19 20 20 20
3 1 70 141 222 284 344 403 463 525 586 639 2 5 7 8 8 8 8 8 8 10
3 2 48 120 188 257 308 382 449 513 570 618 2 4 7 10 13 18 23 26 28 29
3 3 61 120 174 236 305 353 425 493 548 608 5 8 9 11 12 13 17 19 19 23
3 4 57 121 204 279 351 408 479 524 586 651 5 8 10 13 13 14 16 18 20 21
3 5 52 125 188 261 329 384 446 500 578 629 7 9 12 12 15 16 19 21 21 23
3 6 61 127 172 222 276 327 382 444 494 541 2 2 3 4 4 4 8 11 15 15
3 7 63 109 178 250 307 360 403 467 518 591 3 3 3 3 4 4 9 11 13 14
3 8 102 164 220 280 349 410 461 522 591 645 3 3 4 5 7 8 8 8 12 13
3 9 57 119 188 250 320 374 450 500 553 601 2 4 4 5 6 8 11 13 13 15
3 10 70 133 183 240 300 359 423 494 547 606 4 4 5 7 8 9 10 13 16 18
4 0 82 149 202 269 320 375 435 496 532 604 2 4 6 6 7 8 8 10 11 13
4 1 68 129 188 248 308 347 407 473 556 614 5 8 12 12 18 20 23 23 27 28
4 2 57 122 181 239 267 321 362 423 499 556 3 5 5 6 8 8 9 11 12 14
4 3 67 134 199 262 323 388 455 510 589 640 6 8 10 11 11 14 17 18 20 22
4 4 68 130 192 244 296 364 434 481 530 576 1 3 5 5 6 7 9 11 12 12
4 5 70 132 186 255 327 381 440 506 560 627 2 5 6 7 7 9 13 15 17 21
4 6 74 135 200 263 321 394 446 489 556 615 2 2 6 7 8 11 12 13 13 15
4 7 68 142 209 267 323 380 452 510 568 646 3 4 5 5 6 6 8 11 14 14
4 8 67 127 195 256 313 371 403 468 519 567 5 10 13 14 14 18 18 18 19 20
4 9 70 126 178 236 301 363 446 510 559 621 6 7 9 10 13 14 15 15 16 17
4 10 56 111 167 225 291 342 399 462 535 602 3 5 11 12 13 15 17 21 27 28
5 0 68 140 216 266 340 409 464 526 578 645 3 4 6 7 11 13 16 16 16 17
5 1 68 134 198 250 330 389 449 505 563 614 1 2 3 5 8 11 13 13 13 14
5 2 55 112 183 249 301 355 416 482 556 611 5 6 8 10 11 14 15 19 20 21
5 3 90 145 193 257 328 381 433 497 543 603 2 4 4 5 6 8 10 10 10 10
5 4 66 119 188 251 305 364 432 505 560 633 3 4 5 7 9 9 11 12 12 13
5 5 67 143 213 275 339 415 461 519 576 626 1 4 5 15 19 23 24 26 30 33
5 6 71 132 187 237 289 351 402 459 511 558 3 6 9 9 10 11 13 15 16 16
5 7 75 144 196 258 303 355 407 465 535 591 2 2 6 8 11 12 15 16 17 17
5 8 74 147 217 285 335 398 447 528 566 609 3 4 4 6 6 8 10 13 13 13
5 9 57 124 182 228 280 343 395 443 483 544 3 5 6 7 7 9 9 9 10 10
5 10 71 135 194 254 317 389 451 523 578 632 0 1 3 6 8 10 12 13 13 16
6 0 80 140 216 273 340 399 452 510 565 614 1 1 3 7 11 12 13 14 16 18
6 1 66 120 187 252 308 379 434 502 572 637 2 4 5 10 15 16 17 21 22 24
6 2 82 149 220 280 336 394 458 523 574 627 4 4 9 9 9 12 14 15 15 18
6 3 81 138 200 278 348 416 484 539 604 664 3 3 6 6 7 10 11 12 13 14
6 4 82 153 228 274 348 405 442 518 575 625 5 8 11 12 12 16 16 21 23 23
6 5 66 123 191 243 292 357 400 481 541 592 5 7 11 12 13 14 16 19 23 26
6 6 65 137 197 259 315 361 400 453 532 589 1 4 7 12 15 18 21 22 28 29
6 7 96 184 259 326 391 442 504 546 602 664 0 2 3 7 9 10 11 13 15 16
6 8 58 126 176 213 267 324 384 435 499 563 4 6 10 12 13 15 17 18 19 20
6 9 80 141 209 283 344 417 473 515 579 633 2 5 6 9 10 11 11 14 14 15
6 10 73 143 210 267 316 367 428 485 552 603 5 10 10 11 13 15 15 15 15 15
7 0 73 141 206 277 339 400 451 497 554 615 5 7 8 9 15 16 16 17 19 20
7 1 80 147 195 248 335 388 430 483 533 590 3 5 6 9 14 16 16 17 22 22
7 2 69 116 187 238 288 360 408 472 541 606 2 3 4 4 4 5 8 10 12 13
7 3 66 123 179 229 284 356 420 485 528 591 4 7 7 9 14 20 20 23 24 26
7 4 66 135 206 262 322 383 427 480 532 603 4 8 12 15 20 22 22 22 23 25
7 5 62 117 177 232 294 357 409 452 518 571 7 8 11 12 14 17 19 20 21 24
7 6 79 142 199 274 345 398 451 517 577 632 0 2 4 7 10 11 12 16 18 19
7 7 77 143 193 253 304 369 416 477 547 610 4 5 6 6 10 11 13 14 17 19
7 8 74 142 215 292 351 390 446 506 547 595 3 5 7 8 10 10 10 11 13 15
7 9 59 108 161 212 262 317 376 431 490 545 3 4 5 7 10 11 11 11 13 13
7 10 81 146 218 288 342 403 454 490 530 577 2 3 6 8 11 11 11 11 11 13
8 0 79 158 214 294 342 398 476 531 591 662 3 5 7 8 11 15 19 20 23 25
8 1 67 131 192 235 291 347 386 453 509 560 5 8 10 12 12 15 16 20 22 24
8 2 63 118 176 237 293 356 432 485 546 606 2 4 4 7 10 11 12 14 17 19
8 3 85 144 215 269 330 395 436 519 588 665 3 4 9 12 13 13 15 17 19 22
8 4 94 164 232 301 358 423 481 533 590 642 0 0 2 3 3 4 5 6 7 8
8 5 70 117 188 240 301 387 457 527 585 647 1 1 1 3 3 4 4 7 8 9
8 6 63 118 162 226 303 361 419 475 518 566 2 3 7 11 12 12 14 15 15 15
8 7 69 132 202 267 326 392 449 504 553 627 2 7 9 11 13 15 16 17 18 22
8 8 69 135 197 239 292 349 391 451 508 558 2 6 7 9 9 11 12 14 15 21
8 9 52 106 167 231 283 339 395 460 516 581 3 4 6 7 8 9 11 13 13 17
8 10 75 143 213 279 328 404 456 503 565 626 2 5 8 10 13 15 17 17 18 19
9 0 79 154 218 293 346 417 489 556 612 679 2 2 5 9 11 11 12 14 14 18
9 1 71 131 182 245 307 391 459 518 591 661 2 3 5 7 8 10 12 14 17 19
9 2 59 139 212 278 343 407 459 502 551 626 5 9 10 11 12 12 12 13 15 18
9 3 72 140 184 247 304 361 423 487 552 614 3 7 9 10 12 12 16 21 22 26
9 4 78 130 200 269 308 364 418 487 559 621 2 2 6 9 14 15 19 19 20 21
9 5 80 128 177 242 295 329 372 445 509 558 4 6 8 10 12 13 14 15 17 18
9 6 57 114 176 247 294 355 425 480 543 591 2 5 9 9 11 12 15 17 19 20
9 7 68 145 198 252 307 365 436 480 519 585 2 6 8 11 14 18 18 19 20 22
9 8 61 138 205 264 319 367 427 473 531 595 4 5 5 8 8 10 10 14 15 20
9 9 85 138 193 232 294 347 398 443 510 560 3 6 7 10 11 13 13 13 15 16
9 10 48 111 160 209 266 321 367 423 463 515 1 5 7 9 11 13 15 18 19 21
10 0 63 123 204 261 321 400 471 523 574 622 5 6 8 8 9 9 11 12 15 16
10 1 65 113 187 241 300 364 429 485 527 581 2 7 8 10 11 13 17 18 22 24
10 2 54 117 178 249 317 394 441 503 557 618 3 5 7 10 13 15 15 17 19 19
10 3 75 141 208 256 312 365 413 473 533 590 3 4 6 8 10 12 13 13 18 19
10 4 73 145 214 265 322 376 448 505 571 626 2 3 7 8 9 11 14 14 16 17
10 5 67 130 186 256 314 367 428 478 526 585 2 3 5 5 8 11 12 13 13 14
10 6 91 156 219 277 329 359 410 469 530 582 1 3 5 6 10 13 13 16 16 17
10 7 70 142 194 243 304 346 406 482 554 597 3 6 9 10 13 16 20 25 25 28
10 8 77 141 192 251 286 356 409 473 513 576 1 4 5 6 6 10 11 12 13 15
10 9 76 141 203 244 293 335 406 462 518 578 5 6 8 9 12 14 18 19 20 22
10 10 74 125 197 264 321 365 413 468 526 588 2 5 6 10 13 13 13 14 16 16