0 0 69 133 192 257 336 383 438 506 572 638 1 3 5 6 11 12 14 18 22 25
0 1 72 142 208 278 337 421 489 535 600 653 6 9 14 14 18 21 22 24 26 29
0 2 76 142 205 258 335 407 464 521 595 671 2 4 5 9 11 14 16 16 17 18
0 3 81 146 225 275 333 404 464 536 619 688 3 5 6 9 10 12 14 15 16 20
0 4 76 130 206 263 332 402 469 528 592 676 5 9 10 13 15 17 20 24 27 29
0 5 67 124 196 260 335 420 485 549 619 675 2 4 8 11 16 17 19 24 27 28
0 6 71 151 208 264 322 369 439 507 577 640 3 5 10 12 17 21 24 28 31 34
0 7 74 146 189 264 326 396 466 530 598 659 1 3 5 8 9 9 13 15 16 18
0 8 81 138 209 260 320 377 422 490 554 618 5 6 8 10 12 14 14 18 24 27
0 9 83 154 205 256 309 356 392 442 515 586 3 6 7 11 13 14 15 19 20 21
0 10 71 156 207 264 323 389 449 494 551 610 5 9 10 10 12 15 16 18 22 22
1 0 68 130 171 234 303 387 448 488 560 629 4 8 9 11 15 17 21 22 23 23
1 1 80 161 219 290 357 406 463 545 616 677 5 10 10 12 15 15 17 20 21 23
1 2 66 139 211 271 343 390 441 494 544 625 1 2 2 5 8 11 11 11 12 13
1 3 60 115 176 258 328 380 425 498 578 626 2 3 6 7 7 10 12 13 17 18
1 4 67 122 197 257 303 352 402 456 520 599 2 4 5 5 6 7 9 11 13 13
1 5 75 141 194 266 317 383 438 507 573 638 4 5 9 11 14 16 17 20 20 20
1 6 66 123 188 241 294 346 416 473 544 603 5 9 10 12 15 18 22 25 26 31
1 7 71 152 228 279 338 382 439 509 565 609 4 4 5 6 7 9 12 15 17 19
1 8 81 155 211 263 304 376 448 510 575 624 1 1 2 3 4 10 14 18 20 21
1 9 64 132 201 259 317 388 457 521 570 625 2 3 5 6 11 15 19 21 21 24
1 10 51 124 175 228 296 362 426 495 542 605 3 3 4 6 10 13 14 16 17 19
2 0 61 120 161 233 290 357 426 474 537 576 1 1 2 3 4 4 6 9 10 12
2 1 66 118 189 249 303 359 431 505 587 646 6 9 12 17 18 18 21 25 27 28
2 2 64 132 205 265 327 401 452 501 573 629 3 5 8 11 12 17 21 23 23 23
2 3 64 132 191 258 317 386 444 494 569 651 4 5 5 7 9 12 12 13 15 17
2 4 66 128 196 269 322 398 465 506 583 627 1 5 6 8 10 11 13 16 19 19
2 5 77 141 199 264 333 382 452 492 553 621 2 6 9 11 13 14 15 18 21 22
2 6 90 161 238 296 341 389 446 500 570 635 4 4 5 8 9 12 13 14 17 20
2 7 65 118 176 229 278 344 400 460 532 599 1 3 4 6 7 10 12 15 18 20
2 8 70 118 181 256 319 384 455 516 568 641 2 2 3 7 8 11 14 14 15 17
2 9 77 139 191 271 330 384 436 497 557 617 3 5 6 10 13 15 18 21 22 22
2 10 63 122 182 254 307 368 437 489 539 595 6 7 9 11 11 14 16 18 18 18
3 0 59 132 203 283 352 413 468 535 598 656 6 9 10 12 14 14 16 19 21 21
3 1 67 134 193 260 320 373 441 503 562 626 7 9 10 11 11 12 14 14 16 18
3 2 71 147 214 254 307 372 442 525 598 660 3 5 5 5 7 9 10 11 11 13
3 3 64 139 208 278 337 396 459 505 564 626 4 7 8 9 14 14 16 17 17 20
3 4 74 136 194 255 311 372 408 459 517 574 1 4 5 8 10 13 13 13 14 15
3 5 75 147 221 271 332 393 447 502 558 593 2 4 4 6 8 9 13 15 16 17
3 6 69 121 180 238 289 360 421 478 531 576 2 4 5 5 5 8 11 13 13 15
3 7 64 133 186 248 309 358 411 474 545 595 2 7 7 11 11 12 18 18 19 21
3 8 72 137 200 255 329 392 462 526 585 636 4 5 5 6 8 10 14 16 16 16
3 9 69 137 204 251 312 378 433 504 545 609 4 5 8 9 11 12 16 19 20 23
3 10 59 127 197 256 299 351 401 475 538 586 2 5 8 10 10 10 10 12 15 16
4 0 64 117 199 255 327 396 472 539 617 674 2 2 6 8 11 16 17 19 23 24
4 1 83 138 189 232 309 367 429 485 543 598 3 5 8 9 10 12 15 17 18 20
4 2 77 133 192 246 311 374 423 483 543 592 2 2 2 5 8 10 12 13 17 18
4 3 58 120 186 246 302 383 434 487 561 622 1 3 6 9 11 13 16 17 18 20
4 4 64 115 173 235 307 371 431 481 528 596 2 6 6 7 8 13 16 16 17 18
4 5 74 146 204 266 321 379 435 503 540 608 6 9 10 11 13 13 13 14 14 14
4 6 84 146 222 275 326 365 431 503 574 633 3 3 5 6 11 12 13 15 19 19
4 7 79 145 214 259 297 357 417 480 531 590 3 4 7 10 11 14 16 18 19 19
4 8 78 158 220 279 334 388 442 502 561 613 3 5 9 12 15 17 18 20 21 23
4 9 74 121 184 257 288 353 430 480 537 582 5 8 8 8 8 8 8 8 8 11
4 10 62 126 195 250 297 331 392 451 502 569 1 1 5 9 9 11 11 11 12 14
5 0 71 133 202 280 337 385 444 499 561 603 2 3 4 4 11 12 13 15 18 18
5 1 55 135 204 271 328 378 440 500 555 606 0 1 4 8 9 10 10 12 14 16
5 2 69 138 180 245 327 392 457 505 554 612 4 9 9 10 10 16 17 20 22 22
5 3 47 119 174 229 273 331 401 468 539 578 2 5 7 8 9 9 13 13 13 13
5 4 78 126 190 239 291 353 419 484 543 607 3 4 5 5 9 14 16 17 19 19
5 5 73 125 183 254 305 348 399 472 532 598 3 3 3 4 5 8 8 9 12 17
5 6 66 129 189 258 324 368 417 467 538 601 5 7 11 15 16 18 18 18 20 22
5 7 66 127 194 237 301 353 408 459 507 564 2 3 4 4 4 6 7 11 12 12
5 8 71 136 186 230 295 338 402 461 502 561 3 8 10 10 10 12 14 16 18 24
5 9 70 139 216 271 329 393 443 484 531 581 3 6 7 8 11 11 11 12 13 15
5 10 73 144 219 266 326 373 431 479 548 601 1 3 6 7 9 11 14 14 15 15
6 0 68 135 203 261 332 377 435 503 571 630 1 4 9 13 16 20 21 26 29 30
6 1 73 127 185 235 306 357 425 481 525 581 1 3 5 7 13 13 15 18 23 23
6 2 78 137 206 257 301 371 444 519 561 625 7 9 10 10 11 14 17 18 18 21
6 3 60 121 185 247 323 371 441 500 580 627 1 4 5 6 9 10 11 11 11 13
6 4 72 131 216 282 340 402 457 515 587 631 2 4 7 9 9 11 12 14 14 14
6 5 68 134 201 252 297 373 447 502 567 632 2 2 5 6 9 13 16 17 18 18
6 6 61 127 182 254 317 360 417 486 551 610 3 5 5 9 13 15 19 21 24 26
6 7 62 125 170 206 275 328 370 438 510 561 3 4 7 7 9 12 12 13 16 18
6 8 71 132 194 268 311 376 426 486 527 575 5 6 6 9 10 13 15 17 18 25
6 9 69 150 218 284 337 393 443 503 544 591 2 4 6 6 7 8 11 13 13 14
6 10 68 120 174 233 293 348 410 466 512 559 1 7 10 10 11 13 14 17 18 20
7 0 85 151 220 273 343 407 455 519 587 636 3 6 8 8 11 11 14 18 18 20
7 1 71 149 210 272 328 386 447 517 575 646 3 4 8 10 10 12 13 14 15 16
7 2 53 90 153 234 304 357 421 487 550 617 3 5 6 7 10 12 13 15 18 22
7 3 85 155 211 261 328 393 459 517 554 612 2 4 7 7 9 9 13 18 22 27
7 4 87 148 216 262 342 411 478 543 598 644 2 4 4 6 7 8 8 10 11 12
7 5 61 114 185 259 324 394 453 496 544 615 0 0 3 4 5 7 9 9 10 11
7 6 55 109 174 243 283 339 392 443 519 578 5 7 9 9 14 14 14 17 20 21
7 7 56 126 186 253 318 383 424 501 560 612 1 4 5 7 10 13 16 16 19 26
7 8 77 144 201 243 304 349 416 468 523 566 2 4 5 7 8 10 13 14 15 16
7 9 78 144 187 242 306 367 434 486 523 581 4 5 8 9 12 14 16 18 20 21
7 10 75 135 198 272 329 390 420 465 526 578 1 3 3 3 4 5 5 7 8 9
8 0 78 136 194 267 345 424 487 555 606 663 6 7 10 15 16 16 19 23 26 27
8 1 69 142 209 287 344 387 442 490 541 574 1 2 4 7 9 10 11 14 14 15
8 2 69 133 195 264 321 379 448 507 586 647 1 3 5 7 12 17 19 20 22 27
8 3 52 122 178 235 308 380 431 484 518 572 1 2 5 5 6 7 8 8 9 12
8 4 68 128 201 272 329 383 441 502 579 641 5 5 6 8 8 11 13 15 18 18
8 5 68 131 205 255 316 366 418 469 530 590 5 11 14 15 16 17 22 24 25 26
8 6 79 159 229 300 359 430 487 542 610 661 2 4 5 6 6 8 9 14 14 18
8 7 81 143 198 262 324 377 461 530 577 627 5 6 7 10 11 11 13 16 16 17
8 8 66 131 197 253 314 383 433 508 542 603 2 4 4 5 6 8 8 8 8 9
8 9 61 131 193 254 312 353 421 457 509 566 2 8 10 11 11 14 15 16 20 20
8 10 65 128 197 250 319 368 432 477 519 574 2 6 7 11 11 15 18 19 20 21
9 0 61 135 195 260 304 365 413 476 549 613 2 4 8 11 15 18 19 21 24 28
9 1 71 153 237 297 371 421 487 557 625 683 3 6 10 12 13 14 16 20 23 25
9 2 69 125 195 270 338 387 458 519 588 627 4 9 12 15 16 20 23 26 31 31
9 3 64 121 184 264 335 390 454 518 576 634 2 3 4 5 7 10 11 12 17 17
9 4 67 122 183 255 310 364 425 483 534 587 5 7 8 10 12 13 15 15 17 17
9 5 64 126 185 257 325 402 460 509 570 632 3 3 5 11 14 18 20 23 24 24
9 6 77 140 204 267 323 381 424 496 570 638 7 8 10 13 15 15 18 20 21 22
9 7 84 134 193 260 316 378 432 484 536 602 2 4 9 13 14 15 17 18 19 23
9 8 56 115 171 224 281 343 416 472 522 577 2 4 10 10 14 16 21 23 23 24
9 9 87 157 217 261 308 358 408 455 520 579 4 5 6 8 8 9 11 12 13 14
9 10 82 143 192 240 292 350 405 458 503 560 3 6 9 9 9 10 13 14 16 16
10 0 66 141 217 283 351 417 485 544 598 658 1 2 4 8 8 9 11 13 15 15
10 1 74 131 186 246 299 366 413 475 552 626 5 7 9 9 11 14 15 17 20 23
10 2 68 149 226 301 374 454 516 569 627 708 2 3 6 9 15 16 17 18 21 24
10 3 78 146 213 275 309 371 411 473 521 591 9 14 15 15 16 19 21 22 26 29
10 4 44 116 185 250 323 389 441 524 578 629 2 4 4 4 7 9 10 12 15 19
10 5 78 146 216 276 343 417 492 523 572 640 1 4 5 7 7 9 10 14 15 16
10 6 67 132 186 245 311 362 421 470 530 567 8 12 14 17 19 20 21 24 25 27
10 7 69 126 203 256 332 398 436 486 536 597 5 7 9 10 11 15 16 17 18 19
10 8 66 129 180 241 292 345 403 460 500 551 2 2 3 4 6 7 9 11 12 18
10 9 64 133 190 255 313 377 435 485 561 601 4 9 11 16 16 17 18 18 19 19
10 10 77 136 175 238 284 340 397 456 508 566 6 8 11 12 14 17 20 21 23 26