0 0 69 133 191 249 299 364 441 495 577 645 3 6 9 10 13 17 21 24 28 30
0 1 92 148 208 268 334 398 449 511 580 641 4 7 10 13 15 18 20 21 23 23
0 2 76 149 222 279 359 443 513 589 661 719 2 6 7 7 7 7 10 12 16 17
0 3 72 140 199 282 339 402 475 537 584 650 4 6 6 9 12 12 17 18 19 23
0 4 69 137 196 259 313 369 440 498 544 622 5 6 9 10 12 15 19 22 25 27
0 5 77 147 217 290 367 421 492 541 583 648 4 4 4 4 9 10 12 12 13 17
0 6 57 126 202 254 304 353 421 471 535 600 4 5 6 8 11 14 17 18 21 24
0 7 65 134 202 270 334 387 455 513 591 651 0 3 5 6 7 10 11 11 13 15
0 8 71 122 190 262 329 390 446 503 567 635 0 0 1 1 3 5 7 13 14 14
0 9 87 169 232 295 343 404 461 528 596 660 5 6 6 7 7 12 14 18 23 25
0 10 80 148 215 302 375 444 509 557 613 691 2 5 8 8 9 12 13 14 17 17
1 0 65 126 184 248 310 366 427 502 561 621 5 7 7 10 12 17 17 19 20 23
1 1 62 130 189 244 296 373 438 468 529 573 1 2 4 5 7 9 10 11 11 11
1 2 65 124 192 241 303 354 421 470 528 588 5 5 8 12 18 22 26 26 28 32
1 3 67 126 181 251 309 373 424 478 546 604 3 6 9 9 11 12 13 14 15 17
1 4 64 134 189 250 317 389 459 511 568 626 3 7 11 15 15 19 21 23 23 24
1 5 75 145 204 251 309 371 426 490 551 618 2 3 4 5 5 6 7 9 12 14
1 6 57 109 173 243 300 367 453 511 570 634 3 5 5 8 10 14 17 18 19 20
1 7 71 134 188 257 314 396 464 506 556 618 5 8 13 16 18 21 22 23 25 25
1 8 55 107 180 254 317 371 450 516 567 630 2 2 5 8 10 11 11 14 15 17
1 9 73 134 178 244 310 364 416 470 532 590 5 6 8 10 14 15 17 19 22 25
1 10 75 132 192 242 315 364 420 486 548 610 4 5 5 9 14 14 16 18 19 22
2 0 74 124 194 245 311 386 455 529 599 644 3 6 7 9 10 13 15 16 19 22
2 1 44 118 194 248 315 367 430 508 579 636 1 3 6 11 15 15 17 18 20 22
2 2 55 126 201 259 331 407 484 534 598 655 5 6 8 10 13 15 19 20 21 21
2 3 65 119 191 243 305 372 426 499 560 626 3 5 11 14 16 16 17 20 20 26
2 4 83 150 223 295 356 409 465 526 582 649 4 6 6 7 8 10 12 14 16 18
2 5 68 133 199 239 286 340 403 463 523 591 4 7 9 10 10 12 17 21 23 26
2 6 75 144 206 275 331 391 466 537 590 644 1 5 7 8 12 13 16 20 21 22
2 7 70 142 188 247 324 394 459 526 583 637 2 5 8 9 13 16 16 16 17 18
2 8 64 143 183 266 340 410 468 521 566 602 1 5 5 9 10 11 14 16 16 18
2 9 72 141 226 291 350 420 492 544 613 673 1 1 2 7 11 14 14 17 18 21
2 10 70 161 232 293 354 424 487 546 612 677 1 5 10 11 15 17 19 21 22 24
3 0 76 159 224 272 329 380 443 509 585 670 3 5 7 11 12 13 16 18 23 25
3 1 64 111 187 241 300 361 424 494 569 610 2 6 6 9 13 16 18 22 24 24
3 2 75 133 191 250 311 372 442 508 583 652 2 2 4 4 6 9 12 14 14 14
3 3 78 152 216 275 332 396 458 526 577 641 5 9 10 11 14 17 21 23 23 26
3 4 64 125 180 240 305 372 435 485 564 607 2 4 6 7 13 17 17 20 22 22
3 5 65 123 195 250 307 362 416 486 526 563 2 4 6 6 7 10 10 13 13 14
3 6 74 139 203 259 319 382 426 497 534 588 2 7 9 12 13 14 17 21 22 23
3 7 63 141 189 256 311 359 411 463 509 581 1 2 5 7 7 7 9 11 12 15
3 8 84 147 206 272 331 372 446 510 557 630 5 7 7 11 11 15 16 19 19 23
3 9 67 127 185 247 287 356 425 475 548 604 5 6 7 9 9 10 11 13 13 16
3 10 66 146 209 273 325 388 448 502 555 612 1 3 5 6 8 10 12 14 16 16
4 0 75 141 217 290 351 423 503 583 631 709 3 3 5 7 8 10 12 15 16 19
4 1 66 129 200 259 318 381 438 494 556 621 3 6 7 7 10 11 12 15 18 19
4 2 87 165 231 272 345 430 486 553 594 647 1 3 4 6 8 15 18 19 22 26
4 3 76 147 219 276 351 410 464 518 571 627 3 4 7 9 10 15 16 20 22 25
4 4 70 134 189 261 332 374 436 500 552 607 1 3 4 7 7 8 11 13 15 18
4 5 69 151 216 274 330 396 460 523 563 593 2 4 6 9 9 9 9 11 13 14
4 6 92 175 243 298 364 425 497 557 624 670 4 6 11 11 12 14 14 15 18 19
4 7 68 130 190 247 304 365 429 499 557 613 3 7 7 10 11 11 13 15 19 20
4 8 60 114 175 243 305 364 431 478 543 592 12 13 17 18 21 23 24 25 30 33
4 9 59 111 160 218 278 333 393 456 508 554 0 2 3 3 7 8 9 9 10 11
4 10 58 99 155 212 283 336 379 441 489 548 3 5 6 7 10 11 12 14 17 17
5 0 71 122 186 243 301 353 419 469 540 589 6 6 8 10 14 15 17 19 19 21
5 1 83 163 218 280 338 405 471 526 589 647 4 6 8 10 11 11 12 15 17 20
5 2 65 123 171 239 293 353 416 473 522 583 3 4 7 9 11 13 17 21 22 22
5 3 62 135 188 242 305 369 433 480 536 604 2 3 6 6 6 6 6 6 9 12
5 4 76 136 205 286 344 418 482 540 605 647 4 5 8 8 8 9 10 12 13 14
5 5 66 133 189 246 308 376 434 497 549 617 5 8 11 12 12 15 17 18 19 20
5 6 68 134 199 264 319 366 409 464 512 578 1 3 7 12 13 14 15 18 19 19
5 7 61 139 211 286 352 409 487 537 588 649 0 1 4 5 6 7 8 11 14 17
5 8 62 121 177 228 279 337 403 460 519 582 3 5 6 7 8 10 10 10 10 11
5 9 71 126 186 246 305 382 428 479 540 588 1 2 6 7 7 9 10 10 10 13
5 10 88 158 224 269 331 397 436 496 552 592 2 4 8 12 14 15 18 21 27 30
6 0 67 126 188 259 318 377 440 493 561 627 0 0 4 6 7 10 12 15 17 19
6 1 76 134 200 268 322 369 413 471 551 620 1 3 4 8 8 8 11 15 17 20
6 2 69 132 203 264 329 391 444 518 580 628 2 5 5 6 9 9 9 10 12 16
6 3 49 120 179 240 307 364 421 469 516 585 3 5 9 13 15 16 16 19 19 20
6 4 58 126 203 256 322 379 439 507 560 618 0 4 6 6 7 10 11 12 13 14
6 5 69 115 176 230 281 334 384 448 512 581 1 2 3 3 5 6 7 7 9 11
6 6 82 142 202 268 324 370 434 494 575 636 3 4 7 9 11 13 14 16 19 21
6 7 63 119 171 238 305 368 421 472 537 596 4 4 5 7 9 9 11 13 14 16
6 8 67 143 204 277 336 400 458 506 561 619 3 4 5 5 9 14 15 15 17 18
6 9 85 152 201 241 296 366 424 473 521 575 4 7 8 8 8 9 9 10 10 11
6 10 79 148 228 283 346 416 455 500 559 602 4 9 10 12 15 15 15 17 20 21
7 0 86 139 199 252 328 401 450 505 562 619 4 8 12 14 18 21 23 26 28 29
7 1 86 166 238 288 347 401 451 508 572 637 1 5 7 9 9 9 10 12 13 18
7 2 73 141 201 274 338 414 462 523 593 652 2 5 6 9 11 16 17 19 20 22
7 3 71 127 193 244 292 340 394 446 507 579 4 4 7 10 10 10 16 16 19 21
7 4 60 120 185 228 291 352 412 462 527 573 1 3 10 11 13 15 18 18 22 22
7 5 85 156 212 267 326 376 428 498 566 618 5 12 14 15 15 19 19 26 31 34
7 6 69 129 177 232 287 356 404 473 517 570 3 7 7 9 12 15 17 18 19 22
7 7 60 124 176 245 296 337 384 432 485 537 5 8 9 11 13 14 17 17 21 22
7 8 66 130 202 267 340 373 426 494 544 592 3 7 11 14 16 18 20 20 20 21
7 9 67 153 207 255 318 379 424 461 516 571 2 3 4 7 8 9 9 10 12 13
7 10 67 133 198 268 318 359 402 466 516 564 4 7 10 11 13 15 16 16 18 21
8 0 74 129 188 256 317 392 462 525 585 660 2 3 10 11 19 19 24 25 29 35
8 1 77 161 236 285 346 401 450 517 585 637 7 11 12 15 15 17 20 21 27 32
8 2 64 139 192 257 332 400 443 497 564 612 2 7 10 10 10 12 14 17 20 23
8 3 82 130 202 260 314 373 429 485 540 606 6 8 10 10 12 13 14 16 17 18
8 4 65 139 198 258 321 383 442 523 583 633 4 5 6 7 8 9 10 13 18 18
8 5 64 128 190 237 284 334 398 449 513 567 0 7 9 10 11 11 13 16 17 21
8 6 75 138 203 271 320 368 437 482 537 573 0 2 4 6 6 7 7 7 11 12
8 7 71 126 171 240 296 359 417 481 525 577 2 3 3 5 7 12 12 14 15 16
8 8 67 119 175 245 304 350 386 431 482 543 4 4 6 9 11 12 12 13 13 14
8 9 68 142 198 243 317 382 441 488 534 586 4 11 11 12 13 13 19 22 24 26
8 10 62 120 183 250 332 400 452 490 554 603 4 5 8 12 13 14 14 16 17 19
9 0 63 117 200 253 323 389 450 516 578 641 2 3 6 6 6 8 10 11 12 14
9 1 78 146 207 266 332 401 484 542 600 666 4 9 9 12 14 16 19 19 20 22
9 2 62 120 189 248 315 383 448 513 568 628 0 1 1 3 4 5 6 7 7 10
9 3 50 115 195 236 311 373 431 498 567 613 4 7 9 12 13 17 18 21 22 24
9 4 57 121 173 236 298 364 414 507 573 621 1 2 3 3 6 8 8 10 12 18
9 5 71 149 207 262 313 370 426 490 552 602 8 10 11 12 13 16 17 19 23 26
9 6 85 151 202 256 328 376 451 505 542 602 2 4 7 7 8 10 13 16 18 20
9 7 64 111 169 229 303 359 422 481 532 584 1 1 5 6 6 9 11 12 13 15
9 8 49 103 163 220 266 311 373 404 451 512 4 7 9 11 11 14 14 15 15 15
9 9 67 137 192 257 295 358 422 471 537 578 2 7 9 11 12 15 18 20 26 28
9 10 63 111 176 220 268 304 370 407 457 505 5 5 9 11 12 14 20 22 23 23
10 0 63 138 186 241 311 361 425 477 558 612 2 6 6 8 9 11 12 14 16 17
10 1 89 156 228 295 352 412 464 541 604 679 1 2 3 7 7 9 12 16 16 17
10 2 73 125 186 253 303 370 440 504 567 621 3 5 9 11 13 16 17 19 21 23
10 3 73 122 182 226 276 324 380 439 490 562 2 6 7 9 9 12 15 19 21 23
10 4 62 132 187 235 298 361 404 454 522 570 2 4 5 6 6 8 8 8 10 13
10 5 75 130 177 235 285 354 417 469 513 574 1 4 5 7 12 15 18 21 21 22
10 6 84 142 191 228 280 329 375 449 497 567 8 12 14 15 19 19 20 21 21 22
10 7 69 118 168 222 302 336 390 438 495 537 2 4 7 10 12 12 12 13 15 18
10 8 73 120 165 228 277 328 386 421 465 550 1 4 5 7 8 10 11 11 12 13
10 9 71 127 186 240 311 352 402 458 520 563 6 6 7 10 11 12 12 13 16 16
10 10 79 151 205 270 327 380 432 496 545 597 4 7 8 11 12 14 14 16 16 16