0 0 61 140 223 288 357 417 500 548 607 691 1 5 9 13 14 17 19 19 22 31
0 1 80 148 220 283 350 409 465 534 605 675 3 6 9 11 13 16 17 18 21 24
0 2 72 114 167 228 272 324 372 445 512 570 3 3 5 6 8 9 9 10 12 15
0 3 78 124 179 242 295 358 425 483 559 637 1 2 5 7 8 8 9 10 10 11
0 4 57 123 198 263 320 369 438 505 572 639 3 10 11 13 15 16 18 21 25 25
0 5 67 126 195 259 324 386 447 503 558 627 6 9 12 16 16 18 19 23 23 27
0 6 66 134 196 253 331 386 450 514 566 636 1 4 5 7 8 8 10 10 11 16
0 7 65 129 193 245 308 386 458 512 593 659 4 6 8 8 12 15 16 17 21 23
0 8 71 154 219 268 321 379 452 512 576 642 0 3 5 12 14 16 18 18 20 24
0 9 91 151 221 294 348 421 504 576 641 702 5 6 8 11 14 15 21 22 22 25
0 10 62 141 222 275 319 394 456 517 569 623 3 7 10 12 13 17 22 23 23 26
1 0 80 153 214 286 353 419 487 552 625 698 4 6 8 11 12 13 14 15 17 19
1 1 74 143 206 286 350 403 451 517 577 645 3 4 5 7 11 14 14 16 17 20
1 2 73 136 206 248 301 376 440 502 555 602 4 8 9 11 12 13 14 14 17 17
1 3 60 104 153 225 281 360 427 477 539 575 1 2 5 5 5 7 9 13 15 15
1 4 70 141 204 269 330 390 443 512 566 616 4 6 11 13 14 17 17 22 26 26
1 5 76 133 192 252 318 370 426 479 535 611 8 9 10 13 14 16 21 23 25 29
1 6 81 151 216 280 346 419 485 551 612 655 2 3 6 6 10 16 20 21 25 28
1 7 78 142 200 256 316 376 421 489 554 617 1 1 4 5 6 8 11 12 13 14
1 8 85 148 195 233 301 364 413 468 523 590 2 5 5 9 11 14 15 17 17 18
1 9 55 115 186 259 327 385 435 495 543 597 7 7 8 12 12 14 15 16 17 18
1 10 54 120 190 241 301 357 417 471 547 610 3 4 7 9 11 14 16 18 22 23
2 0 77 130 178 240 290 358 429 492 543 602 2 4 7 9 11 15 17 21 21 24
2 1 77 156 213 286 359 418 490 556 622 683 4 8 8 15 20 23 27 28 30 34
2 2 74 131 185 246 321 384 444 510 580 638 3 4 5 7 9 15 19 22 28 30
2 3 78 155 231 299 363 438 508 577 628 668 2 2 9 10 13 19 20 21 23 23
2 4 80 142 201 261 318 381 431 502 568 634 4 5 7 9 15 16 19 20 22 22
2 5 73 153 217 277 347 411 469 529 606 680 3 5 6 7 10 11 12 13 14 16
2 6 85 148 224 288 364 418 475 518 584 639 3 7 11 13 14 16 19 24 24 26
2 7 78 133 206 275 344 408 466 536 595 641 4 5 7 9 11 15 16 18 21 22
2 8 55 118 199 249 323 375 421 493 542 596 2 4 8 10 16 17 18 21 24 25
2 9 66 129 206 264 321 388 444 513 583 647 2 4 7 10 14 15 17 20 24 24
2 10 65 122 169 230 283 354 429 497 559 628 4 5 6 8 10 14 17 18 21 22
3 0 63 142 232 303 378 455 523 604 666 726 3 10 10 13 14 15 18 18 19 22
3 1 62 129 180 253 313 359 425 482 550 608 3 5 6 8 9 10 10 10 12 14
3 2 65 135 190 248 302 349 428 493 561 638 6 11 13 13 15 18 19 21 21 23
3 3 76 149 238 294 363 428 464 534 581 631 2 2 2 3 4 6 8 8 10 10
3 4 73 132 187 250 313 384 440 492 550 606 2 4 6 7 10 12 14 18 21 24
3 5 87 163 227 279 345 402 464 519 542 591 5 8 9 14 16 17 21 25 25 25
3 6 59 132 190 243 314 358 416 473 542 617 6 7 8 11 15 15 19 21 23 24
3 7 65 137 203 267 339 398 461 517 582 640 4 9 12 13 16 17 19 24 25 26
3 8 69 131 195 241 309 375 421 488 557 625 3 6 8 10 11 12 14 14 16 17
3 9 64 129 212 287 345 415 463 507 561 619 2 7 11 11 15 19 21 21 22 22
3 10 68 143 216 275 339 397 457 528 590 646 3 3 4 9 10 12 13 14 16 18
4 0 89 149 215 289 361 417 479 555 622 675 3 5 7 8 11 15 16 18 21 23
4 1 72 132 189 265 333 386 444 504 574 641 0 1 3 6 8 9 10 10 12 12
4 2 59 123 199 254 321 385 438 497 548 610 2 3 5 8 9 12 15 16 18 22
4 3 76 142 216 268 318 371 434 498 555 622 1 5 6 9 10 11 12 13 18 18
4 4 60 118 179 259 316 386 456 513 566 625 2 6 7 9 9 14 14 14 14 16
4 5 72 127 198 253 313 372 440 485 527 581 2 3 5 5 5 6 8 10 11 14
4 6 77 139 223 279 334 389 464 524 577 638 1 2 4 5 6 8 11 13 14 17
4 7 61 100 158 222 272 325 382 442 516 580 2 6 6 8 9 12 12 16 18 18
4 8 85 152 217 290 339 405 451 511 577 639 2 5 6 7 8 9 9 12 14 15
4 9 72 137 196 243 304 352 415 461 506 587 4 9 10 12 15 16 17 20 21 23
4 10 85 150 206 262 311 359 423 479 537 588 5 7 8 8 9 12 13 14 15 16
5 0 51 109 169 226 291 352 415 474 537 598 9 10 11 13 14 17 23 25 28 29
5 1 84 175 245 297 349 410 455 514 606 659 3 3 5 5 6 6 8 11 12 13
5 2 64 134 185 257 313 367 430 492 545 606 3 3 4 7 9 9 9 11 13 16
5 3 63 119 193 258 338 390 432 482 522 571 3 6 7 9 11 13 13 13 14 16
5 4 48 114 179 234 288 348 412 486 546 607 1 3 5 6 10 12 13 15 17 19
5 5 80 149 219 274 332 384 444 498 559 609 1 3 5 6 8 9 10 15 15 16
5 6 79 151 214 266 319 374 433 474 525 587 8 11 16 19 22 27 27 27 28 31
5 7 67 136 202 266 330 381 449 499 545 602 3 4 7 8 10 10 12 13 15 16
5 8 50 115 173 239 300 361 422 479 539 597 4 5 9 13 15 16 17 19 21 21
5 9 73 119 177 238 297 361 433 492 547 595 9 10 12 15 17 20 22 26 28 30
5 10 66 139 200 255 309 367 432 496 559 596 2 5 9 10 12 12 13 15 17 17
6 0 66 139 195 263 334 400 456 519 572 646 6 9 12 15 21 22 22 29 30 32
6 1 69 131 195 248 328 410 466 512 571 628 4 6 10 11 12 13 13 14 16 19
6 2 55 103 181 222 299 364 433 480 533 597 3 4 7 7 8 10 12 15 18 20
6 3 61 117 200 268 328 392 451 509 564 628 3 5 5 11 14 17 18 19 19 21
6 4 82 129 169 216 276 329 388 455 517 568 2 4 6 8 10 11 16 16 18 18
6 5 73 131 192 260 308 366 427 491 552 606 5 7 7 7 8 9 10 10 14 14
6 6 71 134 199 262 350 423 482 543 618 677 4 7 7 9 9 9 10 13 14 16
6 7 95 172 238 289 348 415 477 534 584 644 6 9 11 13 14 15 17 20 21 23
6 8 70 130 189 251 290 356 425 486 546 614 2 4 11 18 18 22 25 25 25 27
6 9 71 149 201 268 317 386 424 508 559 633 0 5 9 10 12 15 16 18 21 21
6 10 74 134 200 261 314 373 431 475 532 576 3 4 7 7 7 8 9 10 15 17
7 0 82 145 217 274 342 405 465 512 586 657 3 5 8 11 12 14 14 14 16 19
7 1 61 128 195 255 311 372 434 483 535 599 0 1 2 2 4 6 9 11 11 12
7 2 74 137 203 278 345 415 490 542 592 648 3 6 7 10 10 11 11 11 14 15
7 3 71 117 171 248 306 375 435 494 559 603 6 9 10 12 15 18 20 23 25 26
7 4 54 135 197 254 297 359 434 489 551 588 2 3 4 5 5 6 10 11 17 17
7 5 78 130 186 250 317 371 440 493 564 622 1 1 4 5 8 8 10 13 14 14
7 6 91 133 173 219 294 356 404 460 511 556 3 6 7 8 11 15 15 17 18 19
7 7 58 131 186 242 298 353 415 465 505 563 2 5 5 6 6 8 8 8 10 11
7 8 96 163 217 254 326 381 433 479 545 605 0 1 2 3 8 10 11 11 12 13
7 9 65 150 225 264 322 374 442 475 517 584 2 6 7 7 8 12 14 14 15 17
7 10 85 142 204 263 305 355 412 443 496 541 1 1 3 4 5 5 8 8 9 10
8 0 58 108 163 233 295 355 406 464 516 575 6 9 10 13 15 18 23 25 25 25
8 1 66 150 208 269 329 395 468 532 592 663 3 6 12 14 16 18 22 25 29 33
8 2 87 159 206 254 321 395 452 527 576 640 1 5 5 9 11 15 17 20 21 22
8 3 62 118 197 264 323 372 425 492 556 614 4 5 8 10 11 11 15 17 19 20
8 4 85 153 225 277 345 418 468 531 578 641 1 3 7 9 11 12 12 15 17 19
8 5 90 156 207 263 321 373 445 497 566 630 1 3 4 7 10 15 19 21 23 26
8 6 88 155 224 268 334 397 430 496 536 579 4 5 6 8 11 14 14 15 15 16
8 7 63 121 187 253 310 365 431 496 549 603 2 3 7 8 11 11 13 17 19 21
8 8 54 93 146 227 288 352 410 480 516 594 1 8 8 9 9 11 14 16 16 19
8 9 76 134 203 274 318 376 416 477 534 579 3 4 4 6 7 9 9 10 11 13
8 10 54 122 182 245 302 353 415 478 515 568 3 6 9 11 16 18 21 22 23 27
9 0 72 146 213 291 349 405 456 513 575 640 1 2 4 4 7 9 9 11 13 15
9 1 74 145 203 281 337 402 458 516 581 636 1 5 8 12 14 18 24 25 26 28
9 2 74 152 221 291 354 413 460 499 561 617 4 8 14 14 14 15 15 15 16 17
9 3 72 128 198 255 328 380 422 468 504 563 1 3 4 8 8 9 9 9 9 10
9 4 62 125 199 265 331 387 452 525 591 648 3 8 14 18 20 22 24 24 27 31
9 5 60 129 197 259 324 398 461 517 580 624 2 5 8 9 11 15 15 16 18 18
9 6 70 122 191 240 307 367 423 492 560 635 2 4 6 7 9 13 14 15 17 20
9 7 72 135 199 239 304 375 425 488 536 570 2 2 2 2 3 5 6 7 7 7
9 8 81 132 198 255 313 374 426 474 519 570 1 3 3 3 4 6 8 11 11 11
9 9 53 113 182 232 298 353 401 464 501 546 2 3 5 6 7 8 9 10 11 11
9 10 70 137 195 231 290 353 396 450 482 534 1 2 3 4 5 5 6 6 7 7
10 0 61 125 181 233 306 367 419 474 531 601 6 10 10 11 14 15 16 19 21 25
10 1 72 148 218 267 334 392 456 546 592 661 0 2 5 7 8 10 15 17 19 21
10 2 95 145 205 259 323 385 436 503 568 632 2 5 6 8 8 10 12 14 19 21
10 3 61 127 202 265 336 394 443 502 552 599 3 4 7 8 10 10 12 15 15 17
10 4 68 123 184 254 312 370 407 467 524 593 0 3 7 12 15 15 16 18 20 21
10 5 67 118 196 259 302 368 425 490 530 582 2 3 7 9 10 12 14 19 21 21
10 6 75 149 213 272 327 377 432 484 531 594 0 3 4 5 5 6 7 9 9 11
10 7 67 132 192 268 329 383 452 512 578 641 4 9 12 13 18 20 21 21 23 25
10 8 78 149 221 260 306 368 422 481 538 588 2 5 6 6 7 11 13 13 16 19
10 9 82 146 224 285 330 386 439 488 535 597 2 5 6 7 8 8 11 11 15 17
10 10 66 132 189 237 291 346 379 430 487 539 4 4 5 5 6 7 7 8 9 10