0 0 61 133 194 255 322 377 439 503 559 620 1 1 1 4 7 9 10 12 16 19
0 1 73 145 210 274 328 390 464 529 595 661 7 9 10 11 14 15 18 20 21 24
0 2 67 128 188 244 301 361 419 496 555 629 3 4 7 10 11 14 14 15 16 19
0 3 67 124 181 245 317 380 453 506 577 648 9 9 14 15 17 20 23 26 33 37
0 4 75 145 205 254 322 377 432 505 554 613 1 2 3 6 7 8 8 15 18 19
0 5 59 132 191 260 341 406 469 528 601 659 1 3 5 6 7 9 13 14 14 15
0 6 75 137 195 271 337 400 470 523 588 655 3 4 5 9 10 11 16 17 18 24
0 7 61 119 185 255 313 372 440 516 590 659 4 4 5 9 13 16 17 17 20 22
0 8 78 143 227 289 347 394 456 526 598 670 3 4 8 10 15 17 18 21 22 26
0 9 72 142 209 267 328 395 460 518 589 661 5 9 14 15 19 19 19 21 23 25
0 10 80 146 203 276 341 410 470 506 558 626 3 6 8 10 12 13 14 15 17 18
1 0 72 130 203 270 337 380 432 486 557 623 5 8 10 14 16 21 22 24 27 30
1 1 62 125 189 243 305 369 444 515 565 614 1 3 3 4 5 6 9 11 11 13
1 2 57 118 167 234 298 367 430 505 572 625 2 4 8 11 14 15 17 18 20 22
1 3 83 142 204 281 359 398 460 532 584 663 3 4 10 11 14 15 17 20 21 28
1 4 70 135 198 258 318 353 426 484 533 607 4 4 7 9 10 10 11 12 13 15
1 5 78 134 193 268 327 393 450 502 565 628 1 2 5 6 8 9 12 13 16 19
1 6 74 135 195 257 317 382 449 511 578 638 2 5 9 11 12 14 15 19 21 23
1 7 93 167 219 300 391 452 524 576 626 680 1 2 3 5 7 8 11 12 13 16
1 8 66 121 171 250 310 367 429 484 538 594 1 2 4 5 8 10 15 19 22 23
1 9 66 138 202 257 314 378 447 523 584 633 2 6 7 7 8 11 13 15 16 17
1 10 74 128 184 259 332 396 447 486 534 590 5 7 8 11 12 15 16 17 18 20
2 0 77 132 192 248 303 373 446 522 600 676 5 6 7 11 12 14 14 18 21 22
2 1 72 132 196 277 325 399 446 513 578 634 1 5 8 10 11 12 16 17 18 21
2 2 72 139 199 262 327 402 442 491 539 585 5 7 7 9 12 13 14 14 14 16
2 3 59 114 180 241 292 349 415 471 530 585 1 3 6 6 9 11 15 20 21 21
2 4 75 126 206 281 340 420 488 556 603 678 4 4 9 11 13 14 17 20 20 23
2 5 53 113 172 239 305 384 445 507 567 625 3 8 9 9 13 14 15 16 19 20
2 6 65 131 202 285 339 402 465 513 559 611 5 7 12 13 13 16 18 18 21 22
2 7 63 116 167 210 271 334 379 431 496 564 3 7 12 14 15 17 17 18 22 23
2 8 44 98 169 244 293 335 388 447 513 573 3 6 8 8 8 9 11 11 12 14
2 9 74 143 207 274 333 388 441 484 552 613 2 6 7 12 13 14 16 17 20 21
2 10 69 114 180 246 305 350 419 472 529 580 3 4 4 12 15 16 16 17 18 18
3 0 66 127 194 248 322 372 430 484 537 592 6 6 7 8 11 14 17 19 22 23
3 1 68 134 192 248 314 360 413 496 572 634 4 5 7 8 10 13 13 16 19 23
3 2 62 111 173 228 290 364 419 474 532 599 6 7 10 11 11 13 14 18 21 24
3 3 79 140 191 246 315 365 431 502 570 632 4 8 9 10 12 15 20 21 25 28
3 4 76 147 216 274 329 375 440 509 570 640 4 5 5 5 7 8 10 12 14 16
3 5 72 139 183 239 314 377 449 512 578 626 6 8 10 11 15 16 19 20 21 22
3 6 73 145 207 264 344 407 460 541 605 672 1 2 2 5 6 7 8 10 12 13
3 7 66 127 184 244 290 359 416 471 525 583 4 4 10 12 14 14 17 21 22 23
3 8 67 135 192 247 302 378 443 508 578 622 0 2 3 6 8 11 12 14 15 16
3 9 78 140 204 286 348 400 474 529 590 646 3 6 7 9 10 12 13 13 13 15
3 10 61 129 204 267 327 377 432 488 566 610 1 3 3 10 12 18 22 25 26 27
4 0 64 117 172 251 303 366 434 496 555 613 4 8 9 9 10 13 18 19 19 22
4 1 79 115 182 233 291 351 425 473 537 611 3 6 9 10 11 15 16 17 19 23
4 2 66 130 192 276 327 394 442 495 559 614 3 4 8 10 12 14 15 17 18 21
4 3 77 135 205 260 330 394 427 498 556 620 3 5 7 7 13 16 18 19 22 22
4 4 72 140 223 279 339 391 456 535 608 654 2 6 7 8 9 13 15 16 18 19
4 5 82 141 197 264 337 403 456 505 570 631 3 5 6 9 15 16 19 22 26 28
4 6 67 148 219 283 342 412 480 556 602 661 6 8 11 13 19 19 23 26 26 30
4 7 68 129 187 250 305 358 424 473 524 589 2 4 4 5 8 10 11 13 13 13
4 8 70 148 204 278 333 411 466 517 576 642 4 6 6 9 9 9 10 12 15 15
4 9 72 133 206 259 319 375 430 497 542 602 1 2 3 6 9 11 13 14 17 17
4 10 75 144 185 247 283 329 393 450 500 536 2 5 8 8 9 11 12 12 14 14
5 0 75 157 210 278 330 405 464 511 568 618 4 6 8 10 11 14 19 22 22 24
5 1 72 118 186 266 324 377 432 496 566 619 2 2 3 7 9 10 13 15 18 20
5 2 61 129 188 233 280 341 402 460 521 581 2 6 7 9 11 15 16 19 21 21
5 3 78 147 202 269 323 392 464 509 561 613 3 5 6 10 14 15 16 16 16 16
5 4 70 125 181 240 319 380 436 508 558 629 4 4 7 9 11 12 16 18 19 21
5 5 63 124 177 227 295 349 415 482 536 588 1 4 4 4 7 8 11 13 14 17
5 6 66 123 197 260 324 387 437 479 546 619 2 5 9 13 14 17 20 24 28 31
5 7 57 115 179 242 296 371 418 484 546 613 3 6 10 13 15 19 21 22 23 25
5 8 73 127 195 255 307 370 421 480 547 615 2 5 8 8 13 15 15 17 19 20
5 9 72 137 185 239 293 347 403 470 522 575 4 7 8 8 10 16 17 17 22 24
5 10 75 128 187 241 286 364 419 479 519 564 6 7 11 14 15 17 18 20 21 23
6 0 66 133 184 238 304 385 457 518 572 630 2 8 10 11 16 20 22 25 28 28
6 1 64 134 194 266 331 391 445 510 586 654 2 5 7 10 11 12 13 14 17 20
6 2 70 133 179 243 294 361 409 476 543 594 2 5 5 5 7 9 9 11 15 16
6 3 60 135 207 254 323 389 455 503 576 633 3 7 8 12 14 16 17 20 24 27
6 4 52 112 180 229 294 343 404 454 510 570 1 2 3 5 6 8 10 13 14 15
6 5 69 125 207 261 331 392 456 509 559 633 3 6 9 9 10 10 11 12 13 13
6 6 79 125 174 226 286 328 376 450 505 559 4 7 7 7 8 8 9 11 13 16
6 7 64 127 201 259 299 355 408 454 502 549 4 9 11 13 14 16 17 20 22 23
6 8 74 138 189 264 327 373 425 483 541 576 3 5 6 6 7 9 11 13 13 13
6 9 74 151 210 276 328 399 459 540 598 667 0 3 5 6 8 9 11 12 12 14
6 10 53 113 195 255 306 365 440 505 570 607 3 5 5 6 7 8 10 11 14 16
7 0 86 152 200 256 326 392 467 537 590 638 2 5 7 9 10 10 11 17 19 19
7 1 82 150 206 269 320 382 452 509 565 609 4 7 8 9 10 12 14 15 16 17
7 2 83 144 193 263 334 389 431 467 524 603 3 5 8 11 15 18 22 26 27 27
7 3 67 131 183 244 310 370 412 462 524 573 4 5 6 9 10 11 11 12 14 18
7 4 72 135 188 259 330 375 440 494 561 639 3 7 10 13 16 18 23 24 27 27
7 5 59 125 188 255 302 367 416 481 559 610 1 4 7 9 10 12 12 13 14 15
7 6 59 127 200 262 324 377 410 460 534 585 4 8 13 18 20 22 23 23 29 32
7 7 63 135 178 250 295 349 393 447 482 533 5 6 8 9 9 10 11 13 14 18
7 8 79 130 207 271 333 400 475 536 585 633 3 5 5 5 7 10 12 14 15 16
7 9 66 116 173 232 292 341 387 448 492 535 2 4 6 7 7 7 10 10 10 10
7 10 70 139 198 255 321 377 447 510 577 640 2 3 3 4 4 7 8 11 11 13
8 0 57 119 168 231 308 364 433 500 566 627 4 5 6 6 7 12 14 14 16 19
8 1 78 144 201 251 297 380 438 488 566 611 5 8 9 10 11 12 13 14 17 19
8 2 69 133 194 244 310 372 436 499 562 613 3 6 6 7 7 9 11 14 16 17
8 3 63 116 190 247 309 369 418 478 527 586 3 4 6 6 6 8 8 11 14 16
8 4 75 141 203 264 318 380 440 500 569 614 1 2 4 7 10 10 12 12 14 15
8 5 88 165 225 299 370 431 487 546 603 669 3 7 10 12 15 15 16 20 21 25
8 6 73 119 170 214 279 335 399 449 514 573 1 4 4 5 6 8 10 13 17 19
8 7 73 125 178 253 303 361 413 479 541 584 3 5 8 10 11 14 14 18 19 19
8 8 63 124 181 264 316 382 443 492 540 597 3 6 8 8 9 11 14 18 18 21
8 9 93 165 214 284 348 398 471 522 549 602 1 1 3 4 6 7 9 10 11 11
8 10 61 127 200 257 311 361 416 474 523 572 3 5 6 10 12 16 17 18 18 20
9 0 55 111 182 252 308 373 448 508 577 658 2 2 5 9 11 13 16 17 19 23
9 1 57 129 190 265 343 417 481 563 625 686 5 10 13 14 17 17 22 26 27 34
9 2 70 143 210 274 350 416 462 509 578 662 2 4 4 7 9 9 12 13 14 16
9 3 78 124 176 233 301 362 437 488 541 594 5 7 11 14 16 19 24 24 24 26
9 4 79 150 195 269 340 393 428 491 549 605 1 2 3 4 6 8 9 11 12 12
9 5 70 137 193 274 330 392 467 521 569 635 4 6 10 12 14 16 18 18 24 25
9 6 75 135 181 258 317 372 427 481 525 576 1 3 5 6 6 7 7 10 11 14
9 7 75 140 202 276 342 387 443 522 588 634 2 4 5 8 12 15 16 18 21 23
9 8 62 149 211 280 350 408 491 535 590 635 2 3 6 11 14 15 19 23 25 25
9 9 68 124 197 249 294 352 397 453 531 559 7 10 13 14 16 18 19 20 23 24
9 10 73 134 200 270 326 362 426 477 536 609 3 4 7 7 9 10 12 13 13 15
10 0 83 149 212 282 328 390 438 509 568 632 4 8 8 12 15 15 16 18 18 20
10 1 69 122 189 254 304 376 434 497 567 625 3 6 8 10 11 12 15 17 20 23
10 2 60 130 191 253 308 380 422 481 545 595 2 4 8 10 11 12 14 17 19 22
10 3 71 122 185 256 304 367 431 480 531 607 4 8 11 15 16 18 19 20 24 27
10 4 69 126 165 220 276 335 401 444 493 560 4 5 6 7 9 11 11 14 14 16
10 5 62 120 197 261 325 385 449 501 548 611 4 9 10 10 13 14 17 19 23 26
10 6 72 137 194 242 319 371 447 508 575 629 2 6 8 10 10 10 14 15 15 17
10 7 75 150 200 269 334 383 437 464 518 551 7 8 11 13 16 16 17 18 20 20
10 8 80 139 196 258 326 374 403 455 511 572 3 5 5 10 12 13 15 18 19 20
10 9 80 140 192 252 300 355 408 465 522 580 0 0 4 4 8 10 12 13 14 15
10 10 60 126 196 246 319 387 445 488 529 562 2 3 6 8 10 11 11 15 15 16