0 0 62 125 191 259 319 383 443 514 583 640 5 6 11 15 15 19 19 19 24 25
0 1 67 125 199 269 340 404 489 554 628 703 2 5 9 11 13 16 19 20 21 22
0 2 69 130 200 253 330 400 473 550 617 698 5 7 10 14 17 17 20 20 23 24
0 3 85 148 218 283 351 413 464 527 596 656 2 7 10 10 12 14 15 19 23 24
0 4 82 153 222 290 340 402 472 535 591 658 5 5 7 11 13 14 18 21 24 26
0 5 66 130 192 258 325 390 479 549 612 686 2 4 4 5 10 11 15 21 23 28
0 6 86 144 216 286 349 431 493 555 627 687 8 9 12 13 16 18 20 21 22 27
0 7 73 146 200 261 327 382 439 502 560 629 0 9 12 14 16 19 21 22 23 24
0 8 76 141 201 283 344 389 457 522 582 647 4 8 9 12 15 18 23 28 30 30
0 9 60 114 184 249 326 380 443 494 554 621 1 2 5 7 11 15 17 19 21 23
0 10 62 130 197 267 323 387 454 502 561 629 3 4 4 4 5 6 7 7 7 9
1 0 83 167 228 283 359 422 472 532 602 648 2 3 4 6 8 9 9 12 13 17
1 1 66 135 197 265 320 364 426 493 563 628 4 6 7 9 11 13 14 16 20 22
1 2 79 150 205 269 341 407 468 533 610 695 0 2 5 8 10 14 15 16 17 19
1 3 60 129 174 231 300 354 418 487 544 593 2 4 6 9 9 10 11 15 18 21
1 4 68 120 188 244 311 383 441 505 563 621 6 8 9 11 11 17 18 20 20 24
1 5 54 126 173 243 315 364 426 492 552 622 2 2 3 6 9 11 11 13 15 20
1 6 66 132 187 247 320 387 441 510 567 627 1 4 7 10 13 15 16 18 18 20
1 7 76 153 234 274 330 401 457 534 595 661 2 5 9 14 16 18 20 21 22 23
1 8 80 151 220 294 364 426 483 541 591 666 2 5 8 10 12 13 15 15 15 15
1 9 90 159 219 267 317 370 432 483 537 596 1 3 5 5 6 6 7 10 10 11
1 10 61 133 212 283 346 392 440 506 561 614 2 6 6 7 7 11 14 14 16 17
2 0 61 125 192 270 337 401 457 522 590 657 7 7 8 8 10 12 14 15 21 22
2 1 75 150 214 284 353 429 484 519 591 652 2 6 8 11 14 18 19 19 22 23
2 2 66 125 194 267 303 363 430 502 559 639 1 3 4 7 7 11 15 17 18 23
2 3 67 131 193 265 320 359 415 474 520 573 1 5 7 10 11 11 12 15 17 18
2 4 79 130 199 255 301 347 406 461 506 561 4 7 10 13 14 15 16 17 18 19
2 5 65 139 192 251 315 376 440 513 567 652 2 3 5 5 6 6 7 8 10 11
2 6 65 147 219 286 339 398 462 526 568 623 4 5 10 11 11 12 13 14 16 16
2 7 69 144 201 251 315 380 447 518 574 626 1 1 1 1 3 4 5 7 8 9
2 8 57 122 168 235 296 355 436 495 562 613 2 7 14 16 18 19 20 23 24 25
2 9 64 133 199 258 309 383 442 504 578 624 3 5 8 8 10 14 18 19 21 22
2 10 68 117 182 242 297 364 422 467 536 593 5 8 10 11 11 12 12 13 16 19
3 0 72 140 201 263 322 390 459 519 579 639 1 6 8 10 14 20 23 27 31 32
3 1 57 127 188 246 305 368 415 479 543 602 3 5 8 9 12 14 18 20 22 22
3 2 78 132 188 268 344 413 484 539 596 649 4 6 9 14 15 17 19 21 23 24
3 3 80 148 197 260 336 403 467 523 588 647 2 3 5 5 7 10 15 16 17 20
3 4 71 134 195 250 314 383 452 506 578 646 4 7 8 11 13 16 17 20 23 28
3 5 86 144 195 257 306 362 422 480 552 619 3 8 9 10 10 14 15 15 16 18
3 6 83 147 223 287 345 401 465 529 599 655 4 8 9 10 11 15 17 20 21 21
3 7 80 157 235 303 358 420 479 527 584 623 2 4 5 8 9 9 12 18 19 20
3 8 69 135 214 281 346 402 460 529 602 672 2 6 9 11 14 14 17 19 22 25
3 9 78 138 205 277 345 412 454 521 596 665 3 8 10 10 10 12 13 15 17 18
3 10 74 145 228 299 370 437 498 556 600 658 1 3 5 6 11 11 15 15 15 18
4 0 77 151 221 283 340 406 467 524 591 641 3 7 9 10 13 15 17 18 18 18
4 1 80 127 206 259 313 368 435 501 569 610 4 6 8 10 11 12 12 13 16 17
4 2 64 135 194 245 304 382 452 504 567 613 3 4 6 9 13 17 20 21 22 22
4 3 71 137 198 267 318 387 456 515 581 646 2 3 4 6 7 13 14 16 21 23
4 4 71 136 194 257 309 372 448 495 547 608 7 9 10 13 13 15 18 23 24 24
4 5 74 148 213 266 328 403 462 525 590 653 5 7 8 10 12 13 14 14 15 16
4 6 72 142 206 265 330 376 430 489 553 614 3 7 9 11 13 14 16 16 17 17
4 7 73 134 198 253 317 367 420 485 539 589 4 9 13 13 16 17 21 23 24 25
4 8 75 143 196 278 340 397 448 501 562 627 4 7 9 10 11 13 16 21 22 24
4 9 70 119 172 222 271 310 379 428 476 537 3 4 5 6 9 9 11 12 13 14
4 10 65 125 179 238 306 369 409 481 535 606 1 2 4 6 7 9 11 13 13 15
5 0 71 147 212 270 341 401 465 519 577 639 7 8 10 11 13 16 18 22 23 24
5 1 69 126 209 254 312 367 433 499 567 617 3 4 4 6 7 9 10 14 17 17
5 2 62 132 201 246 298 369 435 493 551 593 3 6 13 16 16 17 19 20 20 24
5 3 82 153 216 257 327 390 462 518 587 653 1 2 3 4 9 10 13 17 18 21
5 4 72 153 203 259 325 383 451 524 587 640 1 3 3 4 7 8 10 11 11 11
5 5 65 121 179 231 275 308 361 427 477 545 3 4 8 11 13 13 15 20 21 24
5 6 68 154 218 284 348 409 475 542 594 649 2 4 5 6 7 9 9 10 12 12
5 7 73 145 220 280 334 395 449 496 554 621 4 8 11 13 15 20 24 27 30 36
5 8 64 128 190 273 314 397 455 514 570 645 4 5 7 7 9 11 13 15 17 21
5 9 79 160 213 260 329 381 433 500 544 586 2 3 4 7 11 11 12 16 16 17
5 10 54 118 168 228 284 349 409 470 527 578 2 5 7 7 9 10 11 12 13 15
6 0 59 131 187 230 297 378 446 520 598 672 4 5 6 8 10 11 11 14 16 17
6 1 65 127 199 251 299 346 408 475 530 588 2 2 3 5 11 13 15 17 17 19
6 2 65 123 174 237 302 355 399 464 527 578 0 1 4 5 8 10 10 15 18 20
6 3 73 133 199 278 336 388 457 494 554 600 3 4 6 9 9 9 11 11 12 12
6 4 65 126 177 238 295 340 384 434 481 534 2 5 8 11 14 14 14 15 15 16
6 5 65 139 195 277 346 407 472 503 550 612 1 2 6 7 9 13 13 13 13 15
6 6 66 136 212 273 334 381 440 481 531 581 4 4 4 7 9 12 13 15 16 18
6 7 57 111 168 243 313 362 423 474 517 577 3 4 5 10 13 15 15 18 21 26
6 8 69 133 205 278 345 391 444 503 549 609 3 5 6 7 7 8 11 12 12 14
6 9 86 145 215 277 333 403 456 525 572 635 4 5 8 12 14 16 17 20 22 23
6 10 49 108 153 220 283 337 392 435 480 544 3 4 9 9 10 11 14 16 19 21
7 0 66 121 184 250 320 375 439 517 563 608 2 3 4 7 8 10 11 14 17 17
7 1 74 138 209 280 344 421 488 565 624 702 2 3 5 8 9 10 11 14 15 16
7 2 83 123 170 237 280 330 397 463 515 580 2 5 9 9 9 10 10 12 12 13
7 3 86 146 198 248 290 342 395 448 523 569 5 8 8 8 11 15 18 20 27 29
7 4 65 133 183 226 302 351 406 461 512 570 5 7 8 9 11 14 15 16 17 20
7 5 69 118 184 230 296 340 414 467 535 589 1 2 3 6 9 12 13 14 16 16
7 6 77 128 189 255 312 368 414 466 529 577 5 7 9 11 14 17 19 21 21 22
7 7 78 125 184 261 318 396 439 491 534 586 3 3 4 5 6 6 8 13 15 17
7 8 82 150 203 256 303 364 430 478 490 545 3 5 9 13 14 16 16 17 17 20
7 9 65 121 192 250 321 372 427 474 537 595 3 4 5 7 9 9 10 11 11 13
7 10 66 121 178 222 273 334 417 459 493 559 4 7 7 7 8 9 10 11 11 13
8 0 65 124 189 269 347 404 455 506 561 628 4 5 6 7 12 15 18 20 22 26
8 1 73 138 213 285 348 402 457 515 591 654 1 4 6 6 8 10 10 11 14 17
8 2 76 134 198 256 322 367 424 479 542 617 4 5 7 9 9 9 12 15 17 17
8 3 77 151 205 261 319 365 424 495 573 612 1 4 4 5 7 9 12 13 16 18
8 4 63 121 187 231 290 344 403 472 532 593 5 7 9 9 10 11 12 14 15 17
8 5 72 151 208 276 323 385 444 509 590 637 6 9 11 14 16 18 19 20 23 23
8 6 71 138 202 260 310 375 437 480 541 603 5 5 6 6 9 12 14 15 15 16
8 7 71 130 160 215 282 360 409 476 523 574 2 3 4 4 5 6 8 9 9 10
8 8 71 141 210 265 319 373 438 494 553 585 2 6 8 11 11 14 14 15 17 19
8 9 78 146 205 269 323 378 425 471 521 588 3 6 6 6 8 11 13 15 15 16
8 10 63 122 192 262 322 383 430 470 515 579 1 4 4 5 6 7 8 9 9 9
9 0 78 148 210 266 334 397 471 520 579 637 1 3 8 10 11 14 14 18 20 23
9 1 71 124 196 258 314 369 421 473 517 560 4 7 9 9 10 13 13 15 16 17
9 2 67 116 179 238 298 358 420 482 555 619 0 2 4 6 7 9 14 14 15 15
9 3 81 161 231 294 362 412 468 547 602 651 1 3 4 5 7 7 7 8 12 14
9 4 60 117 167 231 284 333 398 469 536 592 1 1 2 3 7 8 8 13 16 22
9 5 60 125 189 254 328 394 466 540 603 670 4 6 9 15 18 18 19 21 22 24
9 6 71 135 212 274 330 388 443 507 574 617 2 4 6 7 9 10 12 12 12 14
9 7 84 132 189 243 298 365 414 464 519 560 5 9 11 11 12 15 16 17 18 19
9 8 62 142 201 270 331 396 436 485 549 607 1 3 4 6 10 10 11 13 16 18
9 9 62 117 184 236 289 350 387 446 488 546 1 4 6 9 13 13 14 16 16 16
9 10 76 137 196 264 331 412 459 510 562 623 3 5 6 7 9 9 10 11 14 16
10 0 86 152 213 287 354 421 469 530 591 667 4 4 6 7 9 12 14 16 19 20
10 1 77 138 211 270 328 368 414 486 559 617 4 7 8 10 11 12 12 13 14 15
10 2 86 154 219 274 328 397 463 531 581 655 4 4 6 8 10 11 16 18 19 24
10 3 58 123 183 242 299 359 403 444 497 552 2 5 7 8 11 17 18 21 24 25
10 4 76 146 207 263 328 411 472 540 595 655 7 10 12 12 14 14 15 17 18 20
10 5 72 138 210 271 321 364 447 499 551 620 3 4 7 12 13 14 16 19 24 25
10 6 86 146 189 236 287 348 411 474 515 575 4 6 8 10 10 18 19 22 24 28
10 7 84 146 220 261 329 377 437 486 551 612 2 3 6 8 10 12 15 15 18 19
10 8 73 144 200 253 319 400 459 503 588 623 6 11 13 14 16 17 17 18 22 24
10 9 78 138 190 231 283 333 397 448 505 554 2 3 4 6 6 8 12 13 15 15
10 10 74 149 212 263 308 348 410 445 494 547 2 6 7 9 9 11 11 11 13 13