0 0 78 141 209 265 327 390 436 490 564 627 4 6 9 12 14 16 20 21 23 26
0 1 61 123 177 238 286 357 426 493 555 613 1 1 3 5 6 10 11 12 13 17
0 2 51 122 185 259 312 373 438 494 570 629 3 6 7 11 16 17 19 20 25 28
0 3 69 152 203 270 320 380 440 487 559 612 2 6 11 16 17 22 25 25 27 28
0 4 74 141 193 242 310 365 428 476 540 596 1 1 1 3 6 9 11 14 16 18
0 5 55 113 163 222 285 357 428 491 557 628 0 4 4 8 9 11 12 12 15 16
0 6 52 125 182 232 300 357 437 508 561 625 3 5 7 8 9 11 14 16 18 19
0 7 57 110 168 232 308 368 426 475 535 591 0 1 4 8 9 11 14 16 16 17
0 8 61 125 186 251 310 373 429 483 538 605 3 4 4 7 8 9 9 11 13 16
0 9 72 138 213 274 334 387 444 504 550 616 2 2 3 5 7 8 9 11 13 15
0 10 72 114 180 247 325 390 466 519 584 657 2 5 6 8 12 14 15 16 18 20
1 0 71 122 186 239 290 351 412 463 531 595 0 1 4 5 6 8 10 10 13 16
1 1 60 115 179 219 285 349 421 473 527 592 2 4 6 9 12 12 17 19 22 25
1 2 96 137 198 273 313 386 453 520 575 636 2 2 8 11 13 17 18 20 21 24
1 3 65 124 183 238 295 361 403 453 498 564 2 4 7 8 10 17 17 18 21 23
1 4 64 139 226 283 362 426 489 538 601 668 3 6 7 9 11 11 14 18 20 23
1 5 67 132 195 252 302 355 432 502 554 622 1 3 6 9 10 12 13 13 14 20
1 6 87 139 188 263 347 404 465 533 596 656 4 6 7 9 10 12 14 16 17 22
1 7 78 144 206 277 320 386 457 525 577 640 3 5 6 6 6 8 10 10 11 14
1 8 61 129 201 266 339 407 470 543 603 675 8 10 12 14 15 18 18 19 20 21
1 9 68 133 198 237 290 338 388 462 535 581 3 7 10 10 14 14 16 17 18 18
1 10 82 130 192 242 308 379 444 494 551 605 4 5 6 7 8 10 12 12 14 14
2 0 77 152 226 300 356 418 492 568 624 682 4 5 8 12 13 18 22 24 24 25
2 1 66 141 207 268 350 405 469 536 596 664 3 3 4 5 8 11 15 18 22 26
2 2 82 150 210 273 336 394 456 518 572 638 4 6 8 10 14 17 19 21 23 26
2 3 72 144 196 266 334 402 450 505 574 639 1 4 6 10 16 17 17 22 25 26
2 4 68 138 189 244 294 352 421 493 550 612 3 4 6 10 12 16 19 21 22 22
2 5 59 94 161 238 295 360 420 495 543 606 4 6 7 8 10 13 20 21 25 30
2 6 80 131 212 282 349 413 457 521 581 662 6 9 9 9 11 11 15 19 20 23
2 7 71 130 195 257 310 366 419 482 549 611 3 7 8 10 12 14 14 18 18 20
2 8 72 133 189 247 316 367 435 505 562 598 5 6 9 9 11 12 14 14 17 17
2 9 74 138 204 267 306 355 419 479 529 592 2 2 4 6 12 12 13 15 18 20
2 10 66 134 198 269 339 404 466 532 571 636 3 4 5 11 13 15 16 16 20 21
3 0 63 136 197 249 318 379 434 494 549 618 1 7 10 11 12 15 18 22 23 24
3 1 46 100 167 223 312 368 427 495 554 620 2 6 9 9 13 16 17 22 24 28
3 2 69 142 195 261 336 418 478 559 619 691 5 6 9 10 11 15 17 21 21 26
3 3 63 141 210 267 337 387 452 502 552 615 4 5 9 10 11 13 17 19 21 23
3 4 75 145 206 255 319 378 452 508 556 595 1 2 2 2 3 3 3 4 6 7
3 5 65 122 195 258 322 399 471 535 588 635 3 4 7 7 11 16 16 16 19 20
3 6 78 135 175 221 287 359 412 478 527 594 3 6 6 12 14 15 16 19 22 25
3 7 73 138 191 255 331 385 464 521 565 632 4 5 5 8 8 8 11 14 17 18
3 8 74 124 189 260 301 382 440 478 530 572 2 3 4 8 11 14 17 17 22 23
3 9 57 117 169 233 299 351 420 467 535 584 1 4 6 8 10 10 11 12 14 17
3 10 69 129 183 251 321 382 435 492 552 612 3 7 8 10 12 13 14 15 16 17
4 0 76 132 200 241 317 373 448 504 562 632 3 5 10 11 15 18 21 23 26 29
4 1 84 163 227 284 354 425 491 546 609 666 5 6 7 9 12 14 15 20 23 27
4 2 75 129 190 220 284 359 414 473 534 599 6 8 10 12 16 17 17 18 20 21
4 3 79 144 201 260 317 376 414 456 528 597 3 5 6 6 8 9 9 9 12 16
4 4 45 103 177 228 287 347 408 457 511 563 5 7 8 9 10 13 17 18 19 20
4 5 96 145 210 265 332 384 443 501 551 602 2 2 5 6 7 8 8 9 10 11
4 6 49 106 176 240 301 354 405 467 530 582 2 5 5 7 9 10 11 17 18 19
4 7 60 121 176 241 299 347 398 464 519 579 3 4 4 7 9 10 12 15 17 21
4 8 59 124 188 241 307 372 427 490 544 603 2 5 6 9 14 14 15 18 21 22
4 9 66 136 193 247 304 358 401 470 525 576 2 3 4 5 6 9 10 14 15 17
4 10 64 113 174 244 283 367 404 457 497 546 2 2 2 4 6 7 8 9 11 11
5 0 56 125 184 247 303 363 417 495 551 615 0 5 7 9 10 11 15 18 21 23
5 1 55 114 190 257 330 386 442 505 569 611 1 5 9 11 18 18 20 23 23 24
5 2 79 148 208 273 340 407 474 532 591 657 3 6 7 9 11 12 14 16 18 18
5 3 66 135 184 238 302 360 404 458 528 583 5 8 9 13 17 18 20 20 23 23
5 4 58 111 181 248 298 374 449 507 567 625 5 9 12 13 16 18 21 22 22 25
5 5 60 121 187 249 308 367 432 484 537 587 3 6 8 11 13 16 16 18 20 21
5 6 79 150 215 276 324 391 448 495 564 629 1 4 6 7 9 11 11 11 11 12
5 7 61 122 172 230 256 317 380 448 489 541 2 6 7 9 10 13 13 13 14 15
5 8 70 130 188 246 321 384 431 483 551 605 4 6 9 10 12 16 20 22 24 26
5 9 52 102 161 223 291 337 387 445 504 572 1 4 7 7 8 10 10 10 12 12
5 10 70 134 197 251 299 362 423 492 544 595 3 8 11 12 13 13 13 13 14 15
6 0 62 132 179 243 311 370 425 494 556 639 6 7 10 12 16 16 17 18 19 20
6 1 64 116 178 242 301 368 436 517 561 608 2 6 7 8 9 9 11 15 17 17
6 2 76 138 194 259 317 375 426 461 514 580 4 8 10 13 16 17 17 18 18 18
6 3 64 118 181 232 304 368 441 494 562 608 6 7 10 11 12 12 15 17 19 23
6 4 73 148 195 256 334 381 422 459 525 584 3 4 4 6 9 11 12 12 13 15
6 5 73 131 195 256 329 402 466 520 570 634 0 1 3 5 7 9 11 12 13 17
6 6 71 134 203 257 333 383 436 487 531 603 2 5 6 6 8 10 16 16 17 21
6 7 66 119 183 238 293 362 425 476 508 570 8 11 14 18 18 21 21 21 22 23
6 8 65 142 198 269 330 393 455 535 590 650 4 7 8 8 11 14 16 18 20 21
6 9 64 114 177 246 311 363 414 480 520 580 4 7 7 8 10 11 13 15 15 16
6 10 70 132 194 260 337 395 450 502 555 619 2 6 9 10 12 14 16 18 20 23
7 0 71 134 193 259 318 373 435 473 536 607 5 6 7 8 13 14 17 18 19 20
7 1 63 132 186 236 302 355 433 498 563 628 0 0 2 2 4 5 7 9 11 15
7 2 70 126 184 229 312 387 457 513 570 616 0 3 6 8 10 12 12 15 18 20
7 3 74 128 168 225 286 337 385 431 495 554 1 2 6 7 9 10 14 17 17 18
7 4 51 111 160 210 245 300 345 409 474 535 3 6 8 9 12 15 18 21 24 27
7 5 61 129 203 272 352 422 485 551 604 658 2 3 6 6 6 8 9 13 14 14
7 6 69 125 191 256 294 340 392 450 512 571 4 5 8 10 12 13 14 17 19 19
7 7 68 147 203 277 330 388 436 500 550 599 2 4 7 7 9 12 14 17 17 17
7 8 87 158 215 266 321 371 417 478 543 599 5 6 7 12 14 15 16 18 20 23
7 9 75 157 214 245 297 340 397 454 523 543 0 1 4 4 5 6 6 8 11 12
7 10 53 134 200 268 323 384 428 466 499 548 2 2 4 5 5 6 7 9 13 13
8 0 82 146 204 292 352 413 480 544 619 684 3 4 10 14 19 22 24 27 32 33
8 1 86 153 211 268 323 386 446 509 570 632 2 3 5 8 10 12 14 15 17 18
8 2 61 134 188 275 333 404 452 505 574 626 4 4 6 11 12 14 16 16 18 20
8 3 85 129 194 247 310 382 426 480 537 603 1 3 4 4 7 8 8 12 14 14
8 4 58 128 205 271 314 362 415 480 518 584 2 4 6 7 8 9 10 11 12 16
8 5 74 143 205 279 362 405 473 518 567 616 2 3 5 6 8 9 10 11 13 14
8 6 73 137 192 252 313 369 430 492 577 621 4 5 8 12 15 17 19 20 23 23
8 7 66 121 182 230 293 344 392 427 484 567 3 4 6 9 10 12 13 15 16 20
8 8 74 127 187 237 283 320 360 418 482 554 8 11 13 14 15 15 16 19 20 23
8 9 56 137 190 232 289 363 419 471 530 581 3 6 8 9 11 13 15 16 20 22
8 10 87 131 197 253 310 366 426 484 538 589 3 4 5 5 6 9 9 9 9 10
9 0 65 132 206 262 327 388 474 525 577 635 3 6 9 10 10 12 14 15 20 24
9 1 72 129 202 264 318 380 422 488 549 608 1 8 9 15 17 20 22 24 26 29
9 2 72 142 199 257 317 385 425 474 531 591 2 3 6 8 9 11 11 12 14 15
9 3 71 129 184 253 321 375 445 504 584 651 1 1 2 3 4 5 7 10 13 15
9 4 80 152 208 286 328 391 443 511 551 608 1 3 5 8 8 11 11 14 14 15
9 5 83 142 197 250 298 349 406 455 503 572 4 5 7 7 8 10 12 12 13 15
9 6 69 145 197 253 314 357 439 483 535 597 7 8 10 13 15 16 19 23 26 29
9 7 87 157 209 255 315 379 431 497 561 610 1 4 5 5 7 8 8 9 9 9
9 8 66 127 204 264 319 392 461 525 583 630 3 5 5 6 9 9 11 13 15 18
9 9 73 135 192 256 315 376 429 477 517 563 3 5 6 7 7 8 10 12 13 14
9 10 65 131 199 250 288 345 392 457 501 536 3 3 4 6 8 11 11 14 16 16
10 0 62 132 202 256 314 405 462 515 581 628 3 5 7 11 13 15 19 21 23 24
10 1 74 129 177 243 306 351 398 449 509 556 2 3 5 7 8 10 12 14 15 18
10 2 70 146 215 299 366 430 495 547 584 658 2 5 6 7 12 13 14 14 15 18
10 3 56 117 190 258 319 374 439 490 559 629 4 5 8 11 14 15 16 17 21 23
10 4 64 154 208 275 324 393 459 516 595 657 4 6 8 9 11 14 17 19 19 19
10 5 73 140 189 254 309 369 417 490 547 608 3 5 7 7 10 12 14 16 18 20
10 6 63 149 212 275 341 403 457 512 544 608 3 5 6 8 8 10 13 13 14 16
10 7 64 113 170 206 269 324 372 421 494 534 6 6 8 10 12 15 17 21 22 22
10 8 60 116 170 241 303 358 419 465 534 588 4 6 7 8 8 9 10 16 19 20
10 9 81 167 225 279 351 395 418 489 532 581 3 10 13 14 17 18 18 18 19 22
10 10 76 153 208 267 336 380 446 510 561 616 1 3 4 5 7 9 10 13 14 16