0 0 68 113 186 234 300 374 439 491 566 649 4 5 7 10 12 14 17 18 20 23
0 1 84 162 222 287 354 429 482 556 625 703 1 3 4 7 9 13 14 17 21 21
0 2 66 133 208 269 327 381 440 518 585 663 4 6 9 9 12 13 16 19 25 25
0 3 81 137 188 236 304 372 447 517 595 667 3 5 6 6 9 10 11 11 13 16
0 4 78 150 236 296 357 438 493 552 611 666 3 6 8 12 13 16 21 24 24 26
0 5 76 149 227 296 367 437 497 561 620 685 1 8 11 16 19 19 20 23 25 29
0 6 78 125 178 247 305 377 449 511 573 645 6 6 9 11 11 13 18 20 23 24
0 7 69 131 208 261 317 380 442 515 577 648 2 2 5 7 12 14 21 24 27 30
0 8 91 165 218 280 354 420 490 555 625 680 3 5 8 9 10 10 13 15 20 23
0 9 71 139 230 307 358 423 486 542 611 672 2 2 3 6 10 11 13 15 18 19
0 10 77 135 193 261 322 393 456 536 595 649 4 7 10 10 14 19 20 20 20 20
1 0 53 121 183 244 317 383 445 511 568 623 0 1 3 3 5 5 8 10 11 12
1 1 79 140 192 253 319 380 449 531 603 653 1 1 2 5 6 7 11 12 13 19
1 2 66 135 194 254 310 368 427 490 562 624 5 7 10 12 14 17 19 21 24 24
1 3 94 166 233 306 376 432 499 569 631 689 7 9 9 13 19 22 25 27 27 28
1 4 84 128 194 260 321 383 443 504 555 621 4 6 7 9 9 9 9 9 9 12
1 5 73 117 190 244 305 362 424 480 541 599 2 4 8 8 13 14 15 16 17 19
1 6 75 145 206 258 331 396 460 525 597 667 7 13 15 17 19 19 21 25 31 34
1 7 78 140 208 275 346 420 476 533 581 668 3 4 6 9 13 15 16 18 19 22
1 8 77 137 213 277 337 390 445 509 578 641 2 3 4 5 8 9 10 13 16 19
1 9 60 125 189 246 298 352 426 499 565 609 3 4 4 7 9 11 12 13 14 14
1 10 79 154 212 286 337 407 457 510 562 617 4 8 9 10 12 14 14 16 18 19
2 0 77 138 204 263 320 374 442 509 572 635 3 4 7 10 13 14 17 20 24 25
2 1 62 149 212 286 357 409 469 539 606 673 6 13 14 19 22 23 23 25 26 28
2 2 66 154 200 252 323 387 449 505 573 625 3 5 7 8 10 10 11 11 16 19
2 3 83 152 190 252 325 404 462 514 581 657 6 9 10 10 11 13 15 16 22 25
2 4 66 134 184 246 315 373 427 488 548 598 3 4 4 9 10 10 10 11 15 16
2 5 84 153 211 275 338 394 445 495 565 617 2 4 6 8 8 8 13 18 22 22
2 6 62 138 210 276 321 384 426 499 562 615 1 4 5 6 9 12 13 15 19 21
2 7 81 138 193 247 313 368 427 488 557 618 4 4 7 10 11 13 13 13 16 18
2 8 75 144 206 235 296 368 409 458 513 564 3 5 10 10 13 16 17 19 20 21
2 9 81 141 206 265 314 393 437 503 568 641 2 6 6 7 10 10 12 14 15 19
2 10 77 155 219 286 346 415 481 541 586 644 3 5 8 9 11 12 13 15 16 16
3 0 70 130 191 253 305 381 431 494 561 605 9 12 16 17 19 21 23 24 24 27
3 1 63 122 199 259 336 394 462 509 574 637 2 5 9 9 11 11 11 11 16 17
3 2 68 121 169 240 306 375 444 511 561 629 5 8 9 12 13 16 19 20 20 20
3 3 75 155 227 285 321 386 440 513 585 626 2 4 5 8 9 9 10 10 10 10
3 4 72 131 186 246 301 358 410 473 543 612 5 8 9 9 12 16 18 21 24 27
3 5 65 151 211 305 354 414 494 549 599 665 5 6 8 11 12 13 14 16 20 22
3 6 73 139 201 258 321 370 437 508 580 622 3 5 6 9 13 13 15 18 18 18
3 7 62 133 202 271 336 410 477 542 600 667 2 3 5 7 12 17 17 22 27 27
3 8 82 134 186 263 335 391 445 496 543 598 1 2 2 4 5 8 10 12 12 13
3 9 62 128 190 248 306 342 406 469 540 607 1 1 1 2 3 4 4 5 7 7
3 10 72 145 215 272 346 406 452 506 542 590 3 7 11 12 15 18 21 23 23 24
4 0 78 163 220 286 344 407 477 558 644 704 2 3 5 6 6 6 9 10 11 12
4 1 72 147 204 246 312 368 430 467 510 554 5 6 10 12 13 15 15 17 20 21
4 2 70 127 177 222 283 358 414 483 561 620 4 6 6 9 12 14 14 16 19 19
4 3 74 137 197 253 314 351 412 484 552 608 6 8 9 12 14 15 17 20 23 27
4 4 80 140 196 253 303 365 409 472 520 579 4 6 8 10 10 11 12 15 17 19
4 5 78 144 201 255 307 368 414 475 542 604 3 6 7 7 8 9 11 15 19 20
4 6 66 133 180 248 303 365 422 471 523 567 3 3 3 4 6 7 9 11 12 13
4 7 69 148 229 300 361 430 476 532 592 642 4 8 9 10 11 12 14 17 20 21
4 8 72 149 211 274 331 387 456 505 563 605 1 3 5 8 9 10 12 14 16 16
4 9 80 132 198 256 313 368 411 474 529 582 3 4 6 7 8 10 12 15 16 16
4 10 71 134 204 267 347 406 447 512 567 611 4 7 7 10 13 16 17 20 21 22
5 0 67 125 195 262 329 390 453 517 586 654 2 2 4 7 9 10 12 13 15 16
5 1 81 148 218 290 366 438 500 556 636 701 5 7 11 12 13 15 17 19 21 25
5 2 100 175 239 289 360 423 494 554 620 692 3 7 7 9 10 14 16 19 20 21
5 3 71 130 200 261 320 392 445 499 566 627 3 12 14 15 15 17 17 19 22 23
5 4 69 150 202 260 305 373 432 490 538 599 4 6 9 11 13 14 16 19 21 23
5 5 51 120 176 230 287 338 398 446 507 564 4 9 9 11 12 12 14 15 15 19
5 6 68 142 196 262 315 367 428 479 548 604 2 4 4 5 6 8 11 12 13 15
5 7 74 143 197 270 323 359 433 479 529 584 2 5 5 7 9 11 11 11 12 13
5 8 70 150 229 284 348 414 467 523 577 643 5 5 7 9 9 10 11 14 18 18
5 9 75 143 210 278 363 416 459 520 551 595 4 5 8 10 11 13 14 16 17 18
5 10 79 143 202 261 322 388 463 524 587 636 5 8 10 12 16 17 19 21 26 26
6 0 83 151 209 262 326 410 473 520 595 657 3 3 4 4 4 5 6 9 12 16
6 1 65 138 195 256 312 367 442 508 563 618 4 6 9 10 11 11 11 12 14 15
6 2 78 145 202 276 354 407 485 535 595 665 6 9 13 16 21 24 25 27 29 31
6 3 76 135 198 264 318 367 421 491 541 595 4 7 11 13 18 21 21 22 22 23
6 4 59 120 183 237 291 354 419 490 556 622 3 4 6 8 9 11 15 17 20 23
6 5 42 96 161 226 275 339 406 450 526 581 0 2 4 7 8 10 10 10 13 14
6 6 59 123 194 252 305 361 415 469 519 572 3 3 4 6 7 7 7 8 8 8
6 7 69 123 178 238 288 336 395 448 528 606 0 2 2 2 4 7 9 9 10 11
6 8 68 121 186 263 323 377 435 507 553 587 2 3 5 7 8 9 10 11 12 12
6 9 57 124 182 221 277 338 388 433 484 527 5 8 11 11 13 16 17 19 20 20
6 10 61 130 207 266 341 397 465 526 565 608 2 6 8 9 10 11 13 15 16 16
7 0 70 125 196 257 324 392 461 535 601 664 3 6 9 9 11 13 19 21 22 22
7 1 83 155 234 288 336 397 463 523 588 633 4 7 8 9 10 12 17 24 26 27
7 2 71 132 198 252 315 379 443 508 568 627 3 5 7 7 9 11 12 14 15 15
7 3 76 136 198 248 307 363 436 489 553 609 6 7 9 11 14 16 19 22 25 28
7 4 84 147 221 269 316 372 436 485 543 603 4 8 10 11 11 11 12 15 16 17
7 5 78 152 219 292 353 424 484 540 606 649 3 8 15 21 26 26 31 33 37 39
7 6 71 140 200 262 336 376 411 481 542 605 2 4 8 10 12 14 14 16 17 18
7 7 73 158 225 272 330 403 466 535 596 639 8 8 12 14 16 21 22 23 24 26
7 8 79 134 193 256 307 359 416 469 526 570 2 3 4 7 8 12 15 15 17 18
7 9 63 135 172 233 300 361 438 495 541 599 3 5 6 9 13 14 14 15 17 18
7 10 75 134 203 274 319 377 451 522 548 597 3 6 7 8 10 13 13 13 14 14
8 0 66 123 199 242 300 356 407 479 539 617 2 3 4 5 5 5 5 5 9 10
8 1 69 136 203 264 324 384 449 510 585 641 1 5 5 9 10 11 14 16 16 18
8 2 72 130 191 247 307 362 440 498 558 612 1 2 5 5 5 9 12 12 13 14
8 3 80 143 206 264 311 382 438 488 526 585 1 5 6 7 8 14 15 16 18 18
8 4 63 138 216 273 340 414 480 534 597 664 2 3 7 8 8 10 14 15 18 21
8 5 83 146 209 271 336 406 465 507 550 601 2 4 9 10 11 12 13 19 20 22
8 6 60 126 171 228 268 338 402 453 510 571 4 8 9 9 10 10 11 11 13 14
8 7 75 152 212 274 342 392 450 513 578 635 2 3 5 5 8 9 9 11 11 12
8 8 75 144 214 270 332 380 428 475 522 563 2 3 6 6 6 6 10 10 10 11
8 9 76 143 194 247 327 372 427 472 528 591 1 2 2 3 6 10 10 10 13 15
8 10 79 146 213 283 335 402 435 457 501 544 1 1 2 3 3 5 5 6 8 9
9 0 65 136 192 252 328 384 442 498 552 620 1 3 5 8 8 8 9 9 12 16
9 1 78 130 196 250 306 379 450 512 567 626 4 5 8 10 11 14 17 19 21 23
9 2 69 134 203 273 323 377 434 490 566 620 2 3 7 9 10 12 15 15 19 19
9 3 72 142 204 272 339 400 460 511 577 625 4 8 8 9 10 11 13 16 18 21
9 4 76 141 204 255 326 376 459 509 575 646 3 7 9 10 12 12 12 13 16 19
9 5 75 135 199 240 302 372 443 507 571 645 2 3 7 8 10 13 14 15 18 22
9 6 85 152 226 294 367 430 488 547 596 663 2 2 2 3 5 7 10 10 10 14
9 7 68 151 196 249 301 347 407 476 522 580 4 7 10 11 12 13 13 16 17 19
9 8 68 137 198 255 308 353 419 471 527 561 3 5 7 10 11 12 14 14 14 15
9 9 60 127 195 251 306 363 413 477 533 598 5 8 9 12 13 14 14 15 15 20
9 10 62 130 196 238 296 340 405 471 533 585 5 6 10 11 13 14 15 17 19 21
10 0 70 132 197 280 343 401 471 544 586 639 2 3 4 8 9 9 9 12 12 14
10 1 71 127 185 244 305 367 441 508 571 631 5 5 7 7 10 14 17 19 25 29
10 2 76 147 237 311 369 425 489 541 618 669 3 6 11 13 16 19 22 22 26 30
10 3 55 120 174 220 285 355 397 452 515 580 1 3 6 9 12 13 14 14 15 18
10 4 74 145 201 277 335 389 449 515 566 628 3 4 5 6 8 9 13 15 16 18
10 5 70 141 200 262 310 371 415 469 527 583 2 6 8 11 11 11 15 17 19 19
10 6 80 136 183 233 301 373 435 487 542 599 5 7 7 11 15 19 22 23 27 29
10 7 75 131 177 257 310 360 422 486 564 615 3 6 9 10 10 10 12 15 17 19
10 8 47 108 158 215 272 319 380 446 511 560 3 6 8 9 9 9 9 10 12 14
10 9 78 133 192 262 327 389 450 504 538 597 1 2 3 4 5 5 6 8 8 8
10 10 77 148 205 257 304 362 411 463 509 574 3 3 6 7 8 9 11 12 12 15