0 0 58 126 188 259 325 381 431 516 590 652 1 2 3 5 7 12 15 16 21 26
0 1 59 128 208 281 341 411 474 539 588 652 3 5 6 9 12 13 14 16 16 20
0 2 75 133 212 278 339 400 453 497 568 629 4 5 8 10 12 14 17 18 20 22
0 3 58 122 170 233 294 366 434 491 563 626 1 2 5 7 8 10 13 15 16 17
0 4 88 159 232 305 360 423 486 559 632 688 2 7 10 11 15 19 21 21 26 27
0 5 79 134 204 279 337 400 477 542 616 691 3 5 9 9 12 14 17 18 18 22
0 6 74 149 229 287 355 418 488 561 630 697 2 4 4 5 8 12 15 16 19 19
0 7 62 121 177 229 302 355 426 488 554 616 4 5 6 7 7 9 11 17 21 23
0 8 62 130 191 258 310 371 422 489 556 626 1 2 5 7 9 11 13 14 14 18
0 9 64 134 204 270 333 399 450 529 603 666 1 6 7 7 8 10 11 13 14 16
0 10 78 128 197 267 336 382 460 525 581 649 1 1 2 3 10 13 14 14 15 18
1 0 76 123 171 240 298 339 407 460 533 605 1 4 6 8 10 10 12 18 24 27
1 1 75 137 191 252 328 401 467 524 591 662 4 4 6 8 10 12 15 17 19 25
1 2 79 135 192 239 309 357 425 472 528 599 2 4 5 7 8 12 12 13 14 15
1 3 58 111 179 240 293 347 430 484 540 605 3 4 9 12 14 16 18 21 23 27
1 4 65 132 183 259 332 376 425 492 561 612 1 5 6 6 6 6 8 9 10 10
1 5 73 151 219 273 323 397 475 550 604 665 2 4 5 7 8 9 11 13 14 15
1 6 64 100 152 222 280 353 402 463 530 590 3 4 6 11 14 17 17 17 19 20
1 7 55 139 222 285 342 420 466 519 586 646 0 2 7 9 9 12 16 18 21 24
1 8 57 116 190 250 330 394 465 513 570 616 1 4 7 10 11 13 16 16 20 20
1 9 66 123 183 257 327 411 473 539 598 645 1 3 6 9 9 10 14 14 16 16
1 10 79 177 244 320 375 412 469 524 591 634 2 3 3 5 6 6 8 9 10 11
2 0 75 138 197 263 320 379 443 512 571 636 4 5 9 10 11 12 16 18 18 20
2 1 59 135 196 274 331 390 455 514 587 644 4 7 8 10 11 14 15 17 18 21
2 2 75 144 205 269 340 390 448 514 576 641 5 12 14 17 18 18 20 20 21 23
2 3 81 144 204 266 322 399 462 542 608 663 2 3 5 11 13 14 14 15 16 18
2 4 69 125 189 256 323 400 451 506 560 631 1 3 7 9 13 15 15 15 17 20
2 5 64 136 185 245 301 349 411 465 531 606 4 7 10 11 14 14 16 18 18 18
2 6 66 115 173 257 318 388 444 491 567 607 4 4 6 7 10 12 13 14 17 17
2 7 57 117 181 259 315 376 434 500 565 632 2 3 5 5 7 11 12 12 15 16
2 8 91 157 220 289 358 412 452 521 572 642 1 3 6 6 6 8 9 13 14 15
2 9 90 155 203 252 317 390 434 488 534 596 0 1 2 4 4 5 6 7 8 10
2 10 60 133 189 252 312 351 423 487 521 569 1 2 3 4 6 6 8 9 12 13
3 0 77 158 233 296 334 381 422 487 534 594 2 5 9 11 14 16 17 20 24 25
3 1 74 148 215 284 353 424 468 528 597 636 1 3 5 11 14 14 16 16 17 17
3 2 73 143 205 251 324 386 450 499 560 620 1 2 3 5 9 9 9 11 12 14
3 3 61 131 183 251 312 367 427 473 541 592 0 2 5 8 12 12 15 18 21 22
3 4 56 116 186 248 301 379 436 501 556 618 6 9 9 12 12 12 17 18 18 20
3 5 45 116 188 234 285 336 399 459 502 558 1 4 7 9 11 14 17 19 21 22
3 6 67 136 210 268 329 384 443 499 570 624 2 9 9 11 14 18 20 23 24 26
3 7 60 121 186 243 293 351 424 464 515 577 3 4 5 7 7 10 13 13 14 14
3 8 68 129 189 256 309 372 427 487 565 626 5 5 8 18 21 25 28 30 31 31
3 9 61 140 196 272 312 362 426 512 558 621 3 5 6 8 10 11 14 16 17 21
3 10 45 94 150 233 292 365 425 473 526 598 3 5 6 8 10 12 12 13 16 19
4 0 60 139 208 268 344 407 474 537 594 656 1 2 4 6 7 8 8 9 15 15
4 1 77 150 207 271 331 397 458 523 582 650 5 8 11 14 15 17 17 19 20 22
4 2 58 113 184 254 326 387 436 503 571 636 3 6 7 10 11 11 13 14 14 16
4 3 70 134 209 268 323 393 450 516 582 663 3 5 5 5 5 9 10 11 14 15
4 4 63 109 172 235 285 343 394 464 525 598 1 4 6 7 9 9 10 12 13 15
4 5 77 148 197 270 356 422 483 556 616 675 1 3 5 8 9 10 13 15 18 20
4 6 63 118 176 243 286 352 391 452 522 590 1 2 3 3 3 5 5 6 7 9
4 7 67 134 202 247 314 373 435 477 551 632 3 6 8 11 14 15 16 18 19 21
4 8 91 155 224 289 327 384 438 511 581 645 5 8 11 12 12 13 13 14 18 18
4 9 74 132 188 246 298 353 418 482 535 582 1 2 4 6 7 8 12 12 14 14
4 10 76 163 226 296 353 417 462 521 581 634 1 3 3 4 6 7 8 12 13 13
5 0 77 139 220 284 349 408 463 524 589 649 5 6 6 9 14 16 19 19 21 25
5 1 84 149 198 268 335 388 438 500 555 593 2 5 5 6 9 12 14 15 16 16
5 2 81 172 231 289 342 411 458 516 589 667 5 7 10 12 13 17 17 17 20 20
5 3 76 137 195 253 314 365 410 472 523 583 2 4 6 6 8 11 12 12 13 14
5 4 64 117 180 249 325 389 455 507 560 602 5 7 8 11 11 12 13 16 18 18
5 5 60 114 180 244 306 369 427 490 541 608 2 4 7 8 11 11 11 14 15 17
5 6 72 141 195 241 312 381 445 489 548 596 4 6 7 9 10 10 12 15 16 16
5 7 79 155 209 250 312 370 425 479 524 563 7 8 11 16 19 24 25 28 29 29
5 8 66 109 175 244 297 361 410 482 521 565 4 4 5 5 8 11 11 12 14 15
5 9 71 134 185 222 276 355 410 477 541 596 3 5 7 10 12 12 14 15 16 19
5 10 75 137 203 264 323 378 410 481 525 588 2 2 4 6 8 9 10 11 11 12
6 0 81 153 233 283 338 375 441 510 581 648 4 5 8 9 11 13 14 18 19 19
6 1 69 130 183 244 315 393 445 502 576 640 4 5 5 7 9 12 13 15 15 17
6 2 72 146 204 277 353 407 485 550 624 679 3 3 4 6 7 11 15 19 23 25
6 3 59 133 204 262 335 403 452 490 532 610 1 4 10 14 19 22 25 25 25 26
6 4 77 150 208 277 334 401 471 530 589 632 4 6 11 12 14 16 18 20 21 22
6 5 83 161 196 248 324 387 446 504 560 622 3 4 4 7 9 9 10 12 13 14
6 6 69 128 187 240 278 317 365 429 494 538 1 3 6 9 12 14 22 24 26 27
6 7 66 133 195 272 337 385 456 514 569 640 0 0 1 4 7 7 10 14 14 16
6 8 77 145 201 258 318 369 417 481 529 582 2 4 6 8 11 13 13 16 18 20
6 9 54 119 186 236 289 345 407 464 508 568 3 3 3 6 8 10 14 15 17 18
6 10 59 132 191 231 279 332 395 454 500 536 1 5 7 8 9 10 13 17 18 19
7 0 66 125 192 256 303 352 424 494 548 613 4 5 9 9 10 12 17 18 18 20
7 1 75 136 202 270 344 399 447 515 592 666 2 5 6 10 12 14 15 17 19 20
7 2 43 104 167 237 306 371 411 468 536 595 3 4 4 5 10 11 12 14 15 17
7 3 59 136 204 261 321 373 419 482 542 598 1 3 3 4 6 7 8 10 10 10
7 4 66 150 196 241 311 379 461 521 586 655 5 12 13 16 17 18 22 24 27 27
7 5 75 152 214 262 327 395 464 530 604 658 7 10 13 16 18 22 22 23 23 24
7 6 68 132 180 236 295 347 406 466 531 603 5 7 13 15 17 19 19 21 21 23
7 7 63 128 194 255 307 339 395 453 504 557 1 2 6 9 11 11 15 17 19 22
7 8 65 142 199 254 322 376 410 461 525 599 3 4 4 4 5 6 9 11 13 13
7 9 68 120 164 218 278 338 377 440 475 544 2 2 4 5 5 6 7 9 9 10
7 10 72 128 204 262 328 390 446 496 541 599 4 7 10 12 14 15 19 19 20 24
8 0 69 132 191 258 318 383 462 534 588 650 1 4 6 10 11 13 19 20 20 24
8 1 62 109 173 232 301 359 439 503 562 618 5 10 11 15 17 18 19 21 24 25
8 2 76 152 201 271 339 401 451 505 556 619 2 7 9 12 15 17 18 18 21 26
8 3 58 133 205 254 329 386 443 495 565 633 4 6 8 10 12 13 13 15 17 18
8 4 67 139 208 287 357 425 479 529 599 664 1 6 11 11 11 11 12 16 18 18
8 5 74 150 200 258 321 369 432 500 562 618 2 2 6 9 11 16 19 19 19 19
8 6 58 118 192 254 279 314 363 413 478 528 3 4 5 5 6 6 9 10 10 12
8 7 71 138 189 241 302 331 383 421 464 502 3 5 5 7 10 11 12 14 15 15
8 8 82 151 207 258 317 391 451 505 579 649 4 4 5 6 6 7 10 13 14 14
8 9 59 116 182 223 282 332 395 483 535 599 5 7 9 10 10 12 12 13 14 15
8 10 71 136 211 273 318 377 432 492 546 606 3 7 10 10 12 13 14 14 16 17
9 0 99 160 213 281 340 404 457 513 572 632 5 8 14 17 20 21 25 27 27 28
9 1 79 148 224 294 356 396 459 513 573 625 2 2 4 7 12 12 14 14 15 19
9 2 79 136 200 258 322 377 440 477 535 589 4 5 5 7 9 11 11 12 13 13
9 3 75 138 200 260 328 416 478 550 608 673 4 6 8 12 18 19 20 24 27 29
9 4 70 140 223 299 358 414 483 545 605 659 3 3 4 5 8 8 8 9 10 10
9 5 62 126 202 268 342 399 462 513 565 603 1 5 6 6 8 11 14 15 17 17
9 6 77 148 202 270 321 376 424 483 531 592 2 6 8 11 11 13 13 14 15 18
9 7 79 153 216 275 330 398 453 510 576 626 3 5 9 10 12 14 15 18 21 21
9 8 69 133 179 228 272 334 393 448 500 554 0 2 3 3 5 6 6 8 8 12
9 9 82 140 203 274 330 378 422 467 526 595 5 7 7 10 14 14 14 16 19 21
9 10 76 137 207 286 345 406 461 513 554 627 2 7 10 12 16 18 20 23 25 27
10 0 78 136 187 246 312 369 444 512 567 644 1 3 4 5 7 11 15 17 19 22
10 1 75 139 199 257 318 384 445 512 574 622 5 5 9 9 12 13 14 15 15 16
10 2 65 123 198 271 337 409 467 520 590 649 1 1 5 6 7 9 10 11 12 14
10 3 56 116 172 236 288 356 421 475 529 604 2 2 3 5 6 6 6 6 8 10
10 4 65 131 192 247 295 369 436 500 545 601 6 9 10 12 14 14 17 17 23 26
10 5 76 140 222 287 357 400 454 530 576 631 4 6 7 8 10 13 13 18 18 23
10 6 66 126 184 242 303 365 419 490 552 598 4 6 7 10 10 14 14 16 17 19
10 7 62 131 207 279 345 421 464 511 567 601 1 4 5 5 5 7 10 12 14 15
10 8 73 143 195 247 310 377 445 509 562 630 4 8 9 12 13 13 15 17 18 20
10 9 81 130 202 276 337 393 435 485 537 602 1 2 4 5 6 6 6 7 10 12
10 10 72 104 164 210 282 343 394 428 494 548 4 7 8 11 13 14 15 15 16 17