0 0 65 119 175 257 321 392 470 533 585 654 1 4 7 12 14 16 19 24 25 26
0 1 88 164 247 311 379 441 503 561 623 682 3 5 6 8 10 14 17 17 18 23
0 2 80 154 217 276 336 398 458 514 582 660 6 6 7 7 9 9 10 12 13 14
0 3 66 126 185 259 322 384 449 515 576 635 3 6 8 11 15 17 18 21 21 24
0 4 65 120 190 235 304 361 426 489 555 619 4 7 10 12 15 16 16 19 20 21
0 5 72 139 210 258 321 389 447 506 571 635 2 3 4 7 7 9 9 11 11 11
0 6 67 123 205 269 341 414 482 556 615 679 3 5 7 7 10 11 12 15 17 19
0 7 58 143 229 293 353 421 495 563 624 689 3 6 7 8 9 10 13 14 16 18
0 8 75 142 210 267 343 420 503 575 640 715 2 8 10 10 14 14 14 16 16 19
0 9 72 142 198 265 328 387 457 513 588 654 4 5 7 7 7 11 12 15 17 17
0 10 62 122 177 232 291 370 436 509 562 620 1 2 6 6 7 7 7 8 8 9
1 0 59 121 183 239 305 373 441 503 567 611 4 6 8 10 12 15 17 20 23 23
1 1 77 140 185 247 298 368 432 492 547 615 3 3 7 10 11 14 16 16 18 19
1 2 66 140 217 293 350 422 468 540 610 670 6 9 10 16 18 24 25 27 29 30
1 3 76 116 175 226 275 331 384 451 520 576 2 5 8 11 12 15 17 18 20 22
1 4 77 138 204 268 350 427 486 539 589 657 2 2 2 4 7 11 11 12 14 17
1 5 78 147 212 266 309 374 438 497 559 623 1 6 6 10 11 15 18 20 22 24
1 6 81 125 165 229 285 348 415 474 526 601 1 3 3 7 9 10 12 12 12 14
1 7 60 118 187 253 327 397 469 526 590 650 4 6 8 10 10 14 15 19 21 22
1 8 55 113 178 256 323 378 438 498 563 616 5 5 5 7 9 13 17 18 18 19
1 9 76 152 222 284 344 401 461 526 580 634 3 5 6 6 9 11 11 12 16 18
1 10 68 136 192 249 300 355 406 472 507 560 4 5 8 8 9 11 12 12 14 15
2 0 61 143 210 274 354 425 505 577 634 704 3 4 5 7 7 9 15 15 17 18
2 1 82 145 211 264 329 386 448 494 521 581 5 7 13 15 22 24 25 28 31 34
2 2 71 121 188 270 332 389 456 510 585 647 2 2 5 6 9 11 15 16 16 16
2 3 64 138 212 278 355 412 474 541 588 662 5 10 12 13 13 18 18 18 18 23
2 4 73 145 213 286 347 399 459 525 601 662 1 4 4 7 7 8 10 12 12 13
2 5 47 108 184 246 307 367 439 498 548 602 4 7 9 15 18 25 29 31 32 33
2 6 50 124 181 226 290 334 413 473 553 599 4 10 12 13 14 14 16 18 20 22
2 7 49 108 179 236 305 367 439 502 562 630 4 6 6 8 11 12 13 18 18 18
2 8 67 138 179 255 312 377 431 476 554 608 2 3 6 7 12 15 16 16 16 18
2 9 68 114 173 230 283 347 407 464 521 583 1 1 3 3 4 7 8 8 10 14
2 10 67 129 189 262 326 373 422 472 538 612 3 6 6 7 9 9 9 14 17 21
3 0 68 135 190 256 314 370 429 505 569 633 4 6 8 8 8 8 8 10 11 13
3 1 62 127 207 264 333 399 463 527 583 636 2 2 3 5 9 13 17 19 22 23
3 2 76 138 202 274 337 384 465 540 616 693 1 2 4 7 10 12 15 16 18 24
3 3 78 141 197 253 308 376 440 485 550 627 3 6 7 8 9 16 18 20 22 26
3 4 64 147 208 266 321 397 438 490 555 609 0 1 6 8 10 12 13 13 14 15
3 5 71 141 194 253 300 347 412 476 517 581 4 5 7 7 8 9 11 12 14 16
3 6 73 146 199 285 359 401 465 513 572 646 2 5 10 14 16 17 18 19 19 22
3 7 75 135 191 250 304 376 462 524 583 649 6 8 12 13 14 15 17 18 20 25
3 8 67 120 175 222 291 340 405 455 514 588 3 6 8 10 11 13 16 17 22 26
3 9 73 133 194 264 326 414 489 560 617 651 4 4 5 9 12 13 14 15 17 17
3 10 62 137 192 244 299 340 417 467 520 579 2 3 3 6 9 11 12 15 16 18
4 0 67 133 190 246 301 361 421 498 572 637 4 8 8 11 12 14 15 16 17 18
4 1 75 143 188 250 306 352 418 497 537 607 2 3 7 9 13 16 17 20 20 23
4 2 68 150 202 254 313 380 453 513 579 616 1 4 5 9 9 10 11 14 17 19
4 3 61 144 213 274 325 366 426 493 535 601 3 6 9 10 11 17 18 19 22 24
4 4 68 145 205 278 348 395 459 520 583 649 0 3 5 9 13 13 13 14 17 20
4 5 76 132 189 273 345 428 492 546 592 638 6 7 10 11 13 13 14 15 20 21
4 6 61 120 191 255 309 370 443 499 568 615 2 3 5 6 6 8 8 9 10 12
4 7 54 124 194 255 321 371 429 483 546 603 4 8 12 14 17 19 21 23 24 25
4 8 64 137 193 259 323 411 478 536 601 646 1 3 5 9 12 16 18 18 20 22
4 9 59 126 184 241 296 363 410 480 531 580 1 2 5 6 8 8 9 11 14 17
4 10 78 149 195 248 313 378 424 473 540 585 3 10 12 13 17 21 24 26 29 30
5 0 72 143 190 245 299 360 442 494 541 606 1 6 7 9 13 16 18 18 18 19
5 1 84 134 180 250 318 390 438 502 540 612 0 2 4 6 10 10 11 12 13 14
5 2 57 115 187 234 294 359 441 521 575 636 2 3 7 7 9 11 11 14 15 17
5 3 66 129 216 283 345 417 470 541 606 654 0 2 3 3 4 7 8 8 10 10
5 4 70 136 188 266 320 368 425 490 554 612 2 3 4 7 8 10 12 13 15 18
5 5 77 141 199 248 295 362 421 475 529 591 3 5 7 8 9 13 13 15 15 17
5 6 61 128 188 246 300 361 399 446 507 558 4 7 10 11 12 15 15 17 19 19
5 7 63 146 189 254 300 372 422 485 530 596 3 6 6 8 11 12 12 14 15 16
5 8 66 136 194 270 336 384 442 505 543 595 3 8 11 11 14 15 15 16 17 20
5 9 71 142 203 245 297 380 447 510 543 597 2 4 7 9 10 11 14 15 17 20
5 10 91 142 200 251 313 371 407 467 524 588 3 5 5 6 6 8 10 11 13 15
6 0 68 129 204 275 323 396 454 517 591 671 2 4 8 10 12 15 19 21 22 22
6 1 80 149 218 281 363 406 468 543 606 663 0 1 2 4 6 7 9 12 14 15
6 2 75 123 190 248 311 370 444 523 594 657 4 8 10 12 12 14 15 17 17 18
6 3 72 140 212 257 305 361 423 474 516 574 3 4 8 9 11 12 12 14 16 17
6 4 80 145 192 258 324 400 461 530 597 656 1 4 8 11 12 13 16 17 20 22
6 5 71 138 218 282 347 393 457 506 572 620 5 8 10 11 15 18 18 21 21 23
6 6 75 113 162 225 284 330 387 439 488 543 2 6 8 11 15 17 19 21 23 23
6 7 68 142 196 264 330 382 460 508 577 632 2 2 2 4 7 8 8 9 11 12
6 8 69 149 200 265 322 394 460 520 568 614 2 5 6 8 10 15 16 16 18 20
6 9 80 140 187 237 290 333 372 417 468 525 4 6 9 14 18 19 21 22 23 26
6 10 66 110 146 195 248 291 325 367 432 490 1 2 2 4 5 7 8 9 11 12
7 0 80 132 192 262 321 383 432 495 567 630 4 6 7 9 11 13 13 14 14 16
7 1 82 146 213 274 322 385 447 503 557 602 5 7 10 10 11 13 16 18 19 21
7 2 68 126 184 262 310 362 423 507 562 633 3 5 5 7 7 10 12 17 19 23
7 3 58 134 183 257 311 356 432 493 583 634 2 4 8 10 11 12 13 15 22 22
7 4 64 106 169 216 289 350 405 452 502 557 2 4 6 9 9 11 11 12 12 13
7 5 57 122 174 231 288 348 410 472 549 621 2 5 9 10 13 14 18 20 21 23
7 6 66 121 175 226 298 326 378 435 495 546 2 2 2 2 4 6 7 9 10 10
7 7 71 127 194 230 286 340 400 475 533 599 4 6 6 6 10 11 11 11 14 16
7 8 69 129 191 251 316 388 433 501 571 621 5 7 10 11 11 11 12 14 15 15
7 9 63 128 188 250 313 372 444 493 568 631 1 2 3 4 6 6 10 11 11 13
7 10 74 146 202 254 326 382 451 515 557 594 4 10 13 15 16 17 17 17 18 20
8 0 61 140 204 269 328 389 448 508 566 637 4 5 8 9 11 13 13 15 15 17
8 1 70 122 178 244 319 390 443 509 559 601 2 3 6 10 13 14 17 18 18 21
8 2 58 123 192 269 321 391 449 512 571 628 3 5 8 10 12 12 15 16 18 21
8 3 83 150 207 248 299 352 402 467 529 586 2 4 7 7 9 9 11 13 15 15
8 4 79 142 185 242 292 346 410 453 530 589 4 7 8 10 11 13 13 14 14 14
8 5 52 121 184 233 296 369 413 463 517 589 2 6 6 7 7 9 10 12 14 16
8 6 76 149 209 261 328 378 441 497 542 602 2 6 9 9 11 11 11 15 16 20
8 7 63 126 179 242 277 316 377 436 478 523 1 1 2 4 4 7 8 9 10 11
8 8 71 129 185 254 303 357 403 461 497 551 1 3 4 5 5 8 9 9 10 11
8 9 53 118 178 237 305 366 429 493 541 611 1 3 5 6 9 13 13 13 14 17
8 10 74 137 184 250 316 371 429 483 528 592 2 4 4 5 5 6 7 8 8 10
9 0 77 150 212 277 338 391 463 528 596 647 1 4 10 18 19 19 20 22 25 27
9 1 65 137 209 255 321 392 479 541 600 671 3 6 6 9 11 13 18 21 22 25
9 2 83 143 215 279 346 404 457 523 578 623 3 6 14 16 20 23 24 25 27 28
9 3 56 122 190 271 357 426 472 543 608 676 0 2 4 8 9 12 13 13 13 13
9 4 61 115 169 243 298 348 407 453 493 530 2 4 7 9 10 16 20 23 23 24
9 5 85 142 204 262 324 374 439 478 530 606 3 5 7 7 9 13 14 14 17 18
9 6 64 116 194 257 335 406 478 529 585 634 1 4 4 8 9 9 11 13 18 19
9 7 82 160 227 299 368 435 489 542 598 655 3 5 8 11 14 16 18 18 19 19
9 8 75 131 185 243 294 349 402 450 512 563 2 3 3 5 7 7 9 9 9 11
9 9 60 125 180 226 276 332 379 427 490 550 1 4 6 7 8 13 14 14 15 17
9 10 72 137 195 270 316 372 431 482 541 589 2 3 5 7 8 8 9 10 11 11
10 0 72 127 187 245 285 341 399 452 510 565 1 4 5 6 8 10 15 18 18 21
10 1 74 131 192 263 306 363 435 502 569 621 2 4 9 12 13 14 16 17 22 25
10 2 69 124 182 236 298 355 425 495 553 609 3 5 6 7 9 13 15 18 18 19
10 3 68 128 173 238 322 360 410 458 517 564 0 0 0 3 6 6 9 10 12 16
10 4 86 161 212 258 307 363 434 470 543 605 5 9 11 11 13 16 21 21 23 24
10 5 56 118 192 255 311 373 431 472 535 595 4 5 6 7 9 10 10 11 11 13
10 6 67 116 179 241 294 341 402 460 500 555 1 2 4 6 11 14 15 16 17 17
10 7 55 118 178 230 304 373 436 485 554 618 4 5 7 9 11 13 15 15 16 17
10 8 86 157 223 270 321 397 442 486 546 590 4 8 8 9 9 10 10 10 10 11
10 9 67 120 181 236 304 349 417 469 532 585 2 6 8 11 12 13 13 15 16 18
10 10 60 132 198 249 299 347 403 458 518 570 2 3 4 5 6 6 7 8 9 9