23 20 27 30
8 9 39 44
12 17 36 35
24 31 1 44
15 34 11 40
24 14 34 28
7 29 25 39
13 18 28 41
8 19 31 42
10 24 40 26
10 25 23 42
9 23 35 33
15 13 29 43
12 19 37 32
8 20 32 40
11 24 26 39
11 16 30 43
9 22 26 43
13 25 42 20
12 5 36 47
7 31 36 26
23 23 12 42
29 15 19 37
2 20 27 51
4 16 43 37
10 22 27 41
13 22 27 38
5 19 29 47
5 19 38 38
8 25 29 38
13 19 29 39
8 19 29 44
8 19 34 39
10 22 29 39
10 21 30 39
9 19 29 43
9 19 33 39
11 20 29 40
11 21 29 39
9 20 31 40
9 19 31 41
11 19 30 40
10 22 29 39
10 20 29 41
9 19 32 40
11 21 32 36
10 21 29 40
10 21 31 38
12 7 34 47
4 10 41 45
16 26 11 47
32 26 26 16
9 17 47 27
12 23 27 38
9 18 27 46
14 20 28 38
10 19 33 38
9 22 29 40
11 19 29 41
10 22 30 38
9 20 33 38
13 19 29 39
9 21 29 41
9 20 30 41
9 20 32 39
12 13 36 39
9 17 29 45
10 21 30 39
13 17 31 39
10 19 32 39
10 28 19 43
10 24 25 41
6 19 28 47
6 20 35 39
10 22 29 39
9 23 29 39
9 19 29 43
9 19 33 39
13 19 29 39
9 23 29 39
9 19 30 42
9 19 32 40
11 21 29 39
11 21 29 39
9 20 29 42
9 19 32 40
10 22 29 39
12 19 30 39
9 19 30 42
10 20 30 40
11 20 30 39
10 21 29 40
9 20 31 40
11 20 29 40
14 11 34 41
21 22 43 14
21 17 39 23
4 26 34 36
14 22 7 57
18 23 15 44
12 21 21 46
6 11 46 37
14 15 21 50
15 23 21 41
10 26 23 41
4 16 41 39
11 19 23 47
9 26 23 42
12 21 24 43
10 24 31 35
14 20 26 40
17 17 27 39
6 23 29 42
8 18 32 42
9 19 32 40
13 21 29 37
10 21 30 39
10 19 29 42
9 20 32 39
12 19 29 40
9 22 30 39
9 20 31 40
10 19 30 41
11 20 29 40
10 22 29 39
10 19 30 41
9 19 31 41
12 19 30 39
9 22 29 40
10 19 31 40
9 20 30 41
12 19 29 40
13 30 38 19
16 26 32 26
13 20 33 34
9 19 29 43
9 24 33 34
12 23 31 34
13 19 32 36
9 19 28 44
10 22 32 36
12 23 29 36
12 19 31 38
9 19 29 43
9 19 34 38
11 22 29 38
10 21 29 40
11 19 30 40
9 21 31 39
10 20 31 39
12 20 29 39
9 19 29 43
10 19 31 40
9 20 31 40
9 22 30 39
12 19 29 40
10 21 30 39
11 19 30 40
11 19 30 40
9 20 30 41
16 26 12 46
13 23 21 43
19 21 34 26
10 21 26 43
13 22 32 33
12 19 33 36
5 23 35 37
6 20 28 46
7 27 28 38
11 19 31 39
10 19 31 40
7 19 30 44
8 23 29 40
11 19 29 41
11 20 30 39
8 19 31 42
8 21 32 39
10 20 29 41
10 22 29 39
9 19 30 42
10 19 32 39
11 20 30 39
10 21 30 39
10 20 30 40
11 21 25 43
10 21 29 40
6 19 32 43
7 22 30 41
10 20 31 39
10 19 31 40
9 21 27 43
11 21 29 39
10 20 31 39
10 19 31 40
11 20 30 39
8 21 29 42
9 20 32 39
10 19 30 41
11 21 29 39
10 21 30 39
9 19 31 41
10 20 31 39
11 20 29 40
11 20 29 40
9 20 31 40
9 19 31 41
12 19 29 40
9 23 32 36
10 20 31 39
10 19 29 42
12 20 29 39
10 21 29 40
9 19 32 40
9 19 31 41
12 19 29 40
9 22 31 38
9 22 30 39
10 19 29 42
12 19 29 40
9 21 30 40
9 19 33 39
9 21 30 40
11 19 29 41
11 20 29 40
9 20 30 41
10 20 32 38
10 21 30 39
11 20 30 39
9 19 30 42
10 20 31 39
16 26 13 45
14 25 16 45
16 21 20 43
10 20 31 39
16 14 24 46
7 19 29 45
7 23 31 39
10 20 31 39
9 20 30 41
11 20 30 39
9 21 30 40
11 20 28 41
12 13 33 42
11 16 30 43
10 18 30 42
11 22 28 39
13 18 30 39
9 19 29 43
9 20 32 39
11 21 29 39
10 21 29 40
10 19 30 41
10 19 31 40
10 20 31 39
9 21 30 40
10 19 31 40
11 20 29 40
9 20 31 40
11 21 29 39
10 19 29 42
11 21 29 39
11 19 30 40
9 21 30 40
9 19 30 42
9 21 30 40
11 19 31 39
9 20 29 42
9 21 30 40
10 20 30 40
12 19 30 39
10 20 30 40
9 21 30 40
11 24 21 44
11 22 25 42
14 20 32 34
14 22 29 35
11 13 34 42
13 16 32 39
10 19 31 40
5 23 30 42
6 23 29 42
9 19 33 39
11 20 29 40
10 21 29 40
9 21 29 41
10 19 32 39
11 20 29 40
10 20 30 40
9 20 31 40
10 22 29 39
10 20 30 40
11 20 30 39
10 15 33 42
10 17 31 42
10 20 30 40
8 19 31 42
12 20 27 41
9 21 35 35
10 22 29 39
10 20 31 39
10 20 29 41
10 20 30 40
9 20 31 40
14 14 30 42
11 14 33 42
11 18 31 40
15 21 29 35
11 21 29 39
9 18 31 42
9 19 31 41
12 20 29 39
10 22 29 39
9 19 31 41
9 20 30 41
10 20 31 39
11 20 30 39
10 20 29 41
9 19 32 40
10 21 29 40
10 20 29 41
11 20 29 40
9 19 33 39
9 20 30 41
9 21 30 40
13 19 29 39
9 20 30 41
10 20 29 41
9 22 29 40
10 21 30 39
10 19 31 40
12 19 30 39
10 22 29 39
10 19 29 42
11 19 30 40
9 20 30 41
9 21 30 40
10 19 32 39
10 22 29 39
9 20 30 41
9 19 31 41
10 20 31 39
10 20 30 40
10 20 31 39
10 19 26 45
11 19 29 41
10 20 30 40
11 19 30 40
10 20 29 41
8 21 32 39
10 20 29 41
8 20 30 42
8 21 30 41
8 23 29 40
8 21 30 41
16 22 32 30
14 11 37 38
9 19 30 42
12 21 29 38
9 21 31 39
10 19 30 41
10 19 30 41
10 22 29 39
10 20 31 39
10 21 29 40
9 19 30 42
10 21 30 39
12 19 30 39
9 19 31 41
10 20 30 40
10 20 29 41
11 19 30 40
9 22 30 39
10 21 29 40
11 19 31 39
10 21 29 40
11 19 30 40
9 19 31 41
9 19 30 42
9 22 29 40
10 20 31 39
11 20 30 39
9 20 30 41
9 20 32 39
11 20 30 39
11 19 30 40
15 27 16 42
14 25 17 44
13 19 23 45
9 19 32 40
12 25 23 40
12 20 25 43
10 19 31 40
14 24 31 31
11 23 29 37
10 19 30 41
10 20 31 39
5 22 32 41
11 19 31 39
6 22 29 43
7 21 31 41
9 20 31 40
11 19 31 39
10 19 29 42
10 21 29 40
9 20 32 39
11 19 30 40
10 22 29 39
11 20 29 40
10 20 30 40
10 21 30 39
9 20 31 40
10 19 29 42
10 20 29 41
9 19 31 41
11 19 31 39
11 20 30 39
10 21 29 40
10 19 32 39
9 21 30 40
10 20 30 40
10 21 30 39
10 21 29 40
9 19 33 39
10 19 32 39
10 20 30 40
9 19 30 42
10 19 29 42
11 20 30 39
9 22 30 39
11 21 29 39
12 19 30 39
9 21 30 40
9 20 29 42
10 21 29 40
9 19 31 41
10 21 29 40
10 20 30 40
10 19 32 39
9 19 30 42
13 19 29 39
10 22 29 39
9 19 33 39
10 21 30 39
9 19 30 42
9 19 32 40
10 21 30 39
11 20 30 39
11 19 31 39
10 22 28 40
10 21 30 39
10 20 30 40
9 19 29 43
11 19 29 41
9 21 30 40
9 21 30 40
11 20 30 39
10 20 31 39
9 21 30 40
11 20 29 40
10 20 30 40
9 15 33 43
12 15 30 43
13 18 29 40
10 20 30 40
13 18 31 38
10 21 30 39
11 18 30 41
10 19 30 41
10 19 32 39
10 23 21 46
4 25 31 40
7 21 27 45
10 22 27 41
11 21 28 40
8 19 33 40
8 23 29 40
11 23 34 32
12 19 29 40
12 21 32 35
10 21 32 37
11 21 29 39
8 19 31 42
10 19 31 40
9 21 30 40
10 21 29 40
9 19 30 42
10 21 29 40
12 20 30 38
10 20 30 40
9 21 31 39
10 21 29 40
9 19 32 40
11 20 29 40
10 20 31 39
10 20 30 40
9 20 31 40
11 20 29 40
10 21 29 40
12 15 32 41
11 17 32 40
10 18 30 42
13 23 29 35
10 18 33 39
8 20 31 41
8 21 29 42
8 21 29 42
11 18 32 39
9 19 30 42
10 20 31 39
12 20 29 39
9 20 31 40
9 21 30 40
9 20 30 41
10 20 31 39
11 20 29 40
11 18 29 42
11 20 30 39
10 19 30 41
9 20 30 41
11 20 30 39
10 20 31 39
10 21 29 40
10 19 31 40
10 19 31 40
9 21 29 41
10 19 29 42
11 20 30 39
10 20 30 40
10 21 30 39
10 21 30 39
10 22 29 39
10 20 30 40
10 20 30 40
7 23 31 39
9 18 30 43
12 18 31 39
10 20 31 39
10 18 30 42
13 22 23 42
12 22 25 41
10 20 30 40
13 18 28 41
9 20 29 42
10 18 32 40
11 21 29 39
9 19 31 41
11 19 30 40
10 21 30 39
9 21 29 41
10 20 30 40
10 19 30 41
11 20 30 39
9 20 30 41
9 21 31 39
9 20 30 41
11 20 30 39
12 19 29 40
10 19 31 40
10 21 29 40
10 20 30 40
10 20 30 40
10 20 29 41
9 22 30 39
10 20 30 40
11 21 29 39
10 20 30 40
10 16 30 44
9 19 32 40
12 19 30 39
9 19 31 41
9 20 29 42
11 19 29 41
10 20 30 40
10 21 29 40
9 20 31 40
10 20 30 40
11 22 30 37
10 19 31 40
11 19 29 41
11 20 32 37
12 20 30 38
10 22 29 39
11 21 29 39
10 19 29 42
9 19 31 41
9 21 30 40
11 19 31 39
10 22 29 39
9 20 31 40
12 20 29 39
9 19 31 41
10 20 30 40
9 20 32 39
13 19 29 39
9 21 29 41
10 19 31 40
9 21 30 40
9 20 29 42
9 20 30 41
10 21 30 39
10 19 30 41
11 19 30 40
10 20 30 40
11 20 29 40
10 19 30 41
11 20 29 40
9 20 31 40
9 22 30 39
9 19 30 42
10 20 30 40
11 21 29 39
10 19 31 40
11 20 29 40
11 20 29 40
9 21 30 40
10 19 31 40
9 21 30 40
11 19 29 41
10 20 31 39
10 20 29 41
11 20 30 39
9 20 31 40
11 20 29 40
11 19 29 41
9 20 31 40
10 19 30 41
9 21 30 40
12 19 29 40
9 19 33 39
10 21 29 40
11 19 31 39
9 21 30 40
9 20 30 41
9 20 31 40
10 20 31 39
11 20 29 40
10 19 31 40
9 19 31 41
10 21 29 40
10 20 30 40
11 21 29 39
9 19 31 41
10 22 29 39
11 19 30 40
10 21 30 39
9 22 30 39
10 20 29 41
10 20 31 39
9 21 30 40
11 19 31 39
11 19 30 40
9 20 31 40
10 19 31 40
10 20 30 40
10 20 26 44
10 20 31 39
12 21 27 40
11 21 29 39
10 19 32 39
10 21 29 40
10 20 29 41
11 20 29 40
8 21 31 40
10 20 30 40
8 20 31 41
8 19 32 41
12 19 30 39
9 20 30 41
11 20 30 39
9 21 30 40
12 19 29 40
9 22 30 39
10 19 30 41
10 21 30 39
10 19 30 41
10 20 29 41
11 20 30 39
10 19 31 40
9 22 30 39
10 19 30 41
11 19 30 40
10 21 29 40
9 19 32 40
10 19 30 41
10 22 29 39
11 20 29 40
10 21 30 39
9 20 29 42
10 20 29 41
10 21 30 39
10 19 31 40
11 21 29 39
10 20 29 41
10 19 31 40
9 19 31 41
10 20 31 39
9 21 30 40
11 19 30 40
9 20 30 41
10 19 29 42
10 20 31 39
11 19 30 40
9 22 29 40
10 20 29 41
12 19 30 39
9 21 30 40
11 20 30 39
11 20 29 40
10 21 29 40
9 20 30 41
10 21 30 39
9 19 32 40
11 19 29 41
9 22 29 40
11 19 31 39
9 20 30 41
9 21 31 39
12 19 29 40
11 19 31 39
9 19 30 42
10 19 31 40
11 20 30 39
9 20 31 40
13 19 29 39
9 21 29 41
9 19 30 42
12 19 29 40
9 21 29 41
10 20 31 39
12 20 29 39
10 19 31 40
9 20 30 41
9 21 29 41
11 20 30 39
9 19 32 40
9 19 31 41
11 20 29 40
9 21 31 39
10 21 30 39
12 20 29 39
9 20 31 40
10 19 31 40
10 19 31 40
11 21 29 39
10 21 30 39
10 19 31 40
11 20 30 39
11 19 30 40
9 21 29 41
10 21 29 40
9 21 30 40
11 20 29 40
10 20 31 39
10 21 29 40
10 20 30 40
11 19 29 41
9 21 30 40
11 19 30 40
12 20 29 39
9 21 31 39
11 19 29 41
9 20 31 40
9 19 30 42
11 19 30 40
11 20 29 40
9 20 32 39
9 21 30 40
11 20 30 39
11 19 31 39
10 20 29 41
10 21 29 40
10 20 30 40
10 20 31 39
10 20 30 40
9 21 30 40
9 20 29 42
9 22 30 39
15 12 32 41
10 13 35 42
11 18 31 40
10 19 30 41
10 21 29 40
10 20 30 40
11 19 30 40
9 20 32 39
12 19 29 40
9 21 31 39
10 22 29 39
10 20 29 41
9 20 30 41
11 21 29 39
10 19 31 40
9 21 31 39
9 22 29 40
11 20 30 39
9 19 31 41
10 21 30 39
10 19 30 41
10 19 30 41
10 19 31 40
9 22 29 40
11 20 29 40
10 19 29 42
9 21 30 40
10 20 30 40
9 20 30 41
14 22 34 30
13 25 31 31
10 21 34 35
9 19 31 41
11 20 32 37
11 21 30 38
10 20 27 43
11 22 28 39
9 20 31 40
11 21 29 39
9 20 30 41
10 20 30 40
10 16 32 42
10 19 31 40
9 23 29 39
10 19 29 42
9 19 31 41
10 20 30 40
11 20 30 39
11 20 29 40
10 22 29 39
9 20 31 40
9 19 30 42
10 19 30 41
9 21 30 40
10 21 30 39
11 19 29 41
10 20 30 40
10 19 31 40
9 22 30 39
10 20 29 41
10 20 29 41
10 20 29 41
9 21 31 39
10 21 30 39
10 19 30 41
10 20 31 39
12 19 30 39
10 20 30 40
10 21 29 40
9 21 31 39
10 20 30 40
9 22 30 39
11 19 30 40
10 21 29 40
10 20 30 40
10 19 30 41
10 20 31 39
10 21 29 40
9 22 29 40
11 19 31 39
9 22 29 40
13 19 29 39
10 20 30 40
9 21 30 40
11 20 30 39
9 20 30 41
10 21 29 40
9 22 30 39
9 19 32 40
12 19 29 40
10 20 30 40
9 19 30 42
9 19 33 39
9 22 30 39
9 22 29 40
11 19 29 41
9 21 30 40
10 20 31 39
10 20 29 41
10 20 30 40
11 19 31 39
10 22 29 39
9 20 31 40
10 20 31 39
9 20 31 40
10 19 32 39
9 21 29 41
10 21 30 39
9 21 31 39
11 19 30 40
10 20 30 40
11 19 29 41
10 19 31 40
10 19 30 41
11 21 29 39
10 19 30 41
11 21 29 39
9 21 29 41
11 20 29 40
11 20 30 39
10 20 30 40
12 19 30 39
11 20 29 40
9 20 29 42
10 21 30 39
11 20 30 39
10 20 31 39
9 19 29 43
11 19 30 40
11 19 31 39
10 19 31 40
10 20 29 41
10 20 29 41
11 19 30 40
10 21 29 40
11 19 29 41
10 19 31 40
10 21 30 39
9 20 30 41
10 21 29 40
11 19 30 40
10 21 30 39
10 19 30 41
10 19 30 41
9 20 32 39
10 20 29 41
9 20 30 41
11 19 31 39
12 19 30 39
9 21 30 40
10 20 30 40
10 20 30 40
10 21 29 40
10 20 29 41
10 20 31 39
9 22 30 39
11 20 29 40
11 20 29 40
9 20 30 41
13 12 32 43
11 17 31 41
10 21 30 39
11 19 30 40
11 19 30 40
10 19 31 40
9 22 29 40
9 21 31 39
9 20 31 40
10 19 30 41
10 21 29 40
10 20 30 40
10 20 30 40
10 19 31 40
11 20 30 39
10 21 29 40
9 21 31 39
9 19 32 40
10 20 29 41
11 19 30 40
11 19 30 40
9 21 29 41
11 20 29 40
11 20 29 40
10 21 30 39
11 20 29 40
9 21 30 40
9 20 32 39
10 20 29 41
10 21 30 39
9 21 30 40
13 18 29 40
9 23 29 39
11 19 30 40
9 21 30 40
9 20 30 41
10 20 30 40
9 21 30 40
11 19 30 40
9 19 30 42
10 20 30 40
11 21 31 37
11 20 29 40
10 21 30 39
9 19 29 43
11 21 29 39
9 20 31 40
10 21 29 40
10 19 30 41
11 20 30 39
9 20 31 40
10 20 30 40
12 20 29 39
10 20 31 39
11 20 29 40
10 20 29 41
10 20 31 39
9 20 31 40
12 17 30 41
9 20 32 39
11 19 30 40
10 19 31 40
9 19 29 43
10 20 31 39