24 27 24 25
10 7 38 45
12 14 38 36
9 31 7 53
28 21 15 36
12 6 28 54
5 19 52 24
11 28 36 25
14 32 13 41
12 24 19 45
17 16 47 20
2 29 26 43
4 20 44 32
5 16 30 49
8 31 26 35
13 16 27 44
12 16 37 35
8 23 31 38
12 22 24 42
12 14 29 45
6 18 37 39
8 21 29 42
12 19 29 40
11 22 32 35
8 19 32 41
10 22 30 38
10 24 28 38
10 18 34 38
4 24 28 44
11 20 31 38
7 19 29 45
8 21 33 38
10 23 29 38
12 19 31 38
8 19 29 44
8 21 33 38
9 22 31 38
15 19 28 38
9 19 30 42
9 22 30 39
10 21 28 41
12 19 30 39
10 19 29 42
9 21 31 39
10 21 29 40
10 19 31 40
9 19 31 41
12 19 31 38
15 33 5 47
18 25 10 47
23 31 21 25
4 25 41 30
14 14 28 44
13 19 30 38
3 24 34 39
5 22 32 41
11 26 14 49
14 17 20 49
9 22 27 42
13 25 54 8
20 28 31 21
14 12 33 41
15 20 35 30
8 32 22 38
16 12 30 42
16 12 23 49
13 16 29 42
3 31 34 32
6 20 39 35
6 16 30 48
17 18 29 36
6 26 32 36
6 21 37 36
9 19 29 43
14 21 29 36
10 22 32 36
10 21 33 36
12 19 29 40
10 21 30 39
7 20 30 43
7 21 32 40
9 15 30 46
18 19 21 42
12 23 23 42
18 32 34 16
14 33 31 22
13 17 28 42
13 21 35 31
10 25 33 32
8 24 35 33
9 18 24 49
14 21 32 33
19 22 26 33
10 25 32 33
9 17 28 46
13 20 34 33
16 22 29 33
11 21 35 33
10 17 29 44
7 21 37 35
13 20 32 35
13 20 30 37
7 18 30 45
13 20 27 40
11 22 30 37
8 23 31 38
9 19 29 43
11 22 29 38
12 20 30 38
9 20 33 38
9 20 29 42
15 12 32 41
12 16 34 38
9 20 32 39
10 18 29 43
10 19 31 40
11 20 30 39
9 22 30 39
9 19 29 43
11 20 30 39
11 19 31 39
9 22 30 39
10 20 28 42
11 19 30 40
9 21 30 40
11 20 29 40
10 21 29 40
9 20 31 40
17 20 41 22
13 28 32 27
18 13 33 36
9 14 31 46
14 20 24 42
14 20 27 39
12 15 31 42
9 15 34 42
12 19 27 42
9 23 27 41
16 25 28 31
10 19 35 36
10 20 29 41
11 20 31 38
10 23 29 38
7 19 33 41
10 19 32 39
8 22 29 41
9 21 30 40
11 19 30 40
10 20 30 40
9 20 31 40
11 21 31 37
12 22 22 44
12 20 29 39
9 17 32 42
10 18 31 41
10 22 29 39
11 19 30 40
10 19 31 40
9 20 30 41
11 21 29 39
11 20 29 40
10 19 31 40
9 19 32 40
10 21 29 40
16 25 31 28
9 22 34 35
11 20 31 38
9 19 29 43
12 21 29 38
9 21 32 38
9 21 31 39
10 19 29 42
10 19 30 41
11 21 29 39
9 20 31 40
10 20 30 40
11 20 29 40
10 21 29 40
9 19 32 40
10 20 29 41
18 24 37 21
17 23 32 28
9 23 32 36
10 17 29 44
12 21 31 36
11 19 32 38
11 20 29 40
9 21 29 41
11 19 32 38
10 21 31 38
11 20 29 40
12 21 29 38
10 20 31 39
6 20 30 44
9 16 33 42
12 18 30 40
9 21 30 40
10 19 30 41
11 23 25 41
12 20 29 39
9 21 31 39
9 19 31 41
11 21 29 39
9 20 30 41
11 20 29 40
10 19 31 40
11 20 30 39
9 20 30 41
9 20 31 40
11 19 30 40
10 22 29 39
10 20 30 40
9 20 30 41
11 19 31 39
10 19 30 41
13 19 26 42
9 22 28 41
9 20 32 39
11 20 28 41
9 21 31 39
10 22 28 40
10 19 30 41
10 21 28 41
11 21 29 39
10 20 31 39
11 19 30 40
9 21 29 41
10 19 31 40
11 20 29 40
10 20 31 39
9 21 29 41
9 21 30 40
12 19 29 40
10 19 32 39
10 19 31 40
10 19 29 42
11 20 30 39
9 21 31 39
10 21 29 40
10 20 30 40
10 19 31 40
9 20 30 41
11 19 30 40
10 20 29 41
12 23 33 32
10 20 31 39
10 19 29 42
10 20 31 39
4 23 32 41
6 22 31 41
8 20 30 42
12 19 30 39
10 22 25 43
9 20 30 41
10 21 27 42
12 20 28 40
12 18 29 41
9 23 33 35
10 18 32 40
13 20 32 35
12 22 29 37
9 19 31 41
9 21 32 38
11 20 30 39
11 20 29 40
9 19 31 41
11 19 30 40
9 22 30 39
11 20 29 40
9 19 31 41
9 20 31 40
9 21 31 39
11 19 29 41
11 20 29 40
10 22 29 39
9 20 31 40
9 20 31 40
11 19 31 39
10 20 30 40
11 19 29 41
10 21 29 40
10 19 30 41
9 20 30 41
11 19 30 40
14 24 35 27
13 25 31 31
13 19 30 38
10 21 28 41
9 21 31 39
10 20 30 40
13 19 29 39
9 19 31 41
9 21 29 41
9 20 31 40
11 20 29 40
11 20 29 40
9 20 32 39
9 21 30 40
12 19 29 40
10 19 29 42
9 22 30 39
9 20 32 39
11 20 29 40
10 19 31 40
11 20 29 40
9 20 30 41
10 19 31 40
9 21 30 40
10 19 31 40
15 22 36 27
12 22 32 34
11 20 29 40
11 23 29 37
11 22 30 37
11 19 31 39
8 20 30 42
9 20 31 40
12 20 29 39
9 21 31 39
10 19 29 42
11 20 30 39
9 20 31 40
9 21 31 39
11 19 29 41
9 20 30 41
11 21 29 39
10 20 30 40
9 19 32 40
10 20 29 41
11 20 30 39
9 23 29 39
9 20 29 42
10 19 30 41
11 19 30 40
10 19 31 40
11 19 31 39
9 22 30 39
9 21 31 39
9 22 29 40
10 19 30 41
12 20 29 39
9 19 33 39
9 21 29 41
10 20 29 41
10 19 30 41
10 20 30 40
10 21 29 40
10 20 29 41
11 19 30 40
11 21 30 38
10 21 29 40
9 20 30 41
12 19 31 38
11 20 31 38
10 21 30 39
9 20 31 40
10 20 29 41
9 20 30 41
9 19 30 42
12 20 29 39
9 20 30 41
9 21 30 40
11 19 31 39
11 21 29 39
10 22 29 39
10 19 30 41
10 19 30 41
12 20 29 39
11 20 30 39
10 20 31 39
10 20 29 41
7 21 31 41
8 22 31 39
9 19 29 43
9 20 32 39
12 20 29 39
9 21 29 41
10 19 29 42
10 21 29 40
9 22 30 39
9 21 30 40
10 19 30 41
11 21 29 39
9 21 30 40
9 20 30 41
10 19 30 41
11 20 29 40
11 19 29 41
10 20 31 39
12 20 29 39
10 19 31 40
10 20 30 40
9 20 31 40
11 19 30 40
10 21 30 39
10 19 31 40
10 22 29 39
9 21 30 40
11 19 30 40
10 20 31 39
11 19 30 40
11 19 29 41
10 20 30 40
10 20 30 40
11 20 29 40
10 20 30 40
8 19 32 41
10 27 29 34
10 21 31 38
10 19 29 42
9 19 33 39
10 20 30 40
11 20 29 40
10 20 30 40
9 20 31 40
10 21 29 40
10 19 30 41
10 22 30 38
11 19 32 38
10 20 31 39
10 20 30 40
9 19 31 41
9 25 26 40
10 20 30 40
12 20 26 42
11 19 29 41
9 22 30 39
10 19 31 40
10 19 30 41
11 19 29 41
10 20 29 41
10 20 31 39
9 21 30 40
9 20 32 39
11 20 30 39
10 20 29 41
10 20 31 39
11 20 30 39
12 12 33 43
12 17 30 41
10 18 31 41
10 22 29 39
10 19 32 39
9 19 31 41
12 20 29 39
10 19 30 41
10 20 31 39
10 21 29 40
11 20 29 40
10 21 29 40
9 19 32 40
11 20 29 40
11 20 29 40
9 20 31 40
9 21 30 40
12 23 31 34
9 20 31 40
11 20 33 36
14 12 35 39
12 16 30 42
9 19 29 43
9 23 29 39
9 20 31 40
11 19 30 40
10 19 29 42
10 22 29 39
10 19 32 39
10 21 29 40
10 20 30 40
9 22 29 40
10 20 31 39
13 19 29 39
9 21 31 39
9 19 30 42
9 19 32 40
12 20 29 39
10 21 29 40
9 19 30 42
11 19 30 40
10 21 29 40
11 19 31 39
10 19 29 42
9 20 30 41
10 22 29 39
9 20 31 40
10 21 29 40
10 19 30 41
9 21 30 40
9 21 30 40
10 19 32 39
13 19 29 39
10 20 31 39
11 21 29 39
11 20 29 40
10 19 29 42
10 20 30 40
10 21 29 40
9 19 31 41
10 20 31 39
10 20 31 39
11 20 29 40
11 20 29 40
11 21 29 39
10 20 29 41
11 20 30 39
10 18 30 42
9 20 30 41
13 18 29 40
10 19 31 40
10 20 30 40
9 22 29 40
10 20 30 40
10 23 30 37
10 20 30 40
11 19 32 38
11 20 30 39
9 20 30 41
9 22 27 42
10 19 30 41
11 20 29 40
11 20 29 40
9 20 31 40
9 19 31 41
9 21 29 41
10 21 33 36
10 19 30 41
11 22 30 37
12 20 30 38
9 21 29 41
10 21 30 39
9 19 32 40
10 20 29 41
10 20 30 40
11 21 29 39
9 20 32 39
9 21 29 41
11 19 31 39
10 20 30 40
10 20 30 40
10 20 30 40
11 20 30 39
10 19 31 40
9 20 29 42
11 19 29 41
9 22 30 39
11 20 30 39
10 20 30 40
10 21 29 40
10 19 30 41
10 20 30 40
10 20 31 39
10 19 30 41
11 19 29 41
8 20 31 41
10 21 29 40
8 22 30 40
9 21 31 39
11 19 29 41
11 19 30 40
10 21 30 39
11 20 30 39
9 19 30 42
9 20 30 41
11 19 30 40
11 21 29 39
9 21 31 39
9 19 32 40
11 20 29 40
10 20 30 40
11 20 29 40
9 20 29 42
9 19 32 40
11 19 29 41
9 22 29 40
10 20 29 41
14 22 37 27
12 26 29 33
11 20 31 38
9 19 30 42
9 21 31 39
11 20 30 39
11 19 30 40
9 19 30 42
10 20 30 40
10 22 29 39
11 20 30 39
9 20 30 41
11 19 31 39
9 20 30 41
9 19 31 41
11 20 29 40
9 21 30 40
10 19 31 40
11 19 29 41
12 20 29 39
10 22 29 39
9 21 30 40
10 20 31 39
9 21 30 40
10 19 31 40
11 20 29 40
9 20 31 40
12 19 30 39
10 19 31 40
10 19 30 41
9 19 32 40
10 20 29 41
13 19 29 39
10 19 31 40
11 20 30 39
10 21 29 40
9 20 30 41
10 20 29 41
10 21 29 40
10 19 31 40
9 19 32 40
11 19 31 39
10 21 29 40
9 22 29 40
11 19 29 41
11 19 29 41
9 21 30 40
11 21 29 39
9 19 30 42
10 21 30 39
10 21 30 39
10 19 31 40
10 20 30 40
9 20 31 40
9 20 31 40
9 21 31 39
10 22 28 40
9 20 32 39
10 20 29 41
10 20 29 41
12 15 32 41
10 18 31 41
10 20 30 40
10 20 30 40
11 19 31 39
9 19 32 40
9 21 29 41
9 20 30 41
10 21 29 40
10 20 31 39
9 21 29 41
11 20 29 40
9 21 30 40
9 19 30 42
10 19 29 42
10 20 29 41
9 22 29 40
12 19 32 37
10 19 31 40
9 22 30 39
12 19 30 39
10 19 31 40
10 20 29 41
9 22 30 39
11 19 29 41
10 21 29 40
10 19 31 40
11 19 30 40
9 21 29 41
10 20 30 40
9 19 31 41
11 20 30 39
9 20 30 41
10 19 31 40
11 20 30 39
9 19 30 42
11 22 28 39
9 19 32 40
9 19 31 41
11 20 29 40
9 21 29 41
9 21 31 39
12 20 29 39
9 19 31 41
9 21 30 40
11 19 30 40
10 20 29 41
10 19 30 41
9 20 32 39
9 20 31 40
9 22 29 40
10 19 30 41
10 20 30 40
9 19 32 40
10 20 30 40
11 19 29 41
13 20 30 37
9 20 30 41
9 19 29 43
11 21 31 37
10 21 31 38
11 20 30 39
10 20 31 39
10 20 30 40
9 21 30 40
9 22 29 40
10 19 30 41
11 21 29 39
10 19 31 40
9 21 31 39
9 19 33 39
10 20 30 40
11 20 29 40
11 19 31 39
10 20 31 39
11 20 30 39
9 19 30 42
9 20 30 41
9 21 30 40
10 21 27 42
11 20 29 40
10 20 29 41
9 19 32 40
10 19 31 40
10 20 31 39
10 21 30 39
11 19 30 40
10 20 31 39
10 21 29 40
11 19 29 41
10 21 30 39
12 19 29 40
9 19 30 42
9 20 29 42
10 19 32 39
9 20 31 40
11 19 31 39
9 22 29 40
10 21 29 40
10 19 32 39
12 20 29 39
9 20 30 41
9 20 31 40
12 20 29 39
11 19 30 40
11 21 29 39
10 19 29 42
12 19 30 39
10 20 29 41
10 20 29 41
10 19 30 41
12 19 29 40
11 21 29 39
9 21 30 40
9 19 32 40
10 19 31 40
10 20 30 40
9 20 30 41
10 22 29 39
11 20 30 39
11 20 29 40
10 20 30 40
10 20 31 39
9 19 32 40
10 19 31 40
9 20 31 40
10 19 30 41
10 21 30 39
10 21 29 40
10 20 29 41
10 20 30 40
11 19 29 41
9 20 32 39
11 20 30 39
10 20 29 41
9 22 30 39
10 20 31 39
11 20 29 40
9 20 30 41
11 18 31 40
10 20 29 41
10 18 31 41
9 20 30 41
9 21 30 40
10 21 29 40
10 18 30 42
11 18 32 39
10 19 31 40
9 21 30 40
11 19 30 40
11 20 30 39
9 20 30 41
15 25 20 40
9 23 24 44
9 21 29 41
9 19 32 40
9 20 32 39
11 20 29 40
10 19 29 42
10 20 31 39
12 19 30 39
9 21 30 40
11 20 30 39
9 20 31 40
10 20 29 41
11 20 30 39
9 21 30 40
9 20 30 41
11 19 30 40
12 19 29 40
9 20 30 41
10 20 30 40
9 21 29 41
11 20 30 39
10 19 31 40
11 21 29 39
9 20 30 41
10 20 31 39
11 20 29 40
10 20 30 40
11 19 30 40
10 19 30 41
10 20 29 41
9 23 29 39
9 20 31 40
10 20 31 39
11 20 30 39
10 19 31 40
9 21 31 39
11 20 29 40
10 21 30 39
9 21 29 41
11 19 29 41
11 20 30 39
9 21 30 40
9 20 30 41
11 20 29 40
11 19 29 41
10 20 31 39
11 19 29 41
9 20 30 41
9 19 32 40
10 19 30 41
10 19 30 41
11 19 30 40
11 20 29 40
9 22 30 39
10 19 30 41
10 21 30 39
10 19 29 42
10 21 29 40
10 20 30 40
11 19 29 41
10 21 30 39
9 22 30 39
10 20 29 41
9 19 33 39
10 20 30 40
9 20 29 42
11 19 30 40
9 20 30 41
11 20 29 40
9 21 30 40
11 19 29 41
10 19 30 41
10 20 31 39
10 21 29 40
9 20 31 40
11 19 30 40
11 20 30 39
11 20 29 40
11 19 29 41
10 20 31 39
10 19 30 41
10 20 30 40
9 21 29 41
12 20 29 39
10 21 30 39
12 19 30 39
10 19 30 41
9 20 31 40
10 21 29 40
10 20 30 40
10 21 29 40
11 19 30 40
9 20 31 40
10 20 30 40
10 21 29 40
9 20 30 41
14 21 34 31
11 21 31 37
10 20 31 39
9 19 32 40
9 20 31 40
10 20 30 40
11 20 30 39
16 23 21 40
9 23 26 42
10 22 27 41
9 19 31 41
11 21 28 40
11 19 30 40
10 22 28 40
9 20 31 40
12 21 30 37
11 20 28 41
11 21 29 39
11 19 30 40
10 20 29 41
10 20 31 39
9 20 31 40
11 21 29 39
11 19 29 41
11 19 30 40
9 21 30 40
10 20 30 40
10 19 31 40
10 21 29 40
10 22 29 39
9 20 32 39
11 19 30 40
9 20 31 40
10 21 30 39
9 20 29 42
11 20 29 40
9 22 29 40
10 20 30 40
9 22 29 40
10 20 30 40
11 13 31 45
12 17 31 40
11 19 30 40
14 27 32 27
10 21 33 36
10 19 30 41
11 19 31 39
10 20 30 40
10 21 29 40
10 20 30 40
9 19 32 40
10 21 30 39
10 20 30 40
11 19 29 41
9 22 30 39
11 19 29 41
11 20 30 39
10 20 31 39
10 20 31 39
9 21 29 41
10 21 29 40
10 21 30 39
11 19 30 40
11 19 29 41
11 19 30 40
10 20 30 40
9 20 31 40
10 19 30 41
9 20 31 40
10 21 30 39
11 20 30 39
12 19 29 40
9 20 30 41
9 20 31 40
10 19 30 41
10 20 30 40
10 21 30 39
11 20 29 40
10 20 30 40
11 19 30 40
10 20 29 41
12 19 29 40
10 19 31 40
9 23 29 39
9 19 30 42
10 21 30 39
9 22 30 39
11 20 30 39
10 21 29 40
11 20 30 39
9 20 30 41
10 20 29 41
9 20 31 40
9 19 31 41
10 20 29 41
10 20 29 41
10 20 30 40
11 20 30 39
10 20 30 40
10 21 29 40
10 20 30 40
12 14 32 42
12 18 30 40
9 21 30 40
10 18 31 41
10 18 30 42
11 24 32 33
11 19 31 39
10 20 29 41
11 20 30 39
9 21 29 41
9 20 30 41
10 20 31 39
10 21 30 39
12 20 29 39
11 19 29 41