0 0 4 8 15 22 32 43 53 63 75 81 1 1 2 2 3 6 6 6 6 7
0 1 7 14 25 35 43 50 58 70 78 88 2 2 3 4 6 7 9 9 9 9
0 2 8 21 33 40 47 55 70 81 88 98 0 2 4 4 6 6 6 6 9 11
0 3 9 15 24 32 40 44 51 60 66 74 0 0 1 2 2 6 6 6 7 7
0 4 5 11 19 24 33 46 54 63 70 79 3 3 4 4 5 8 8 9 10 11
0 5 4 14 22 27 34 41 50 60 72 83 0 2 5 5 5 5 6 6 8 9
0 6 11 21 23 36 45 54 65 74 80 91 0 2 2 3 3 5 5 5 6 6
0 7 7 18 26 37 45 54 63 70 80 93 0 0 0 1 1 3 6 6 7 7
0 8 8 21 32 39 49 61 74 84 96 107 1 2 2 3 3 4 4 5 6 7
0 9 10 18 35 47 54 66 77 85 94 105 0 0 0 1 3 4 5 6 7 8
0 10 11 23 34 43 51 59 70 74 83 91 1 1 1 3 3 3 4 4 5 5
1 0 9 18 29 37 44 54 67 80 86 91 3 4 4 6 7 7 8 8 8 9
1 1 12 21 29 38 47 56 65 70 82 93 1 2 2 2 3 3 3 3 3 3
1 2 8 13 19 27 32 38 48 56 66 74 1 4 5 5 7 7 7 8 8 8
1 3 10 17 23 33 46 50 57 63 65 72 3 3 4 5 5 6 6 7 7 7
1 4 9 20 28 33 41 53 64 69 79 85 0 0 1 1 2 4 4 4 5 6
1 5 12 20 23 32 39 50 55 65 68 71 2 3 3 3 3 3 3 3 3 3
1 6 11 20 30 38 43 44 56 64 74 85 1 2 4 5 5 5 5 6 7 7
1 7 7 14 24 31 41 52 62 67 74 84 1 2 3 3 3 3 3 3 3 3
1 8 8 17 32 38 51 59 69 79 84 96 2 3 3 3 4 4 5 5 5 5
1 9 8 16 23 35 45 52 59 65 71 78 2 2 2 3 7 8 8 9 10 12
1 10 7 21 30 41 46 52 57 61 70 78 1 2 4 5 7 7 7 7 9 10
2 0 8 18 27 37 46 54 61 67 72 84 0 2 3 3 3 4 4 4 5 6
2 1 10 20 34 44 53 64 70 81 87 98 0 1 1 1 3 3 3 4 5 5
2 2 11 21 26 37 42 47 59 70 78 89 1 1 1 2 3 4 4 4 5 7
2 3 9 17 24 30 38 47 58 68 76 84 1 4 5 6 7 8 10 11 12 13
2 4 13 18 24 30 42 54 60 70 80 87 1 3 6 7 8 8 8 8 9 11
2 5 10 22 30 40 51 56 67 72 74 80 1 3 3 4 4 4 5 5 5 5
2 6 9 15 26 31 44 49 59 68 80 92 0 0 0 0 0 0 2 2 2 3
2 7 7 14 20 30 42 46 54 67 74 78 0 2 5 5 5 5 5 5 5 6
2 8 13 23 28 33 43 53 67 74 85 93 2 3 3 3 3 3 3 5 6 6
2 9 8 15 23 33 39 51 62 69 74 78 1 2 3 3 5 5 7 7 8 8
2 10 6 13 18 23 32 38 51 60 67 78 0 0 0 1 2 2 3 3 4 6
3 0 6 13 22 37 44 50 59 69 78 86 1 2 3 4 4 4 4 7 8 9
3 1 11 18 26 31 44 53 63 67 74 83 2 2 2 3 3 4 5 5 5 7
3 2 9 24 35 45 55 65 76 81 85 94 0 0 2 2 3 4 4 5 7 7
3 3 8 12 22 37 45 50 59 65 76 82 1 1 1 1 1 1 2 4 5 5
3 4 10 19 27 33 39 47 59 69 81 90 1 1 2 2 2 2 2 3 4 5
3 5 7 16 25 37 47 57 65 76 82 93 0 0 0 0 2 2 2 3 3 4
3 6 6 21 31 37 46 56 69 75 81 93 1 1 1 2 4 4 7 8 9 9
3 7 5 9 16 24 38 47 53 60 71 81 0 0 1 2 4 5 5 5 5 6
3 8 6 18 27 42 44 50 60 64 77 84 1 1 1 1 1 4 5 7 7 8
3 9 9 17 27 37 50 63 68 81 90 100 1 2 2 2 2 3 7 10 10 10
3 10 8 17 24 33 39 46 58 62 71 82 1 2 2 4 4 4 4 4 5 5
4 0 6 16 23 38 43 50 54 59 67 77 2 2 3 3 4 6 6 6 6 6
4 1 8 15 23 28 35 43 53 63 68 78 0 2 2 3 3 3 4 6 6 7
4 2 4 13 21 30 42 47 56 63 72 82 0 1 1 1 3 5 6 7 7 7
4 3 7 17 24 33 41 51 64 74 83 89 0 1 1 3 3 3 6 7 7 7
4 4 11 22 28 38 46 57 69 80 91 96 0 1 2 2 2 2 4 4 4 5
4 5 9 20 27 39 45 56 63 73 80 88 1 1 1 1 1 2 2 2 2 2
4 6 4 10 17 25 35 44 47 55 63 70 0 1 1 2 2 3 3 3 3 3
4 7 10 16 27 32 41 52 58 66 74 82 0 0 2 2 3 5 5 5 5 8
4 8 11 18 27 38 53 59 69 75 78 86 0 1 2 2 3 4 5 5 5 9
4 9 9 15 28 35 45 51 61 67 73 82 0 2 3 5 6 6 8 8 9 9
4 10 2 13 23 34 48 53 60 68 74 79 2 3 6 7 8 8 9 11 11 11
5 0 8 21 34 44 56 66 75 78 89 100 1 3 4 4 5 5 5 6 8 8
5 1 12 19 28 37 40 49 57 69 79 86 0 0 1 1 1 2 4 4 4 6
5 2 10 17 23 32 42 49 54 62 67 79 0 0 0 1 1 1 1 2 3 4
5 3 9 21 28 37 47 56 63 74 83 94 2 4 5 5 6 6 7 8 10 11
5 4 11 20 27 33 43 54 64 76 82 94 0 1 2 3 3 5 6 7 8 8
5 5 9 15 21 28 33 43 52 62 71 79 0 0 0 0 0 1 2 4 4 4
5 6 6 11 23 34 44 51 57 65 71 79 2 2 5 6 6 8 9 10 11 12
5 7 6 11 21 29 40 50 57 62 69 76 1 2 2 2 3 3 4 4 4 4
5 8 6 14 24 33 43 52 58 64 73 77 1 1 1 2 4 6 6 6 6 7
5 9 8 19 27 37 43 50 54 64 73 80 1 1 1 1 2 3 3 3 3 4
5 10 12 25 34 38 46 55 65 70 80 91 1 2 2 2 2 2 3 3 3 5
6 0 12 24 35 41 53 64 73 81 92 98 1 2 3 3 5 5 5 6 6 6
6 1 11 18 21 29 37 48 57 62 67 73 1 1 3 4 6 8 8 10 10 11
6 2 10 19 29 34 39 47 56 60 76 84 2 4 5 5 5 5 6 6 6 6
6 3 13 22 25 36 45 49 58 69 80 90 1 4 5 6 6 7 9 9 9 9
6 4 7 18 27 36 46 54 63 70 78 87 0 1 3 3 3 7 7 8 10 10
6 5 6 13 22 32 40 43 46 56 68 74 0 0 1 1 1 1 5 6 8 8
6 6 9 15 25 31 42 51 62 73 81 89 1 4 4 4 5 6 6 6 6 7
6 7 10 15 24 35 45 54 67 79 85 93 2 4 5 5 5 6 6 6 6 9
6 8 9 19 28 39 49 63 74 83 91 96 1 1 1 1 1 1 1 1 1 1
6 9 6 16 26 33 36 45 54 58 65 70 0 0 2 3 3 3 3 5 5 5
6 10 5 19 29 45 51 64 70 79 87 99 1 2 4 6 8 9 9 9 10 10
7 0 9 19 27 38 46 52 58 67 80 87 0 0 0 0 2 3 3 3 3 3
7 1 11 19 28 36 43 50 56 65 66 75 0 0 0 2 3 3 5 6 7 7
7 2 6 11 23 35 46 50 61 70 75 81 0 1 3 3 6 6 7 9 9 9
7 3 11 24 30 37 50 63 73 79 93 99 0 0 0 0 1 2 2 3 3 3
7 4 11 16 24 33 44 51 56 66 72 79 1 1 2 3 4 4 4 4 4 4
7 5 10 16 27 36 46 53 60 65 77 86 2 3 3 3 3 3 3 4 5 6
7 6 9 16 25 31 40 52 58 71 77 83 0 0 1 2 2 2 3 5 5 5
7 7 11 18 29 45 53 63 72 84 90 101 0 2 3 5 6 7 9 9 11 11
7 8 9 19 25 34 41 50 54 67 72 81 1 1 2 2 3 5 7 9 10 10
7 9 9 20 30 37 46 51 58 63 69 79 0 0 3 6 8 9 9 9 9 11
7 10 9 22 28 38 44 50 59 68 81 87 0 1 2 3 3 3 3 5 5 6
8 0 11 17 25 35 42 53 68 73 80 86 1 1 1 3 4 5 5 6 6 6
8 1 6 14 20 29 34 43 53 58 63 75 1 1 1 1 1 1 2 2 3 4
8 2 7 13 20 26 36 48 57 64 68 73 1 1 4 5 6 7 8 8 8 8
8 3 12 23 34 42 51 59 70 77 87 94 1 2 3 5 5 5 7 7 7 8
8 4 7 18 32 44 51 60 70 81 87 91 0 3 4 5 5 5 6 7 7 7
8 5 11 23 30 39 46 53 60 65 76 85 2 3 3 3 5 5 7 8 8 9
8 6 8 16 24 32 38 45 56 62 66 72 1 1 3 4 4 5 6 7 9 9
8 7 8 20 29 37 42 45 55 61 71 79 2 2 2 2 4 5 6 6 6 7
8 8 8 18 23 32 40 45 50 55 61 69 0 1 1 2 3 3 4 4 4 4
8 9 10 16 23 30 39 50 59 68 76 84 0 0 0 0 1 1 4 4 4 5
8 10 11 25 33 40 47 57 63 73 82 95 0 2 3 5 6 6 7 9 9 9
9 0 7 14 22 33 47 57 63 74 86 92 0 0 2 2 4 5 5 6 7 7
9 1 7 17 23 30 40 48 60 69 75 84 2 2 3 3 4 5 5 5 5 5
9 2 6 20 28 39 45 57 66 73 83 90 1 1 2 4 5 6 6 6 6 6
9 3 6 11 15 28 38 44 52 60 72 80 3 4 4 8 8 9 9 12 12 12
9 4 14 28 38 46 58 64 73 82 91 102 1 2 3 4 6 7 7 7 7 10
9 5 9 19 30 42 54 58 65 73 79 86 1 3 3 3 5 5 7 7 7 7
9 6 3 8 21 31 43 48 52 62 70 74 0 0 0 1 3 4 4 4 4 4
9 7 13 22 30 44 50 55 64 70 76 86 1 1 1 2 3 3 3 3 3 3
9 8 10 18 30 33 43 46 54 63 72 78 0 2 2 2 4 5 7 7 7 7
9 9 9 18 27 32 36 45 53 59 68 72 1 2 2 2 4 4 4 4 5 5
9 10 9 18 32 40 47 61 66 76 84 97 2 3 3 3 3 4 4 5 5 6
10 0 9 20 27 34 41 50 64 70 77 88 1 1 3 4 5 6 6 6 6 6
10 1 9 17 24 36 45 51 59 64 72 78 1 1 3 5 5 7 9 9 9 9
10 2 11 20 34 42 57 65 70 80 89 98 0 0 0 1 1 1 5 6 7 9
10 3 10 17 29 42 50 60 70 79 85 90 2 2 4 4 8 8 8 9 10 11
10 4 7 16 29 37 48 59 67 73 90 100 0 1 3 4 4 4 5 5 6 6
10 5 7 14 21 32 39 51 60 75 84 91 1 2 3 3 3 3 4 4 6 7
10 6 7 17 23 27 34 39 54 57 64 68 2 3 3 4 5 6 7 7 10 10
10 7 10 18 28 38 48 56 63 71 78 86 2 3 3 3 4 4 6 8 8 8
10 8 9 16 22 34 41 52 68 76 82 91 0 3 3 5 6 7 7 8 9 9
10 9 11 18 27 45 54 66 73 83 93 103 0 0 1 1 1 2 4 5 5 5
10 10 10 16 24 32 40 46 60 73 84 92 0 0 0 0 0 0 3 3 5 5