1.0 1
0.0001693531033743383 0.9750042338275844
0.0009249825640673528 0.9500462491282035
0.0011768590509650242 0.9250882644288223
0.0011642734032115292 0.9250873205052409
0.0011525459385110424 0.9250864409453884
0.04272534375433677 0.9282044007815753
0.06466012887927602 0.9064660128879275
0.05488174397354347 0.8818602179966929
0.05449647945577769 0.8818120599319721
0.05446189549019416 0.8818077369362742
0.05409999687263592 0.8817624996090794
0.05406736461640855 0.881758420577051
0.05372721248932106 0.8817159015611651
0.05369640706935116 0.8817120508836689
0.053376512294602475 0.8816720640368253
0.05334741817036917 0.8816684272712962
0.03304049257263529 0.8791300615715795
0.03345449807682639 0.8791818122596032
0.03336412565767099 0.8791705157072089
0.0337628751739286 0.8792203593967411
0.03367866866994624 0.8792098335837434
0.034062455953220876 0.8792578069941526
0.033983920898597295 0.8792479901123247
0.03435306589872062 0.8792941332373401
0.0342797546524574 0.8792849693315572
0.034634598894176555 0.8793293248617721
0.03456610552250183 0.8793207631903128
0.03490700791919544 0.8793633759898996
0.03484296370426765 0.8793553704630334
0.035170296784789154 0.8793962870980986
0.03511036627593009 0.8793887957844913
0.035424512801671214 0.8794280641002089
0.035368390337395125 0.8794210487921743
0.035669740285187615 0.8794587175356485
0.03561714692449498 0.879452143365562
0.03590609481021681 0.8794882618512772
0.03585677562028335 0.8794820969525354
0.03613371813786594 0.8795167147672333
0.03608743979262366 0.879510929974078
0.03635277374344563 0.8795440967179307
0.03630932239382659 0.8795386652992283
0.0365634428821263 0.8795704303602658
0.03652262226409194 0.8795653277830114
0.03676592113494117 0.8795957401418676
0.03672755088599251 0.879590943860749
0.03696041538347776 0.8796200519229347
0.03692432954225514 0.8796155411927818
0.03714714116674491 0.879643392645843
0.0371131868336804 0.8796391483542101
0.026769250618810088 0.8783461563273512
0.17832569593420908 0.8767488543901314
0.2869305819286937 0.8752128518375214
0.2764019699536893 0.8733703447418957
0.26588356506675176 0.8715296238866816
0.3496616097473083 0.8699323219494616
0.3387896555689989 0.8677579311137998
0.3295350347170092 0.865907006943402
0.31864218777560693 0.8637284375551214
0.3059573888447301 0.861191477768946
0.2984202615726873 0.8596840523145375
0.37637356584238874 0.8596840523145375
0.40444078414459533 0.8511101960361488
0.4585825310405412 0.8511101960361488
0.4585825310405412 0.8511101960361488
0.42740487184640075 0.8425363397577602
0.3885908424409454 0.83186248167126
0.4109620846429045 0.8232886253928713
0.4108812337458745 0.8232643701237624
0.4105904068773035 0.8231771220631912
0.4105134211396856 0.8231540263419056
0.3587922042241641 0.8076376612672492
0.3313220817472869 0.7826796765678683
0.3076683154155789 0.7576839103954527
0.28716838459476524 0.732688144223037
0.28716806257072697 0.7326880234640226
0.28716776433440144 0.7326879116254006
0.2871674877615182 0.7326878079105693
0.287167230953669 0.7326877116076258
0.2871669922106252 0.7326876220789844
0.28716677000645585 0.732687538752421
0.30927294387395426 0.7409773539527329
0.3092398135576888 0.7409649300841333
0.30928367923566075 0.7409813797133727
0.30925368121705515 0.7409701304563957
0.30929336419182624 0.740985011571935
0.3093244100053382 0.7409966537520019
0.3093478636418292 0.741005448865686
0.30936466928108164 0.7410117509804056
0.3093756773808772 0.741015879017829
0.30938165177164556 0.7410181194143671
0.3093763447137724 0.7410161292676647
0.30936795327069627 0.7410129824765112
0.30935693808658005 0.7410088517824676
0.30934370970561054 0.741003891139604
0.30935945384213 0.7410097951907988
0.3093707050778686 0.7410140144042008
0.30936169420399734 0.741010635326499
0.30937186674531864 0.7410144500294946
0.30937849212345225 0.7410169345462947
0.3051365494838239 0.739426206056434
0.34457226029803517 0.7378289041192142
0.37951270956848027 0.7362929015666042
0.4115023386332737 0.7351760523849732
0.4392422101733962 0.7336400498323632
0.4356771421859492 0.7319466425383259
0.43135464240258803 0.7298934551412293
0.4274971319974079 0.7280611376987688
0.42292299689056084 0.7258884235230164
0.41904403458398026 0.7240459164273907
0.4137082853866527 0.72151143555866
0.4087142492435715 0.7191392683906965
0.40222041782856766 0.7160546984685696
0.39512339209027286 0.7126836112428797
0.390516937607156 0.7104955453633991
0.4177805122412998 0.7088902561206499
0.41407402030229873 0.7070370101511494
0.43891756363504797 0.7054317209084002
0.4347426868927896 0.7032399106187146
0.42963569695334103 0.7005587409005041
0.42456344227141557 0.6978958071924932
0.41565834730150975 0.6932206323332927
0.4017048966603798 0.6858950707466993
0.3966858967945826 0.683260095817156
0.39333168207631797 0.6814991330900669
0.3836856253690619 0.6764349533187576
0.4109305290889452 0.6907385277716963
0.40437000171191356 0.6872942508987546
0.3977832965956338 0.6838362307127077
0.3942533042727756 0.6819829847432073
0.39007821952928085 0.6797910652528725
0.3849683212412483 0.6771083686516555
0.4100054571060035 0.6755030014083021
0.40371748704089355 0.6720446178724916
0.39486209817194134 0.6671741539945678
0.3860512601032296 0.6623281930567764
0.3709227801415438 0.6540075290778492
0.3559375790013019 0.6457656684507161
0.38444511136512854 0.6614448112508208
0.38445849507206703 0.6614521722896369
0.38445849507206703 0.6614521722896369
0.4005958976277209 0.6703277436952466
0.4005958976277209 0.6703277436952466
0.4117458911597528 0.661753887416858
0.4000258325386837 0.6400154995232104
0.4000130049475651 0.6400078029685391
0.400006345810037 0.6400038074860224
0.3999406966478917 0.6399644179887352
0.39987893620181325 0.6399273617210881
0.3998208054545354 0.6398924832727213
0.4029194308345472 0.6417516585007284
0.3973218837752435 0.6383931302651462
0.3898819275508816 0.633929156530529
0.38706400518926776 0.6322384031135607
0.3870639622507891 0.6322383773504735
0.3870639622507891 0.6322383773504735
0.3869183753093772 0.6321510251856264
0.3868020784019706 0.6320812470411824
0.3867734444334785 0.6320640666600872
0.38677148342312767 0.6320628900538767
0.38677127779727133 0.6320627666783629
0.38669561692836124 0.6320173701570168
0.3869978867435428 0.6321987320461258
0.38692750335737125 0.6321565020144229
0.3868599545006831 0.63211597270041
0.3867951706956646 0.6320771024173988
0.3867330772162664 0.63203984632976
0.3870200105680926 0.6322120063408556
0.38696226741937645 0.632177360451626
0.38690691545392675 0.6321441492723562
0.3868538837531803 0.6321123302519083
0.387123534666521 0.6322741207999127
0.3870742805677616 0.632244568340657
0.38732389589290717 0.6323943375357444
0.38727825780047015 0.6323669546802823
0.38750880566716667 0.6325052834003001
0.3874666091586015 0.632479965495161
0.38767910680331213 0.6326074640819874
0.3876401692135782 0.632584101528147
0.38783566030939287 0.6327013961856358
0.3877997946440715 0.632679876786443
0.3879793302937116 0.632787598176227
0.3881423966430023 0.6328854379858015
0.3882900899933999 0.63297405399604
0.3882600788295673 0.6329560472977405
0.3883950574547819 0.6330370344728692
0.38836758879618555 0.6330205532777115
0.388341147205147 0.6330046883230883
0.3883157121205021 0.6329894272723013
0.3884416348811594 0.6330649809286957
0.3884183672030788 0.6330510203218473
0.38853325379742826 0.6331199522784571
0.3886368203578874 0.6331820922147325
0.3887299884131973 0.6332379930479185
0.38871090222540683 0.6332265413352441
0.3886925099273058 0.6332155059563835
0.3886747995056263 0.6332048797033758
0.3887615814094869 0.6332569488456923
0.3887454380358125 0.6332472628214877
0.388824343991816 0.6332946063950897
0.3883544005701746 0.6330126403421049
0.3883670739619059 0.6330202443771437
0.3883732994497639 0.6330239796698585
0.3883657600339634 0.6330194560203781
0.3883657600339634 0.6330194560203781
0.38492728278529553 0.6309563696711774
0.3849197414640658 0.6309518448784397
0.3849197414640658 0.6309518448784397
0.381966294659635 0.6291797767957812
0.3786135537487343 0.6271681322492407
0.3786135537487343 0.6271681322492407
0.3786135537487343 0.6271681322492407
0.37846832199577596 0.6270809931974657
0.3783873127483398 0.627032387649004
0.3783753484133378 0.6270252090480029
0.37837029042716896 0.6270221742563015
0.37811555855986073 0.6268693351359167
0.3778777039765012 0.6267266223859009
0.37765568734089233 0.6265934124045356
0.3774484875841455 0.6264690925504875
0.3776143994272207 0.6265686396563327
0.3776092878087411 0.6265655726852449
0.3774127008151746 0.626447620489105
0.377229077027073 0.626337446216244
0.3770575333313412 0.6262345199988049
0.37720898830263044 0.6263253929815784
0.3772039525993988 0.6263223715596394
0.37735030373253614 0.6264101822395218
0.377345551791554 0.6264073310749326
0.3774867838289831 0.6264920702973901
0.37748229816908885 0.6264893789014534
0.37761842326667694 0.6265710539600063
0.37761418762760973 0.6265685125765661
0.37774524197739107 0.6266471451864348
0.3777412412211081 0.626644744732665
0.3778672818695912 0.6267203691217549
0.377863501890761 0.6267181011344569
0.37798460377266635 0.6267907622636001
0.3779810314173794 0.6267886188504278
0.3780972846162346 0.6268583707697409
0.3780939076080808 0.6268563445648487
0.37820541484816206 0.6269232489088974
0.37820222172092444 0.6269213330325549
0.3783090960894607 0.6269854576536765
0.3783060761257555 0.6269836456754535
0.37840843901996724 0.6270450634119806
0.3784055821952379 0.627043349317143
0.3785035614854983 0.6271021368912992
0.37850085841683406 0.6271005150501006
0.3785945868148744 0.6271567520889249
0.37931724421820595 0.6275903465309238
0.37931724421820595 0.6275903465309238
0.37448178776869595 0.6246890726612178
0.3618391250750246 0.6171034750450148
0.35737806896657476 0.614426841379945
0.3805143586185462 0.6128214741365916
0.40187105368283416 0.6112161848938424
0.3990214104268927 0.6093639167774805
0.39371605674988924 0.6059154368874282
0.3903441497933779 0.6037236973656958
0.3874929884920297 0.6018704425198195
0.4078001002490891 0.6002650676681354
0.40505451512597707 0.5984117977100347
0.42400917438191893 0.5968064220673435
0.44165661585126026 0.5952010464921639
0.4391003824086987 0.5933477772463067
0.43607701494689494 0.591155835836499
0.4330536752701968 0.5889639145708928
0.42935341878803146 0.586281228621323
0.4245832346007067 0.5828228450855125
0.42088335413870426 0.5801404317505607
0.414159957512571 0.5752659691966142
0.4104596593527735 0.572583253030761
0.3989663373104503 0.5642505945500768
0.39419583262495517 0.5607919786530927
0.39419583262495517 0.5607919786530927
0.3894287573855217 0.5573358491045035
0.38277159644680786 0.552509407423936
0.40256802314744916 0.5668618167819008
0.40256802314744916 0.5668618167819008
0.39759435277816435 0.5632559057641694
0.3908713695063738 0.5583817428921212
0.3908713695063738 0.5583817428921212
0.40311353696238705 0.5672573142977309
0.40311343627385127 0.5672572412985424
0.4011669516599419 0.5658460399534582
0.3990481716811382 0.5643099244688253
0.39904814612792777 0.5643099059427478
0.39904814612792777 0.5643099059427478
0.4003264449893672 0.5652366726172915
0.4002354722298731 0.5651707173666581
0.40021332771167306 0.5651546625909631
0.40021182366541463 0.5651535721574259
0.40021166970409966 0.5651534605354724
0.4001358086818091 0.5650984612943117
0.40006122666911337 0.5650443893351074
0.3999881503838494 0.564991409028291
0.39991676034636325 0.5649396512511136
0.40008983635569306 0.5650651313578777
0.4000243391598401 0.5650176458908843
0.39616126206328733 0.5622169149958836
0.3961706660192894 0.5622237328639852
0.3961759022440165 0.5622275291269123
0.3961759022440165 0.5622275291269123
0.3961759022440165 0.5622275291269123
0.39422940895646097 0.5608163214934345
0.39422407823684436 0.5608124567217124
0.392116755452748 0.5592846477032426
0.39211151028951424 0.559280844959898
0.39399517856477084 0.5606465044594591
0.39399517856477084 0.5606465044594591
0.39396196314076914 0.5606224232770579
0.39396196314076914 0.5606224232770579
0.39396968844398034 0.560628024121886
0.39393747155929776 0.5606046668804912
0.39387442015402624 0.5605589546116694
0.3938660537552849 0.5605528889725819
0.3938211466754068 0.5605203313396703
0.3936684061422597 0.5604095944531386
0.3937343919077424 0.5604574341331137
0.39369317133301585 0.5604275492164369
0.3937565918557643 0.5604735290954295
0.3937187809545491 0.5604461161920484
0.39377971040200166 0.5604902900414516
0.3937449707839081 0.5604651038183338
0.39380348406965165 0.5605075259504979
0.3937715165016425 0.5604843494636912
0.3938276888684322 0.5605250744296137
0.3937982281886558 0.5605037154367758
0.39385213484188575 0.5605427977603675
0.3938249455913961 0.5605230855537625
0.393876661378963 0.5605605794997486
0.39385153404417356 0.5605423621820262
0.393901133178795 0.5605783215546267
0.39387788095395126 0.560561463691615
0.39392543677415487 0.5605959416612627
0.39390389276706234 0.5605803222561205
0.39394947753324705 0.5606133712116045
0.3939294923492943 0.5605988819532388
0.3939731770714649 0.5606305533768123
0.39395461672094995 0.5606170971226891
0.39399647101494073 0.5606474414858325
0.39397921509711364 0.5606349309454078
0.39401930706633476 0.5606639976230932
0.3940032471906562 0.5606523542132262
0.3940416433306137 0.5606801914146953
0.394026681741699 0.5606693442627322
0.39406344686475675 0.560695998976949
0.3940494952425096 0.5606858840508199
0.3940846924205689 0.5607114020049129
0.39485733656635674 0.561271569010609
0.3948624886322106 0.5612753042583531
0.3948624630810163 0.5612752857337372
0.39486237781619765 0.5612752239167438
0.39482490356576233 0.5612480550851782
0.3947388872281307 0.5611856932403951
0.3947181749768557 0.5611706768582208
0.39471677936483945 0.561169665039509
0.394716635262471 0.5611695605652919
0.3946325854703953 0.561108624466037
0.39505375949026456 0.5614139756304422
0.39497239268640943 0.5613549846976472
0.3948951512552759 0.5612989846600754
0.3948218321651913 0.5612458283197641
0.39522574929184556 0.5615386682365884
0.39515497912732045 0.5614873598673078
0.39554301491787575 0.5617686858154604
0.3954750586286072 0.5617194175057406
0.3958459704203859 0.5619883285547802
0.3957810316784693 0.5619412479668906
0.396133918041377 0.5621970905799987
0.3964675944961216 0.5624390060096885
0.39640626516263633 0.5623945422429117
0.39634774490320984 0.5623521150548275
0.39666312130735665 0.562580762947834
0.39660790046256517 0.5625407278353601
0.3969043228146041 0.5627556340405884
0.396852403013162 0.5627179921845429
0.3971300447110875 0.5629192824155388
0.39738798104416223 0.563106286257018
0.3976264815508927 0.5632791991243976
0.3975803377978316 0.5632457449034283
0.39753612357354756 0.5632136895908224
0.3974937789174643 0.563182989715162
0.3977178240023877 0.5633454224017316
0.39767847907132664 0.5633168973267122
0.3978859571119235 0.563467318906145
0.3980762604175785 0.5636052888027449
0.3980410951421842 0.563579793978084
0.3982164791328416 0.5637069473713104
0.39837639290466886 0.5638228848558853
0.3983452863638222 0.5638003326137714
0.3983154028465727 0.5637786670637656
0.3982867113987755 0.5637578657641125
0.3984361504965136 0.5638662091099726
0.39857198330338156 0.5639646878949519
0.3985467552650496 0.5639463975671613
0.3985225154714818 0.5639288237168246
0.39864804416624156 0.5640198320205254
0.3986258121738324 0.5640037138260288
0.3947173387607383 0.5611700706015356
0.39472704092142574 0.5611771046680339
0.39473236186521754 0.5611809623522831
0.3947323487607682 0.5611809528515572
0.3947271635773054 0.5611771935935468
0.3947271635773054 0.5611771935935468
0.3946958472878564 0.5611544892836962
0.3946990010350188 0.561156775750389
0.3974436789548191 0.5631466672422442
0.3973843254742312 0.563103635968818
0.3973768633943185 0.5630982259608812
0.3972997997786215 0.5630423548395009
0.3973258612481929 0.5630612494049402
0.397342264534787 0.5630731417877209
0.3973352081766552 0.5630680259280754
0.3972646685275385 0.5630168846824658
0.3972900259263466 0.5630352687966016
0.3972259936286557 0.5629888453807756
0.3972506520664609 0.5630067227481844
0.3971924108366204 0.5629644978565501
0.39721637664237414 0.5629818730657216
0.3971633003803304 0.5629433927757399
0.39718658097508225 0.5629602712069349
0.397138121331173 0.5629251379651008
0.39716072510947226 0.5629415257043677
0.39711640085463923 0.5629093906196138
0.39713833707403906 0.5629252943786787
0.39709772501091367 0.5628958506329127
0.3971190036891906 0.5629112776746635
0.3970817308766979 0.5628842548856063
0.3971023626964067 0.5628992129548951
0.39706809979249214 0.5628743723495571
0.39708809601248224 0.5628888696090499
0.3970565515679618 0.5628659998867727
0.39707592394149144 0.5628800448575817
0.39704683950284353 0.5628589586395618
0.3970656002019345 0.5628725601464029
0.39703874610229795 0.5628530909241662
0.39705690764798635 0.5628662580447904
0.3970320793840116 0.5628482575534087
0.3970496545821578 0.5628609995720647
0.3970266696900197 0.5628443355252646
0.39704367157235426 0.5628566618899571
0.39702236692953125 0.5628412160239105
0.3970388086996228 0.5628531363072268
0.39701903819029594 0.5628388026879649
0.39703493317414074 0.5628503265512524
0.39701656566556986 0.5628370101075385
0.3970319272665134 0.5628481472682225
0.39701484485176686 0.5628357625175313
0.3947987825376754 0.561229117339815
0.3947987582606845 0.5612290997389966
0.3923694662310009 0.5594678630174761
0.3923694419558297 0.5594678454179769
0.39032143029054833 0.5579830369606479
0.39032143029054833 0.5579830369606479
0.39268125918404356 0.559693912908432
0.39259990362835834 0.5596349301305602
0.39258051438602465 0.5596208729298683
0.3925792177596051 0.5596199328757141
0.3925790804006772 0.5596198332904914
0.3925502281940129 0.5595989154406598
0.392522788813384 0.5595790218897039
0.39249669193437897 0.5595601016524252
0.3924718707669864 0.5595421063060655
0.39244826188520776 0.559524989866776
0.3928125298120726 0.559789084113753
0.39278964625649143 0.5597724935359567
0.39314089915074174 0.5600271518842881
0.3931188393236524 0.5600111585096483
0.3934557577676915 0.5602554243815767
0.39343460031883437 0.5602400852311553
0.3937561775804699 0.5604732287458412
0.3937359820885631 0.5604585870142087
0.39404150677476985 0.5606800924117085
0.3940223148912704 0.5606661782961714
0.39431134758798236 0.5608757270012876
0.3945834476377637 0.5610729995373791
0.39483851823133065 0.561257925717715
0.39507667876032165 0.5614305921012337
0.3950593215738228 0.561418008141022
0.39504276368041 0.5614060036682977
0.3950269697796796 0.5613945530902681
0.39524973855131695 0.5615560604497052
0.3952349969075326 0.5615453727579616
0.3952209337406789 0.5615351769619926
0.395428441401442 0.5616856200160459
0.3954153488266645 0.5616761278993322
0.39560781442900794 0.5618156654610311
0.3955956564783053 0.5618068509467719
0.39577373466791316 0.5619359576342375
0.39576247098269135 0.5619277914624516
0.3959268685039712 0.5620469796653795
0.3959164556297033 0.5620394303315355
0.3960679124661614 0.5621492365379674
0.3960583049775954 0.5621422711087571
0.39619757826203356 0.5622432442399748
0.3961887297223811 0.5622368290487267
0.3963165802850228 0.562329520706642
0.3964334270478854 0.5624142346097174
0.3971483425792324 0.562932548369944
0.39715706786959803 0.5629388742054591
0.39716198220335364 0.5629424370974319
0.39716196903701967 0.5629424275518398
0.39715687531631966 0.5629387346043323
0.39714443534153904 0.5629297156226164
0.3970884343404984 0.5628891148968618
0.39708103550905705 0.5628837507440669
0.39706513197823246 0.562872220684219
0.3971779473733106 0.5629540118456507
0.3971631268810867 0.5629432669887884
0.39727202996247146 0.5630222217227923
0.39725820586463995 0.5630121992518644
0.3962343638467962 0.5622699137889278
0.3962327409416783 0.5622687371827173
0.39616167445711836 0.5622172139814113
0.39616017126572295 0.5622161241676495
0.3960933682667057 0.5621676919933621
0.39609197413284825 0.5621666812463155
0.3960291460574324 0.562121130891639
0.39602785145384156 0.5621201923040356
0.3959687316340545 0.56207733043469
0.39596752802449087 0.5620764578177564
0.39591186991175176 0.5620361056860206
0.39591074963199197 0.5620352934831947
0.3958583251606905 0.5619972857415011
0.39585728131554243 0.5619965289537687
0.39580787939751666 0.5619607125632001
0.3958069057714919 0.5619600066843322
0.3957603309134509 0.5619262399122524
0.3957594218931025 0.5619255808724998
0.39571549292874025 0.5618937323733372
0.395714643434988 0.5618931164903668
0.39567319236351606 0.5618630644635496
0.395672397792545 0.5618624883995956
0.3956332687155468 0.561834119818772
0.3956325248870803 0.5618335805431338
0.39559557303589893 0.5618067904510273
0.3955948761478312 0.5618062852071781
0.3955599669940904 0.5617809760707161
0.39555931358261515 0.5617805023473965
0.3955263220249165 0.561756583468065
0.395525708929415 0.5617561389738264
0.395494518549713 0.5617335259485425
0.39549394288177364 0.5617331085892865
0.39546444526540253 0.5617117228174173
0.3954639043814331 0.5617113306765396
0.3954359984952176 0.5616910989090333
0.3954354899721888 0.5616907302298374
0.39540908159551824 0.5616715841567512
0.39546136731445763 0.5617094913029823
0.39546660341520307 0.5617132874760228
0.39546658035076127 0.5617132707543024
0.3954655156152979 0.5617124988210915
0.3954497336640506 0.5617010569064373
0.39537276268754706 0.5616452529484721
0.3953545970576011 0.5616320828667614
0.3953533908930249 0.5616312083974436
0.39535327120494335 0.5616311216235845
0.3952857185011105 0.5615821459133057
0.39538845863356953 0.5616566325093384
0.3953270462624421 0.561612108540271
0.3954203321130885 0.5616797407819897
0.39536452748806256 0.5616392824288459
0.39544919177680893 0.561700664038187
0.3955194605582422 0.5617516089047262
0.3954751971172658 0.5617195179100183
0.3955388914518445 0.5617656963025878
0.39549873731642066 0.5617365845544056
0.3954569457911853 0.5617062856986099
0.39552013476916353 0.5617520977076442
0.3954822136484367 0.5617246048951172
0.39544319421412966 0.5616963158052446
0.395403436523854 0.5616674914797948
0.3954698524680861 0.5617156430393629
0.39552601747192345 0.5617563626671451
0.3955729842107066 0.5617904135527629
0.39561173246893516 0.5618185060399786
0.39558718714322844 0.5618007106788412
0.3955615548697713 0.5617821272805849
0.3955351156518145 0.5617629588475661
0.3955769117338603 0.5617932610070493
0.3955529408050693 0.5617758820836759
0.3955907888192052 0.5618033218939245
0.39562234371427246 0.5618261991928482
0.3956032767785955 0.5618123756644824
0.39558357991607157 0.5617980954391525
0.3956146070508434 0.5618205901118621
0.39564044318202063 0.5618393213069656
0.39562479965519504 0.561827979750017
0.3956481768701716 0.5618449282308751
0.3956673737014952 0.5618588459335847
0.3956828734811772 0.5618700832738541
0.3956951138223761 0.5618789575212233
0.39570448983939827 0.5618857551335644
0.395697508550514 0.5618806936991232
0.39570598674693536 0.5618868403915288
0.3956996691770601 0.5618822601533692
0.3957073353148608 0.5618878181032747
0.39570161846504204 0.5618836733871561
0.3930201416328011 0.5599396026837814
0.393001307650549 0.5599259480466486
0.3930130669936277 0.5599344735703806
0.3930180572494131 0.5599380915058251
0.39301803223071474 0.5599380733672688
0.3930130173902925 0.5599344376079627
0.3930002316944115 0.5599251679784489
0.39294749033141685 0.5598869304902777
0.39294049229816486 0.5598818569161701
0.3929228862501578 0.559869092531365
0.39290333042426606 0.5598549145575934
0.39289854830863424 0.5598514475237604
0.3928797184626436 0.559837795885417
0.39287539890997153 0.5598346642097299
0.392976254453764 0.5599077844789795
0.3929576697349043 0.5598943105578063
0.392953758260938 0.5598914747391806
0.3929358684540839 0.5598785046292114
0.392932318089095 0.5598759306145944
0.3929150999964965 0.5598634474974604
0.3929118701136565 0.5598611058324015
0.3928953010672019 0.5598490932737219
0.3928923564125282 0.5598469583990834
0.39287641428879433 0.5598354003593764
0.3928737241750212 0.5598334500268909
0.39285838740620255 0.5598223308694974
0.3928559250404739 0.5598205456543441
0.39284117262170654 0.5598098501507377
0.39283891454292164 0.5598082130436186
0.3928247260364629 0.559797926376436
0.3928226516427988 0.5597964224410296
0.3928090071794743 0.5597865302051194
0.3928070983303296 0.5597851462894894
0.3927939786086141 0.5597756344912457
0.3927922192881825 0.5597743589839328
0.3927796055712406 0.5597652140391499
0.39277798160329175 0.559764036662387
0.3927658557142692 0.5597552453928456
0.39276435451961556 0.5597541570267218
0.3927526988354379 0.5597457066556929
0.3927513092250964 0.5597446991881954
0.39274010666900355 0.559736577335028
0.39273881866729804 0.5597356435337915
0.3927280527003165 0.5597278382077299
0.39272685739316954 0.5597269716100484
0.39271651200470087 0.5597194712034086
0.3927154014091789 0.5597186660216551
0.39270546110686133 0.5597114593024749
0.3927044280587033 0.5597107103425604
0.39269487785768586 0.5597037864468227
0.39275539298422424 0.559747659913563
0.39276022698370344 0.5597511645631854
0.39276020506974985 0.5597511486755691
0.39275909389782826 0.5597503430759259
0.39161367792243357 0.5589199164937648
0.3916125317525185 0.5589190855205763
0.39159941315982777 0.5589095745408755
0.3915265686341105 0.5588567622597306
0.3915095360506862 0.558844413636748
0.3915084129693526 0.5588435994027812
0.3915082961368973 0.558843514699251
0.3914535268889436 0.5588038069944845
0.39140118028177945 0.5587658557042905
0.3913511671484937 0.5587295961826584
0.39163068410315743 0.5589322459747896
0.3915837807078609 0.5588982410131995
0.39153895215038825 0.558865740309032
0.39149612020997115 0.5588346871522296
0.39145520762747416 0.5588050255299193
0.3917193787608859 0.5589965496016427
0.391681062005498 0.5589687699539866
0.39192754653247786 0.5591474712360469
0.39189176941956566 0.5591215328291856
0.39212108338509083 0.5592877854541914
0.3920877705676037 0.5592636336615132
0.39230054008844994 0.5594178915641267
0.39226960116585524 0.5593954608452455
0.39246653549931937 0.5595382382370071
0.3926473353891651 0.5596693181571452
0.3926196669867129 0.5596492585653674
0.3927862339076229 0.5597700195830271
0.39276071171663335 0.5597515159945596
0.3927362541362266 0.5597337842487647
0.3928904398065674 0.5598455688597619
0.3928679121723573 0.5598292363249595
0.3930094966604823 0.5599318850788502
0.39298878074903626 0.5599168660430518
0.3931185897037017 0.5600109775351843
0.39309956833605353 0.5599971870436393
0.3932184107138576 0.5600833477675472
0.3932009691043276 0.5600707026006381
0.3933096294971271 0.5601494813854176
0.3934080742314156 0.5602208538177769
0.39339285098066695 0.560209816960984
0.3933782388165376 0.5601992231419903
0.39346876795341545 0.5602648567662267
0.3934554148266368 0.5602551757493123
0.39353791934646704 0.5603149915261891
0.393525728153088 0.5603061529109893
0.3936008524011521 0.5603606179908358
0.3934500930497685 0.5602513174610827
0.39345936302341045 0.5602580381919731
0.39346397710603676 0.5602613834018771
0.3934639532757283 0.5602613661249035
0.3934590348587245 0.5602578002725757
0.39344685434229804 0.5602489693981665
0.3933971561608981 0.5602129382166516
0.39339057278238676 0.5602081652672309
0.3933740465819749 0.5601961837719323
0.39337007267294516 0.5601933026878857
0.39336369050866987 0.5601886756187862
0.3933595404182664 0.5601856668032437
0.3933538204963622 0.5601815198598631
0.3933495227571508 0.5601784039989347
0.3933443816252447 0.5601746766783029
0.393339962319198 0.5601714726814191
0.3933353287668409 0.5601681133559602
0.3933308116935682 0.5601648384778374
0.39332662473225194 0.5601618029308831
0.3933220315683039 0.5601584728870208
0.393318238777874 0.5601557231139591
0.39331358922726833 0.56015235218977
0.39331014539681103 0.5601498554126885
0.3933054573329826 0.5601464565664129
0.393302323339368 0.5601441844210423
0.3932976129387913 0.5601407693806242
0.3932947548177954 0.5601386972429021
0.3932900366855611 0.5601352765970323
0.3932874248596553 0.5601333830232506
0.39328271214730626 0.5601299663067975
0.3932803207813885 0.5601282325665071
0.39337241742347345 0.5601950026320187
0.39336760506768303 0.5601915136740707
0.3933654115296831 0.5601899233590207
0.3933606275836919 0.5601864549981771
0.39335861199145233 0.5601849936938035
0.3933538661170871 0.5601815529348887
0.39335201095647315 0.5601802079434435
0.3933473117368751 0.560176801009235
0.39334560153889025 0.5601755611156959
0.39334095656462115 0.5601721935093508
0.3933393776315679 0.5601710487828871
0.3933347935808408 0.5601677253461099
0.393333333753379 0.5601666669712002
0.39332881646674467 0.5601633919383904
0.39332746492516124 0.5601624120707424
0.39332301947497156 0.5601591891193548
0.39332176656915663 0.5601582807626391
0.3933173973241159 0.5601551130599844
0.3933162344276978 0.5601542699600813
0.396921215468483 0.5627678812146506
0.38555683872443763 0.5545287080752177
0.4071758175008822 0.5702024676881401
0.4004553285381726 0.5653301131901756
0.38897072885809036 0.557003778422116
0.410822925786248 0.5728466211950302
0.41083307894323584 0.5728539822338463
0.4108384798396419 0.5728578978837409
0.41083844238261025 0.5728578707273929
0.40854409889993926 0.5711944717024565
0.4085413921012224 0.5711925092733867
0.4085285635047083 0.5711832085409141
0.4085285635047083 0.5711832085409141
0.4085158357187849 0.5711739808961196
0.40844687631896315 0.5711239853312489
0.4084308941520992 0.5711123982602724
0.4084298471824468 0.5711116392072744
0.40842974251230635 0.5711115633214225
0.40856942496479726 0.5712128330994786
0.4085005504887308 0.5711628991043303
0.4086278159406906 0.5712551665570011
0.4085650088826376 0.5712096314399127
0.40850247626464076 0.571164295291865
0.40844052031289313 0.571119377226848
0.4083793926220136 0.5710750596509604
0.4083193004860229 0.5710314928523671
0.4084548202748029 0.5711297446992326
0.40839989684325695 0.5710899252113617
0.4083460307334515 0.5710508722817528
0.4084734871014807 0.5711432781485739
0.4085861246122175 0.5712249403438581
0.4085403736430394 0.571191770891204
0.4084954392372902 0.5711591934470358
0.40860133641998087 0.5712359689044865
0.4085603510484351 0.5712062545101159
0.40865675104612015 0.5712761445084376
0.40874158167774494 0.5713376467163656
0.4087069989770226 0.5713125742583418
0.4086729736904338 0.5712879059255649
0.40875270010608783 0.571345707576914
0.4088226996690953 0.5713964572600945
0.40879408919066335 0.5713757146632312
0.4087659127330312 0.571355286731448
0.40883169179915413 0.5714029765543871
0.40888933617057516 0.5714447687236673
0.40893962541165163 0.5714812284234478
0.4089179372722047 0.5714655045223488
0.4089635200319758 0.5714985520231828
0.4089438354272046 0.5714842806847237
0.408924353663829 0.5714701564062764
0.407951870081233 0.5707651058088944
0.4079627659192151 0.5707730052914313
0.407967035393112 0.5707761006600066
0.40796699766842587 0.5707760733096091
0.4079621511926492 0.5707725596146711
0.407950008522155 0.5707637561785628
0.40790315455180387 0.5707297870500582
0.4078969570664244 0.570725293873158
0.40788317130070434 0.570715299193011
0.40764832344275914 0.5705450344960008
0.4076473639672917 0.5705443388762867
0.4074284331982019 0.5703856140686968
0.4074275325001897 0.5703849610626379
0.4072234795395356 0.5702370226661637
0.4072226333643208 0.570236409189133
0.4070324519933245 0.5700985276951607
0.4070316564524142 0.5700979509280006
0.4068543839825108 0.5699694283873208
0.40685363551697235 0.5699688857498053
0.4066883591796611 0.5698490604052547
0.4066876545276437 0.5698485495325422
0.4065335148618595 0.5697367982748485
0.40653285102972897 0.5697363169965539
0.40638904309466595 0.5696320562436332
0.40638841733130926 0.5696316025651995
0.40625419037586 0.569534288022499
0.40625360014977485 0.5695338601085871
0.4061282562155049 0.5694429857562414
0.40612769919434094 0.5694425819158976
0.40601059100909526 0.5693576784815944
0.40601006504135667 0.569357297154984
0.40590059346823043 0.5692779302644675
0.4059000965668871 0.5692775700109935
0.4057977078025832 0.5692033381568732
0.4057972381303698 0.5692029976445184
0.405701420793188 0.5691335300750616
0.40570097664939875 0.5691332080708145
0.40561125885645966 0.5690681626709336
0.40561083866506914 0.5690678580321755
0.40552678516787005 0.5690069192467062
0.40552638746683284 0.5690066309134542
0.40544759689149695 0.5689495077463358
0.40544722032309577 0.5689492347342449
0.40537332254487507 0.5688956588450349
0.4053729658470032 0.5688954002390778
0.4053036195163017 0.5688451241493192
0.40530328151457906 0.5688448790980702
0.40523817174287785 0.5687976745135869
0.4052378513435116 0.5687974422240464
0.4051766875512568 0.5687530984746616
0.40522593213331637 0.5687888007966548
0.405230474214682 0.568792093805645
0.40523043014229393 0.5687920618531637
0.40522776355200424 0.5687901285752035
0.4052152998039839 0.5687810923578889
0.40812300609441 0.5708891794184477
0.408151545653231 0.570909870598593
0.4080683967176747 0.5708495876203147
0.40805338945298586 0.5708387073534154
0.4080524125426873 0.5708379990934489
0.40805231483054155 0.5708379282521431
0.4079653150460899 0.5707748534084157
0.40788045893244185 0.5707133327260209
0.407797907479581 0.5706534829226968
0.4080070925548148 0.5708051421022413
0.40819476687079925 0.5709412059813299
0.408362113142401 0.5710625320282412
0.408510409780656 0.5711700470909762
0.4084477665098098 0.5711246307196127
0.4083862281606905 0.5710800154165011
0.40852603730703296 0.5711813770475995
0.40846976944886515 0.5711405828504278
0.4084146194389317 0.5711005990932261
0.40836071257943674 0.5710615166200922
0.4083081475362009 0.5710234069637462
0.4082569999633566 0.5709863249734342
0.4083986195024665 0.5710889991392888
0.4085250567800177 0.5711806661655133
0.40848107040892345 0.5711487760464701
0.40843821281370435 0.5711177042899361
0.4085563437784238 0.5712033492393578
0.40851717677995647 0.571174953165469
0.4086248966159977 0.571253050046599
0.4085891360610735 0.5712271236442789
0.40868727408048344 0.5712982737083511
0.40865465157001085 0.5712746223882584
0.4087439871899894 0.5713393907127429
0.40882317480857344 0.5713968017362163
0.40879544283407027 0.5713766960547014
0.40876835381193627 0.5713570565136543
0.40884223155203436 0.5714106178752255
0.40890758131898086 0.5714579964562617
0.4088846294828114 0.5714413563750387
0.40886219260002216 0.5714250896350166
0.4089231386596026 0.5714692755282125
0.40897695595956457 0.5715082930706847
0.4090243204089076 0.5715426322964585
0.4090067622267049 0.5715299026143615
0.4090496946843857 0.5715610286461801
0.4090873227609546 0.5715883090016926
0.40791271223676984 0.5707367163716586
0.40792255088453816 0.5707438493912906
0.40792729741348327 0.5707472906247759
0.4079272615676791 0.5707472646365679
0.40792253804026307 0.5707438400791912
0.40791047690256643 0.5707350957543612
0.40786628323494534 0.5707030553453359
0.4078604482537794 0.5706988249839905
0.4078464921387786 0.570688706800615
0.4077953747131841 0.570651646667059
0.40779117880530913 0.5706486046338496
0.4077427285707498 0.570613478213794
0.4077389237685703 0.570610719732214
0.40769298725754927 0.5705774157617237
0.4076895291353018 0.5705749086230943
0.4076459627209714 0.5705433229727047
0.40764281277678605 0.5705410392631703
0.40760148199055324 0.5705110744431516
0.4075986067514369 0.5705089898947923
0.4075593856475191 0.5704805545944518
0.4075567559238134 0.5704786480447652
0.4075195264882386 0.5704516567039735
0.40751711675041385 0.5704499096440505
0.40748176835189537 0.5704242820551246
0.40747955620783555 0.5704226782506813
0.4075801436960236 0.5704956041796175
0.4075458556315496 0.5704707453328739
0.4075438213866759 0.5704692705053405
0.40751124544937606 0.5704456529507981
0.407509371735294 0.5704442945080885
0.4074784151216923 0.5704218509632273
0.407476686581711 0.5704205977717409
0.40744726209483756 0.5703992650187576
0.4074456651168448 0.5703981072097128
0.4074176907889665 0.5703778258220011
0.4074162132778618 0.5703767546264502
0.40738961202040963 0.5703574687147974
0.40738824320368267 0.5703564763226703
0.4073629424824419 0.5703381332997708
0.40736167274360785 0.5703372127391162
0.40733760427734755 0.5703197631010773
0.4073364250128619 0.5703189081343253
0.40731352449368974 0.5703023052579255
0.407312427989711 0.570301510292541
0.40729063482355193 0.5702857102470756
0.40728961414952736 0.5702849702584079
0.40726887121522864 0.5702699316310412
0.4072679201317782 0.5702692420955398
0.4072481735574493 0.5702549258291512
0.40724728643643465 0.5702542826664156
0.41115464033575266 0.5730871142434211
0.4111637397582091 0.573093711324702
0.41116880157582175 0.5730973811424712
0.41116875527821717 0.5730973475767078
0.4074158965937399 0.5703765250304619
0.40741585472097797 0.5703764946727095
0.4074111688520766 0.570373097417756
0.4074171683142041 0.5703774470277985
0.40740519993077023 0.5703687699498088
0.4073263005093161 0.5703115678692546
0.4078296962485948 0.5706765297802316
0.40775508587748255 0.5706224372611753
0.40776122709443746 0.5706268896434676
0.40778841062632887 0.5706465977040889
0.40771775416718004 0.570595371771206
0.4076966717088664 0.5705800869889286
0.40769575928237045 0.5705794254797191
0.4190942248553145 0.5788433130201035
0.41901561803947474 0.5787863230786197
0.41893933635896335 0.5787310188602489
0.4191460217462512 0.5788808657660326
0.41933203503869665 0.5790157254030556
0.4192655319308757 0.5789675106498853
0.41920086813972457 0.5789206294013007
0.41913811684669 0.5788751347138507
0.4193159641826735 0.5790040740324387
0.4192582810698751 0.57896225377566
0.4192023559859155 0.5789217080897892
0.41914822113150924 0.5788824603203446
0.4190958932408246 0.5788445225995983
0.41904537600384206 0.578807897602786
0.4189966621740368 0.5787725800761772
0.4189497353980621 0.5787385581635955
0.41912853441064124 0.5788681874477154
0.4190852907546683 0.5788368357971351
0.4192495927106283 0.5789559547152059
0.4192098101757101 0.5789271123773903
0.4193605473013759 0.5790363967934979
0.4193240050631579 0.57900990367079
0.4194620941588038 0.5791100182651332
0.41942857526316557 0.5790857170657955
0.4195549083386007 0.579177308545486
0.41966864295582523 0.5792597661429737
0.4197707253210847 0.5793337758577869
0.4197432721232271 0.5793138722893401
0.41971670177216885 0.5792946087848229
0.4196910157579123 0.579275986424487
0.4197871101526806 0.5793456548606939
0.4198732632310195 0.5794081158424896
0.41995030123860067 0.579463968397986
