1.0 1
0.936107922511204 0.9984026980627801
0.865267200197179 0.9966316800049295
0.9102966164659704 0.9955148308232985
0.9253064218889008 0.9943979816416675
0.9027276579684034 0.9927045743476303
0.8792138509127158 0.9909410388184536
0.8515193499968123 0.988863951249761
0.823961352977523 0.9867971014733141
0.7890606667133199 0.9841795500034991
0.7441682041140311 0.9808126153085522
0.7920732606580316 0.9792073260658032
0.820816294584432 0.977602036823054
0.8059910548331215 0.9757488818541402
0.7884653566587938 0.9735581695823493
0.773647315718978 0.9717059144648722
0.7562038719291505 0.9695254839911438
0.7186688047617997 0.9648336005952249
0.6973451701456908 0.9621681462682113
0.6350266594107173 0.9543783324263396
0.6074388202902994 0.9509298525362875
0.5859918402880689 0.9482489800360087
0.5471569504203143 0.9433946188025393
0.5195126045678593 0.9399390755709824
0.45377951037815195 0.931722438797269
0.5719221240438893 0.9464902655054862
0.5719221240438893 0.9464902655054862
0.5606926183432112 0.9450865772929014
0.5606926183432112 0.9450865772929014
0.6264648540751363 0.9439697281112703
0.6264648540751363 0.9439697281112703
0.567326524552488 0.9350989786828732
0.5049176616527173 0.9133605907892255
0.5239336725541845 0.9047867345108369
0.5238530521978741 0.9047706104395749
0.5263171749654465 0.9052634349930893
0.5262409166063275 0.9052481833212654
0.5260903144229905 0.9052180628845982
0.52601776686646 0.905203553373292
0.5258700200201353 0.905174004004027
0.5258013702862482 0.9051602740572496
0.5332043073114716 0.9066408614622944
0.5331393338420523 0.9066278667684105
0.5330741202969117 0.9066148240593824
0.5330126140736712 0.9066025228147343
0.5329484512349499 0.90658969024699
0.5328898425161932 0.9065779685032386
0.5328268096049976 0.9065653619209997
0.5327713114145013 0.9065542622829004
0.49166937906992214 0.8983338758139844
0.502393612703136 0.9004787225406272
0.5576832112916764 0.9004787225406272
0.6019148901625088 0.9004787225406272
0.5676194650489543 0.8919048662622387
0.5757491272139998 0.88333100998385
0.5369350978085445 0.8726571518973498
0.5469443187298704 0.8640832956189612
0.5469443187298704 0.8640832956189612
0.5422318442910717 0.8626695532873215
0.5422317584141143 0.8626695275242344
0.5419497439020704 0.8625849231706212
0.5418688930050404 0.8625606679015123
0.5415780661364694 0.862473419840941
0.5595739827840307 0.8678721948352093
0.5243638717340611 0.8573091615202184
0.5242020964982976 0.8572606289494893
0.524048908251995 0.8572146724755985
0.5239038164050032 0.857171144921501
0.523766361102307 0.8571299083306922
0.5236361111263953 0.8570908333379187
0.5235126619477584 0.8570537985843275
0.5233956339141282 0.8570186901742385
0.5186962605335274 0.8556088781600583
0.48883227774280164 0.8338704902664105
0.48872925525997374 0.8338370079594914
0.48858083128122004 0.8337887701663966
0.48848312403228633 0.8337570153104931
0.488343717368713 0.8337117081448318
0.48825103160009886 0.8336815852700322
0.48812001619377426 0.8336390052629767
0.48803207584260616 0.8336104246488472
0.4879088760865461 0.8335703847281275
0.4878254216323426 0.8335432620305113
0.4877095077183746 0.8335055900084718
0.487630295109909 0.8334798459107204
0.48752117885177 0.8334443831268252
0.48744597850510873 0.8334199430141604
0.48734320958486377 0.8333865431150806
0.4872718054485371 0.8333633367707746
0.4871749680402541 0.8333318646130827
0.4871071567235444 0.8333098259351519
0.4797984057964011 0.8309344818838305
0.4455391877468992 0.8059387157114148
0.4158376736339654 0.7809391276127371
0.3898479167667177 0.755939166706687
0.36691577835444034 0.7309392058006372
0.3745120534644829 0.7341676227224052
0.3537059151474562 0.7091676618163553
0.35350307796950353 0.7090763850862766
0.35350307394731206 0.7090763832762905
0.3636448408193129 0.7136401783686909
0.3937574795652868 0.7120348027935113
0.42085885588365424 0.7104294279418271
0.4171523174144439 0.708576158707222
0.41276841126571606 0.706384205632858
0.4090618713495148 0.7045309356747576
0.4046779672265742 0.7023389836132872
0.3993125290625945 0.6996562645312973
0.42485883748497744 0.6980508896796132
0.418270988423626 0.6945922689224037
0.41474096892336504 0.6927390086847667
0.41056605413305913 0.690547178419856
0.4012870925426998 0.6856757235849174
0.39617747454490715 0.6829931741360762
0.38032292937763984 0.6746695379232609
0.37373527216518426 0.6712110178867217
0.36445058158623833 0.6663365553327751
0.3551655580323332 0.6614619179669748
0.3392938275929344 0.6531292594862906
0.3234209967909198 0.6447960233152329
0.35362299108064815 0.6606520703173403
0.34851302509332543 0.6579693381739958
0.34851302509332543 0.6579693381739958
0.3787128186478863 0.6738242297901402
0.4088783405620674 0.6896611287950855
0.40890555128014244 0.6896754144220748
0.40890555128014244 0.6896754144220748
0.4387705851851037 0.7053545572221794
0.4387846062114202 0.7053619182609955
0.4387846062114202 0.7053619182609955
0.43556412351243295 0.7036711648440273
0.43133185459132234 0.7014492236604442
0.42580561864902516 0.6985479497907383
0.42580561864902516 0.6985479497907383
0.418937216710489 0.6949420387730066
0.4096530969542068 0.6900678759009585
0.4265589472506061 0.6989434473065682
0.4214010836577253 0.6962355689203058
0.4214010836577253 0.6962355689203058
0.42139375933705636 0.6962317236519546
0.42139375933705636 0.6962317236519546
0.42123124446949584 0.6961464033464854
0.42118624923176284 0.6961227808466754
0.42121867140728025 0.6961398024888221
0.42117620705040504 0.6961175087014626
0.4208418925407691 0.6959419935839037
0.42087445413226726 0.6959590884194403
0.42083401025887784 0.6959378553859109
0.4205157898740718 0.6957707896838877
0.420212920957483 0.6956117835026786
0.4198725063837521 0.6954330658514699
0.4197191116457891 0.6953525336140394
0.41972133213695023 0.695353699371899
0.4195755289983638 0.695277152724141
0.4195381322188549 0.6952575194148989
0.41943918167581973 0.6952055703798055
0.41941134327028556 0.6951909552169
0.41941106803801126 0.695190810719956
0.4194110365064834 0.6951907941659039
0.4194110333749038 0.6951907925218246
0.41891208022616 0.6949288421187341
0.41891207737872754 0.6949288406238321
0.41908807680799304 0.6950212403241964
0.41857445892267947 0.6947515909344067
0.41857445630311985 0.694751589559138
0.41803987205045795 0.6944709328264904
0.41803986963657763 0.6944709315592033
0.41749824874802466 0.694186580592713
0.4174982465201751 0.6941865794230919
0.4169603378339069 0.6939041773628011
0.41696033577465297 0.6939041762816929
0.41643413629479786 0.6936279215547689
0.41643413438863386 0.6936279205540329
0.4159253487412211 0.693360808089141
0.4159253469743274 0.6933608071615219
0.41543782799481377 0.6931048596972772
0.41543782635484755 0.693104858836295
0.4149739701493027 0.6928613343283839
0.41497396862521735 0.6928613335282391
0.4145350529397546 0.6926309027933713
0.414535051521644 0.6926309020488631
0.4141215159537838 0.6924137958757365
0.4141215146327473 0.6924137951821924
0.4137331866791673 0.6922099230065628
0.41373318544719245 0.692209922359776
0.41336945898805283 0.6920189659687277
0.4133694578379136 0.6920189653649047
0.4130294314816 0.6918404515278399
0.4130294304067678 0.6918404509635531
0.4127120129214966 0.6916738067837856
0.4127120119160629 0.691673806255933
0.41241600125969385 0.6915184006613393
0.41241600031830183 0.6915184001671084
0.4121401418569832 0.6913735744749162
0.4121401409747686 0.6913735740117535
0.411883169534927 0.6912386640058367
0.41188316870746533 0.6912386635714192
0.41164383822863454 0.6911130150700331
0.4116438374518954 0.6911130146622451
0.4114209412416932 0.6909959941518888
0.4114211037837067 0.690996079486446
0.4114501523950426 0.6910113300073973
0.41147087176891384 0.6910222076786796
0.41148535564517813 0.6910298117137185
0.41149247048844445 0.6910335470064333
0.4114924524391738 0.6910335375305662
0.41149247399496663 0.6910335488473575
0.41149247399496663 0.6910335488473575
0.41149247399496663 0.6910335488473575
0.4113371119237265 0.6909519837599565
0.4112982644030838 0.690931588811619
0.4110098630229651 0.6907801780870566
0.4107357126404786 0.6906362491362512
0.4104751700469488 0.690499464274648
0.410506966923556 0.6905161576348668
0.41046940881359106 0.6904964396271353
0.4102218503311533 0.6903664714238553
0.41025675943895895 0.6903847987054534
0.4102210205877236 0.6903660358085548
0.4102680687181711 0.6903907360770398
0.41023430104689895 0.6903730080496219
0.4102792901638285 0.6903966273360099
0.4102473764676384 0.69037987264551
0.4100120574771203 0.6902563301754882
0.4097884767414196 0.6901389502892452
0.40981884822549314 0.6901548953183838
0.4097882015864269 0.690138805832874
0.40983111936821587 0.6901613376683132
0.40980214318001523 0.6901461251695079
0.4095896637514322 0.6900345734695018
0.4096186417647677 0.690049786926503
0.409591018726013 0.6900352848311567
0.40963199188663274 0.6900567957404821
0.40960586350708655 0.6900430783412204
0.40963915094715714 0.6900605542472574
0.40961443108836226 0.6900475763213901
0.4096420935871533 0.6900620991332553
0.4096187015780907 0.6900498183284975
0.4096450909334483 0.6900636727400602
0.4096229511770708 0.690052049367962
0.40966209129405 0.6900725979293763
0.40964113290619286 0.6900615947757511
0.4094390971151996 0.6899555259854797
0.4094642580789923 0.689968735491471
0.40944420979047386 0.6899582101399988
0.4094815519815012 0.6899778147902881
0.40946256762055194 0.6899678480007896
0.4092705380994142 0.6898670325021923
0.4093061575815509 0.6898857327303142
0.4092879839786397 0.6898761915887858
0.41334401710560004 0.69200560898044
0.41041819370916927 0.6904695516973137
0.4351867318466962 0.6893527025156828
0.43286911190187755 0.6880780115460325
0.43286911190187755 0.6880780115460325
0.43273626187734093 0.6880049440325374
0.4327004567293116 0.6879852512011213
0.43261123348057146 0.6879361784143142
0.43258651105152285 0.6879225810783375
0.43258626899569147 0.6879224479476302
0.43258624144513197 0.6879224327948225
0.43258623845132205 0.687922431148227
0.432404985103851 0.6878227418071179
0.43240496704855197 0.6878227318767035
0.4322349446104976 0.6877292195357736
0.432234928990062 0.687729210944534
0.432075406425483 0.6876414735340155
0.43207539284915464 0.6876414660670349
0.4319256800692218 0.6875591240380718
0.43192566821765577 0.6875591175197104
0.43178511631254896 0.6874818139719018
0.4317851059233655 0.6874818082578509
0.43165310658123324 0.6874092086196781
0.4316530974377477 0.6874092035907611
0.43152908179145005 0.6873409949852973
0.4315290737138297 0.6873409905426062
0.43141251079945536 0.6872768809397003
0.43141250363774153 0.6872768770007577
0.43130289860437254 0.6872165942324047
0.4313028922329452 0.6872165907281197
0.4311997844083863 0.6871598814246124
0.4311997787215496 0.6871598782968521
0.43110273961173173 0.6871065067864522
0.4311027345201761 0.6871065039860967
0.4312675855809412 0.6871971720695175
0.4311738874043521 0.6871456380723935
0.43117388283230507 0.6871456355577676
0.4310855924383218 0.6870970758410768
0.4310855883212424 0.6870970735766833
0.43100235791958635 0.6870512968557724
0.4310023542022912 0.68705129481126
0.4309238603420054 0.6870081231881029
0.430923856977139 0.6870081213374263
0.4308497988565082 0.6869673893710793
0.4308497958032884 0.6869673876918085
0.4307798936647415 0.6869289415156077
0.43077989088792756 0.68692893998836
0.43071388450332093 0.6868926364768264
0.43071388197235966 0.6868926350847977
0.4306515292207818 0.68685834107143
0.4306517563640766 0.6868584660002419
0.43067515686153496 0.6868713362738441
0.4306959248974232 0.6868827586935826
0.43070832102124407 0.6868895765616841
0.4307152232749603 0.686893372801228
0.430715206906396 0.6868933637985176
0.4307082583194346 0.6868895420756889
0.4305643046033931 0.6868103675318661
0.43055172428242144 0.6868034483553316
0.43019066755922863 0.6866048671575756
0.43021291063679645 0.6866171008502379
0.4302006269144424 0.6866103448029431
0.4302325636347684 0.6866279099991225
0.4302209186293489 0.6866215052461417
0.4298767193351054 0.6864321956343078
0.429898025027716 0.6864439137652436
0.4298866446877981 0.6864376545782888
0.4299069221359911 0.686448807174795
0.429896131974975 0.686442872586236
0.4299154292522616 0.6864534860887437
0.4299051976689692 0.6864478587179329
0.4299235608072177 0.6864579584439696
0.4299138579886611 0.6864526218937634
0.42993133103686215 0.686462232070274
0.42992212884794945 0.686457170866372
0.4299526616806223 0.6864739639243421
0.4299439335614988 0.6864691634588242
0.4143993747255926 0.6779196560990758
0.40205437948770134 0.6561812682054281
0.40199180312094107 0.6561452867945409
0.4019079113068629 0.656097049001446
0.40184864658721686 0.6560629717876496
0.4017698515165015 0.6560176646219882
0.40171370709653775 0.655985381580509
0.4016396549103543 0.6559428015734536
0.40158645182580066 0.6559122097998352
0.4015168171810711 0.6558721698791157
0.4014663879518159 0.6558431730722939
0.401400871391747 0.6558055010502544
0.40150821359378847 0.6558672228164282
0.4014598760216336 0.6558394287124392
0.40139820161485934 0.655803965928544
0.40135235818284654 0.6557776059551366
0.4012942714018385 0.655744206056057
0.4012507833305909 0.6557192004150896
0.40119604914330054 0.6556877282573976
0.40115478623146006 0.6556640020830893
0.4011031873830956 0.6556343327452797
0.4010640274105632 0.6556118157610736
0.40101536287501516 0.6555838336531336
0.4046053304447443 0.6576480650057277
0.40153831213313285 0.6558845294765512
0.4239142115399024 0.6543485269239412
0.42046946191249124 0.6522816771474945
0.41740159382046776 0.6504409562922804
0.43813830136428067 0.6488364383526752
0.4351883682954605 0.6469927301846626
0.43170934295840147 0.6448183393490007
0.42822363193715274 0.6426397699607203
0.42399353278534396 0.6399959579908397
0.4185365403943562 0.6365853377464725
0.4142539265302444 0.6339087040814027
0.4343128259046912 0.6323033368380491
0.4528858808810309 0.6306979695946957
0.45014029888700474 0.6288447017487281
0.4674847635791068 0.6272393345053746
0.464353406268567 0.6250473843879968
0.4617058807743275 0.6231941165420292
0.45857452346378774 0.6210021664246513
0.4547420513304696 0.6183194359313285
0.4713297383291551 0.6167140602886373
0.48681157961794386 0.6151086847134577
0.48434055272634546 0.6132554145447588
0.4818695258497497 0.6114021443873121
0.4789469215045067 0.6092101911283798
0.47602431713826 0.6070182378536948
0.4724473402088608 0.6043355051566455
0.46783584642863285 0.6008768848214745
0.4642588918784595 0.5981941689088444
0.45964764724678164 0.594735735435086
0.4571766352873379 0.5928824764655032
0.4506776182200428 0.588008213665032
0.4477551802338452 0.5858163851753837
0.44417845118590304 0.5831338383894271
0.43956973929570087 0.5796773044717755
0.43497176610896454 0.5762288245817231
0.4284778142717329 0.5713583607037995
0.4220425586976429 0.566531919023232
0.41570428536767584 0.5617782140257568
0.4056344993528669 0.55422587451465
0.40244496144089975 0.5518337210806747
0.39828820394704384 0.5487161529602828
0.4179786395580001 0.5634839796685
0.41439435055794877 0.5607957629184614
0.41439359697100553 0.560795197728254
0.4123699796519468 0.55927748473896
0.4123699796519468 0.55927748473896
0.41228122217893676 0.5592109166342024
0.41225888184794207 0.5591941613859565
0.41219705274956453 0.5591477895621733
0.41296703035034854 0.5597252727627613
0.4129717033206743 0.5597287774905056
0.4129716905626147 0.5597287679219608
0.4129666859465315 0.5597250144598985
0.41286582567250446 0.5596493692543782
0.41284202476026904 0.5596315185702017
0.4126446536631787 0.5594834902473839
0.4126140408235372 0.5594605306176528
0.41242952003826117 0.5593221400286957
0.4124003580669236 0.5593002685501925
0.41249482983545815 0.5593711223765935
0.41232121859917975 0.5592409139493846
0.41229343347337405 0.5592200751050304
0.41213093570150083 0.5590982017761255
0.41210445761875486 0.559078343214066
0.4119522954425775 0.558964221581933
0.4119270585470247 0.5589452939102684
0.41178450971148184 0.5588383822836113
0.4117604518400399 0.5588203388800299
0.4116268465387709 0.558720134904078
0.4116039089856379 0.5587029317392282
0.4114786265996601 0.558608969949745
0.4114567538976992 0.5585925654232742
0.41133921973353427 0.5585044148001506
0.411318359451232 0.558488769588424
0.4112080415460019 0.5584060311595013
0.41118814409879356 0.5583911080740951
0.41108455013836676 0.558313412603775
0.4110655686132181 0.5582991764599134
0.41096824299338364 0.5582261822450376
0.4109501329856094 0.5582125997392069
0.41085865403427596 0.5581439905257068
0.4108413734956583 0.5581310301217436
0.41075535086526566 0.5580665131489491
0.4107388599626104 0.5580541449719577
0.4106579321955585 0.5579934491466687
0.4106421931788974 0.5579816448841729
0.41056602544425985 0.5579245190831947
0.41055100252397136 0.5579132518929784
0.41047928452061894 0.5578594633904641
0.41046494375279735 0.5578487078145979
0.41039738777196316 0.5577980408289723
0.4103836969514208 0.5577877727135656
0.41032003609042705 0.5577400270678202
0.4103069646507627 0.5577302234880721
0.4102469511688903 0.5576852133766677
0.41023447008910285 0.5576758525668272
0.41017787389626864 0.5576334054222014
0.410165955613436 0.557624466710077
0.41011256288232406 0.557584422161743
0.41136742595937115 0.5585255694695282
0.411366756320603 0.5585250672404521
0.4112824778145029 0.5584618583608771
0.4112598227733114 0.5584448670799835
0.41130050066278423 0.5584753754970881
0.41124936854433186 0.5584370264082489
0.411165221927106 0.5583739164453295
0.4111650581241201 0.55837379359309
0.4111650395908147 0.5583737796931111
0.4111650375306972 0.5583737781480229
0.4111314817680886 0.5583486113260665
0.41113145839815235 0.5583485937986142
0.41109913152103317 0.558324348640775
0.4110991117168999 0.5583243337876749
0.4110679773950579 0.5583009830462935
0.41106796051753797 0.5583009703881535
0.41103798248549395 0.5582784868641205
0.41103796802456694 0.5582784760184252
0.41100911022921766 0.5582568326719132
0.41100909777534855 0.5582568233315115
0.4109813245019577 0.5582359933764682
0.410981313724297 0.5582359852932228
0.4109545897032216 0.5582159422774162
0.4109545803329245 0.5582159352496934
0.4110572259408413 0.5582929194556311
0.4110308221186095 0.5582731165889572
0.4110308139359885 0.5582731104519915
0.41100541416235586 0.558254060621767
0.41100540698692395 0.558254055240193
0.4109809772282787 0.5582357329212091
0.41098097091098523 0.5582357281832391
0.4109574778449985 0.558218108383749
0.41095747226214 0.558218104196605
0.4109348833198804 0.5582011624899103
0.4109348783682977 0.5582011587762233
0.4109131617669661 0.5581848713252245
0.41091315736023526 0.5581848680201765
0.4108922821277038 0.5581692115957779
0.4108922781930997 0.5581692086448248
0.4108722141853121 0.5581541606389842
0.4108722106613754 0.5581541579960316
0.41085292857355377 0.5581396964301654
0.4108529254081316 0.5581396940560988
0.4108343967806298 0.5581257975854724
0.41083439392929116 0.5581257954469685
0.41081659114884206 0.5581124433616316
0.41081658857358966 0.5581124414301923
0.41079948487060913 0.5580996136529569
0.41079948253882775 0.5580996119041209
0.41078305198136145 0.5580872889860211
0.4107832343317359 0.5580874257488021
0.41080613434394603 0.5581046007579596
0.41082210680113646 0.5581165801008525
0.4108314855564677 0.5581236141673509
0.4108362313718163 0.5581271735288624
0.410836206553042 0.5581271549147816
0.41083122794941307 0.5581234209620599
0.4107351971855838 0.5580513978891879
0.4107087427765161 0.5580315570823873
0.41066218183167297 0.5579966363737549
0.4105758207010149 0.5579318655257612
0.4105316482872443 0.5578987362154334
0.41045081556461577 0.557838111673462
0.41040889878518816 0.5578066740888913
0.41033318553787784 0.5577498891534084
0.410293399729979 0.5577200497974844
0.4102224321360518 0.5576668241020389
0.41018466030106787 0.557638495225801
0.41011809623636974 0.5575885721772774
0.4100822285128131 0.55756167138461
0.4105130035085028 0.5578847526313772
0.4104543133521165 0.5578407350140875
0.41039889336336066 0.5577991700225206
0.410449525590276 0.5578371441927071
0.4103919561356047 0.5577939671017036
0.41044055048736383 0.5578304128655229
0.4103863287285194 0.5577897465463897
0.4104329448498756 0.5578247086374069
0.41038185632097657 0.5577863922407326
0.4104265546321145 0.557819915974086
0.41037840032917905 0.5577838002468845
0.4104212416575613 0.5578159312431711
0.41037583679095485 0.5577818775932164
0.41041688204765703 0.5578126615357429
0.41037405490311674 0.5577805411773377
0.41041336479999174 0.557810023599994
0.41037295569869464 0.5577797167740212
0.41041059050283346 0.5578079428771252
0.4103724508517128 0.5577793381387848
0.4190840198647751 0.5643130148985815
0.4190658506567887 0.5642993879925917
0.41905294423068196 0.5642897081730116
0.41903934986697405 0.5642795124002307
0.4190236347723922 0.5642677260792943
0.41904323192049187 0.5642824239403691
0.41900692994866867 0.5642551974615017
0.4189939362281135 0.5642454521710853
0.41897909065563027 0.5642343179917229
0.4189667482634149 0.5642250611975614
0.41895278687643855 0.5642145901573291
0.418652407374203 0.5639893055306524
0.41493756117605596 0.5612031708820422
0.4149368356245037 0.561202626718378
0.4149368356245037 0.561202626718378
0.4149471140214545 0.5612103355160911
0.4148670880896284 0.5611503160672215
0.41484381249791646 0.5611328593734376
0.4148825650479767 0.5611619237859827
0.4148334975117294 0.5611251231337973
0.4147575305128711 0.5610681478846535
0.41475737912875027 0.5610680343465629
0.41475736209591757 0.5610680215719384
0.4147573601979082 0.5610680201484314
0.41475036731988574 0.5610627754899145
0.41475034066790906 0.561062755500932
0.41474303881464797 0.5610572791109861
0.41474301634472793 0.5610572622585461
0.4147354570964455 0.5610515928223343
0.4147354380399518 0.5610515785299641
0.4147276684711276 0.561045751353346
0.4147276522183328 0.5610457391637498
0.414719715200914 0.5610397864006857
0.4147197012649534 0.5610397759487153
0.4147116357583622 0.5610337268187718
0.4147116237480161 0.5610337178110123
0.41470346507544675 0.5610275988065853
0.41470345467444164 0.5610275910058314
0.4146952347851821 0.5610214260888868
0.41469522573634143 0.5610214193022564
0.41478740558552657 0.5610905541891451
0.41477893178785097 0.5610841988408884
0.4147789238808813 0.5610841929106611
0.4148685767532025 0.5611514325649021
0.41485988264651263 0.5611449119848848
0.4148598757085312 0.5611449067813987
0.4148511987018924 0.5611383990264196
0.4148511925900368 0.5611383944425279
0.4148425545858011 0.5611319159393512
0.4148425491814289 0.5611319118860719
0.4148339696984794 0.5611254772738599
0.414833964902591 0.5611254736769435
0.41482546126686426 0.5611190959501485
0.41482545699647055 0.5611190927473532
0.4148170445189109 0.5611127833891835
0.4148170407041359 0.5611127805281022
0.414808732846649 0.5611065496349871
0.414808729428407 0.5611065470713056
0.4148005379583954 0.5611004034687969
0.4148005348865195 0.56110040116489
0.4147924700205896 0.5610943525154426
0.4147926762205105 0.5610945071653832
0.4148122767557001 0.5611092075667754
0.4148262275245163 0.5611196706433875
0.41483465063275804 0.5611259879745688
0.41483994974091015 0.561129962305683
0.4148399261506551 0.5611299446129916
0.4148350748534805 0.5611263061401107
0.4128162521038384 0.5596121890778791
0.41281143361346945 0.5596085752101023
0.4127242145975634 0.5595431609481729
0.4126979340406925 0.5595234505305197
0.41266338754198384 0.5594975406564883
0.4127334991722986 0.5595501243792244
0.41279382684644755 0.5595953701348361
0.4127483566114308 0.5595612674585734
0.4127044769182429 0.5595283576886825
0.41276022152525427 0.5595701661439412
0.4127198613314301 0.5595398959985729
0.41276935449927477 0.5595770158744564
0.4127322360369191 0.5595491770276897
0.4126964398201686 0.5595223298651268
0.41274194502921746 0.5595564587719135
0.4127090238854057 0.5595317679140546
0.4127290836749454 0.5595468127562094
0.4126958000727571 0.5595218500545682
0.4127358488648972 0.5595518866486733
0.4127055220311699 0.5595291415233777
0.4127245175055522 0.5595433881291646
0.4126929827778543 0.5595197370833911
0.41272809918925785 0.5595460743919437
0.4127001601777802 0.5595251201333356
0.4127309631813074 0.5595482223859809
0.41270526195460294 0.5595289464659525
0.4127321761654056 0.5595491321240545
0.412754489242458 0.559565866931844
0.41277269742134076 0.559579523066006
0.41278725622994306 0.5595904421724577
0.41279858222329696 0.5595989366674731
0.41277904336991517 0.5595842825274367
0.41276014878867234 0.5595701115915046
0.41274189532633 0.5595564214947478
0.41272427730328304 0.5595432079774627
0.4127072868952899 0.5595304651714678
0.4127200024639783 0.559540001847984
0.4127043486525768 0.559528261489433
0.4127150595875872 0.5595362946906908
0.4127006316108195 0.559525473708115
0.4127095606647974 0.5595321704985985
0.41269625695410367 0.5595221927155781
0.41270360563890085 0.559527704229176
0.41316939738961705 0.5598770480422132
0.4131694619780872 0.5598770964835657
0.41054171882865925 0.5579062891214948
0.41054178018844434 0.5579063351413336
0.4105406139888606 0.5579054604916458
0.4104642626485942 0.557848196986446
0.41044282174143737 0.5578321163060783
0.41039597001602696 0.5577969775120206
0.41032723980326524 0.5577454298524491
0.41032709969552283 0.5577453247716424
0.41032708401462087 0.557745313010966
0.41032708227737863 0.5577453117080342
0.4103280521305432 0.5577460390979077
0.41032802047574113 0.5577460153568061
0.41032822530337865 0.5577461689775343
0.4103281987813439 0.5577461490860081
0.41032771253754846 0.5577457844031617
0.41032769017724346 0.5577457676329329
0.4103265817094795 0.5577449362821099
0.41032656274591717 0.5577449220594382
0.41032489603668104 0.557743672027511
0.4103248798630549 0.5577436598972915
0.41032271427400413 0.5577420357055033
0.41032270040580315 0.5577420253043526
0.41032009092152577 0.5577400681911445
0.41032007896943645 0.5577400592270776
0.4103170764385627 0.5577378073289223
0.41031706608786234 0.5577377995658969
0.41031371745967765 0.5577352880947585
0.4103137084544578 0.5577352813408435
0.4103100570095633 0.5577325427571728
0.4103100491405719 0.5577325368554291
0.4103061347144708 0.5577296010358535
0.41030612780968423 0.5577295958572634
0.41030198700845266 0.5577264902563398
0.41030198092572023 0.5577264856942904
0.41029764733315693 0.557723235499868
0.41029764195442847 0.5577232314658216
0.4102931463302755 0.557719859747707
0.41029314155704616 0.5577198561677849
0.41028851202603767 0.5577163840195285
0.4102885077757333 0.5577163808318002
0.41028377000736416 0.5577128275055234
0.4102837662104581 0.5577128246578438
0.4102789435894773 0.5577092076921083
0.4102789401871791 0.5577092051403845
0.41027405397490035 0.5577055404811755
0.41027405091729346 0.5577055381879704
0.41026912040388946 0.5577018403029174
0.4102691176484243 0.5577018382363184
0.41627861185176046 0.5622089588888206
0.4163021022501046 0.5622265766875787
0.41632290306514386 0.5622421772988581
0.4163375100133001 0.5622531325099753
0.4163489128262171 0.5622616846196631
0.4163533730821204 0.5622650298115905
0.4163533389779917 0.562265004233494
0.4163485771103595 0.5622614328327697
0.4162655725873528 0.5621991794405148
0.41624055653163383 0.5621804173987256
0.4162124374269725 0.5621593280702296
0.41616395985510257 0.5621229698913272
0.4161838236179789 0.5621378677134844
0.4161392132219853 0.5621044099164892
0.4160955814483367 0.5620716860862528
0.4161149561520466 0.5620862171140353
0.4161289932433587 0.5620967449325194
0.4160911836020532 0.5620683877015402
0.41605421552744204 0.5620406616455818
0.41601814478391624 0.5620136085879375
0.416033940194442 0.5620254551458318
0.41604532866725763 0.5620339965004435
0.41601396737450236 0.562010475530877
0.41598337813724817 0.5619875336029364
0.4159943703950235 0.5619957777962679
0.41600181059991675 0.5620013579499379
0.415975161503539 0.5619813711276544
0.4159491801450373 0.5619618851087782
0.415956391252185 0.561967293439139
0.4159607563845256 0.5619705672883945
0.415938068809446 0.5619535516070847
0.4159411727253604 0.5619558795440206
0.41592022259368966 0.5619401669452675
0.41592222376518495 0.5619416678238889
0.4159222584040658 0.5619416938030496
0.41590390811931194 0.5619279310894841
0.41588601370640066 0.5619145102798007
0.4158862232333769 0.5619146674250329
0.41586967184619683 0.5619022538846479
0.41585356449085775 0.5618901733681436
0.41585384321713187 0.5618903824128492
0.41583894230263435 0.561879206726976
0.41583852832355517 0.5618788962426666
0.4158247354372037 0.561868551577903
0.4158113414092563 0.5618585060569424
0.41579835165893186 0.5618487637441991
0.41579854946035083 0.5618489120952633
0.41579759047357795 0.5618481928551836
0.4157956399730572 0.5618467299797931
0.41578466299684924 0.5618384972476371
0.4151465140182085 0.5613598855136566
0.41514660238603407 0.5613599517895258
0.41200642785626734 0.5590048208922007
0.42105618733018524 0.5657921404976392
0.4210501561460869 0.5657876171095653
0.42105011919599644 0.5657875893969975
0.4210483863646246 0.5657862897734687
0.420975892205655 0.5657319191542415
0.4209543436147265 0.5657157577110451
0.4209096035976304 0.565682202698223
0.42084729005054866 0.5656354675379116
0.4208471602016687 0.5656353701512516
0.4208471457419645 0.5656353593064736
0.420847144340111 0.5656353582550835
0.4209665151091938 0.5657248863318955
0.42107835620535783 0.5658087671540186
0.42074450075392256 0.5655583755654423
0.42074449848185147 0.565558373861389
0.42041667752013007 0.5653125081400978
0.4204166754427444 0.5653125065820586
0.42009818190033105 0.5650736364252487
0.4200981799972751 0.5650736349979566
0.41979132437313954 0.564843493279855
0.41979132262656255 0.5648434919699221
0.4194976285706005 0.5646232214279507
0.41949762696480647 0.5646232202236051
0.4192180007911062 0.56441350059333
0.41921799931225784 0.5644134994841937
0.4189528725925545 0.5642146544444162
0.4189528712284227 0.5642146534213174
0.41870231797121926 0.5640267384784148
0.4187023167109695 0.5640267375332275
0.418466147836467 0.5638496108773505
0.41846614667047793 0.5638496100028588
0.41824398495048914 0.5636829887128672
0.4182439838701968 0.5636829879026479
0.41803532251215575 0.5635264918841172
0.4180353215099205 0.5635264911324407
0.41783956932811755 0.5633796769960885
0.4178395683971096 0.5633796762978325
0.4176560841640236 0.5632420631230179
0.41765608329812426 0.5632420624735934
0.41748420148463644 0.5631131511134776
0.41748420067835285 0.563113150508765
0.41732325041944235 0.5629924378145821
0.41732324966783385 0.5629924372508757
0.4171725684533353 0.5628794263400018
0.41717256775194916 0.5628794258139622
0.4170315110495409 0.562773633287156
0.4170315103943569 0.562773632795768
0.4228751459096741 0.567156359432256
0.4229006919183985 0.5671755189387993
0.4229184813408787 0.5671888610056595
0.42293378415276117 0.5672003381145713
0.42294164158530384 0.5672062311889783
0.4229461675443921 0.5672096256582945
0.42294613228083716 0.5672095992106282
0.4229415054270905 0.5672061290703183
0.4228625125122509 0.5671468843841886
0.4228388327384923 0.5671291245538697
0.422810022351872 0.5671075167639044
0.42278291419086694 0.5670871856431506
0.4227569872212184 0.5670677404159142
0.42273219617680996 0.5670491471326079
0.4227084968072752 0.5670313726054568
0.4226858459519659 0.5670143844639748
0.42278068902760674 0.5670855167707055
0.4227992887653218 0.5670994665739918
0.4227717848285435 0.5670788386214081
0.4227508506012074 0.5670631379509059
0.42283633912769386 0.5671272543457708
0.42281702819540445 0.5671127711465538
0.4228940417835185 0.5671705313376393
0.4228762391152708 0.5671571793364535
0.42285922143154814 0.5671444160736614
0.4229290570910548 0.5671967928182916
0.42291337529639544 0.567185031472297
0.42293056549698915 0.5671979241227423
0.42290435071170057 0.5671782630337758
0.42296681620159876 0.5672251121511994
0.4229523529923453 0.5672142647442594
0.4230082075994336 0.5672561556995757
0.4229948894806963 0.5672461671105227
0.4230447026029436 0.5672835269522081
0.4230885374143481 0.5673164030607614
0.4231269449487089 0.567345208711532
0.4231604396056676 0.5673703297042512
0.423149516616211 0.5673621374621586
0.42317900458959623 0.5673842534421976
0.423168952173162 0.5673767141298718
0.42318447754536304 0.5673883581590227
0.4231595526158131 0.5673696644618602
0.42314992080958225 0.5673624406071871
0.4231407078944641 0.5673555309208484
0.42315553076062246 0.5673666480704671
0.4231318974973278 0.5673489231229962
0.42315830526083315 0.5673687289456252
0.4231810755756147 0.5673858066817113
0.4231950748665294 0.5673963061498973
0.42317271651187427 0.567379537383906
0.42204922675527656 0.5665369200664577
0.42204919396757506 0.5665368954756816
0.42204736428075534 0.5665355232105668
0.424333363751434 0.5682500228135758
0.42431181951891256 0.5682338646391847
0.42426909218211717 0.5682018191365882
0.4242124806893678 0.5681593605170262
0.4242123601910993 0.5681592701433248
0.4242123468418638 0.5681592601313982
0.42421234562226035 0.5681592592166955
0.4242503421524999 0.5681877566143753
0.4242832375799054 0.5682124281849293
0.42409758082673177 0.5680731856200492
0.42409758034229467 0.5680731852567213
0.4238586587532446 0.5678939940649338
0.42385865829103236 0.5678939937182746
0.42358048451784186 0.5676853633883818
0.42358048407679283 0.567685363057595
0.4232753276527812 0.5674564957395862
0.4232753272318836 0.5674564954239131
0.4229535491333621 0.567215161850022
0.4229535487316526 0.5672151615487397
0.4226236232684932 0.5669677174513702
0.42262362288505484 0.5669677171637915
0.42229227782449635 0.5667192083683726
0.4222922774584569 0.566719208093843
0.4219646975456183 0.5664735231592142
0.4219646971961481 0.5664735228971114
0.42164475160439435 0.5662335637032961
0.4216447512707047 0.5662335634530289
0.42174973555093287 0.5663123016631999
0.4218488179855034 0.5663866134891279
0.42154259155833845 0.5661569436687541
0.42154259123967963 0.5661569434297601
0.42124726491004405 0.5659354486825334
0.42124726460570355 0.565935448454278
0.4209643001510661 0.5657232251133
0.4209642998603668 0.5657232248952754
0.4206945807951864 0.5655209355963902
0.420694580517485 0.5655209353881141
0.4204385440873758 0.5653289080655322
0.420438543822061 0.5653289078665461
0.42019628962121836 0.5651472172159141
0.4201962893677093 0.5651472170257824
0.42029691563180477 0.5652226867238539
0.4200675306903195 0.56505064801774
0.42006753044806433 0.5650506478360485
0.4198512702926756 0.564888452719507
0.41985127006114986 0.5648884525458626
0.4196477251092888 0.5647357938319668
0.41964782233976466 0.5647358667548238
0.41966670974950443 0.5647500323121287
0.4196801436210727 0.5647601077158049
0.41968938308137915 0.5647670373110346
0.4196935724933221 0.5647701793699917
0.4196935277812383 0.564770145835929
0.419688904645151 0.5647666784838636
0.4196137307561199 0.5647102980670902
0.41959103951092785 0.5646932796331962
0.41956988305501075 0.5646774122912583
0.4195555228673885 0.5646666421505416
0.4195418304398828 0.5646563728299123
0.4195287754838199 0.5646465816128652
0.41951632900313685 0.5646372467523528
0.4195044632483651 0.5646283474362741
0.4194931516711244 0.5646198637533435
0.41963311821002697 0.5647248386575205
0.419622615852009 0.564716961889007
0.4197507164407259 0.5648130373305447
0.4197409786674714 0.5648057340006037
0.4198578683321488 0.5648934012491118
0.41984885047801834 0.564886637858514
0.41995520426417987 0.5649664031981351
0.41994686214841603 0.5649601466113122
0.42004336208441884 0.5650325215633144
0.42003565243708807 0.5650267393278163
0.4201229767467882 0.5650922325600913
0.42011585755060726 0.5650868931629557
0.4201302243582254 0.5650976682686693
0.42010995494686754 0.5650824662101508
0.4201886393452601 0.5651414795089453
0.4201820635692606 0.5651365476769457
0.420252890839236 0.5651896681294272
0.4202468265823767 0.5651851199367827
0.4203104181253802 0.5652328135940353
0.42032378137368237 0.5652428360302619
0.42030456654957254 0.5652284249121795
0.4202989713023489 0.5652242284767619
0.42035581384544407 0.5652668603840831
0.42035065844405406 0.5652629938330407
0.42040142560435356 0.5653010692032654
0.4203966770037589 0.5652975077528193
0.42044189795548365 0.5653314234666128
0.420437525105224 0.565328143828918
0.42047769570543636 0.5653582717790774
0.42047366952928245 0.5653552521469619
0.42050925223326185 0.5653819391749465
0.42050554558636905 0.5653791591897768
0.42053696989225264 0.5654027274191896
0.42053355750102694 0.5654001681257703
0.419287770632856 0.5644658279746422
0.41928773552667475 0.5644658016450063
0.4192858964972143 0.5644644223729108
0.41926159485983033 0.5644461961448728
0.41924209326558404 0.5644315699491882
0.41920128441736515 0.564400963313024
0.4191497511490043 0.5643623133617532
0.41914963918898157 0.5643622293917362
0.41914962684855517 0.5643622201364165
0.4191496255722662 0.5643622191791997
0.4189729437708779 0.5642297078281585
0.4189729333890341 0.5642297000417755
0.41880611405448964 0.5641045855408673
0.4188061049988119 0.5641045787491089
0.41864870026341405 0.5639865251975607
0.4186486923312354 0.5639865192484266
0.4185002419561715 0.5638751814671288
0.418500234980254 0.5638751762351906
0.4183602762738421 0.5637702072053816
0.4183602701154983 0.5637702025866238
0.4182283453328947 0.5636712589996712
0.4182283398765645 0.5636712549074235
0.41831925156351735 0.5637394386726381
0.4181937838406281 0.5636453378804711
0.41819377898957916 0.5636453342421845
0.41807547958287744 0.5635566096871581
0.4180754752557792 0.5635566064418345
0.4181611023337468 0.5636208267503102
0.41804853532284136 0.5635364014921311
0.4180485314510214 0.5635363985882662
0.4179423490041869 0.5634567617531403
0.41794234552942233 0.5634567591470668
0.4178421757187804 0.5633816317890854
0.4178421725915124 0.5633816294436345
0.41792220831569404 0.5634416562367706
0.41782679701329756 0.5633700977599733
0.4178267941911811 0.5633700956433859
0.4177367318262791 0.5633025488697094
0.41773672927299954 0.5633025469547498
0.4176517000878271 0.5632387750658705
0.41765169777213074 0.5632387733290982
0.4175714035054969 0.5631785526291229
0.4175714014003934 0.5631785510502952
0.4174955608673592 0.5631216706505195
0.41749555894946283 0.5631216692120973
0.41742390747779 0.5630679306083428
0.41742390572677346 0.5630679292950803
0.41735619449636197 0.5630171458722717
0.4173561928945016 0.5630171446708765
0.417292188215491 0.5629691411616184
