1.0 1
1.2155214245761183e-09 0.975000000030388
1.2155214245761183e-09 0.9500000000607761
1.1800715216900973e-09 0.9500000000590036
1.1482271357666893e-09 0.9500000000574114
1.119542003246855e-09 0.9500000000559771
1.09363421480744e-09 0.9500000000546818
1.0701757480619442e-09 0.9500000000535088
1.0488839782251855e-09 0.9500000000524442
1.0295145256148474e-09 0.9500000000514758
1.0118553516794869e-09 0.9500000000505928
0.1613745257099621 0.9580687262854981
0.16281766558475633 0.9581408832792379
0.16188018958749192 0.9580940094793746
0.16318961242950358 0.9581594806214753
0.16424737687970742 0.9582123688439854
0.16352418096327806 0.9581762090481639
0.16448272100636308 0.9582241360503181
0.16382694478001258 0.9581913472390007
0.16312557080707613 0.9581562785403538
0.1623891479067692 0.9581194573953384
0.16346789272144466 0.9581733946360723
0.1643528287845971 0.9582176414392298
0.16506432962379344 0.9582532164811897
0.16457646291473127 0.9582288231457365
0.16405333566830368 0.9582026667834151
0.16350275298247327 0.9581751376491237
0.16430687758244594 0.9582153438791223
0.1638075562701529 0.9581903778135077
0.16453604581775783 0.958226802290888
0.1640833170178256 0.9582041658508913
0.16474314213777072 0.9582371571068885
0.16528187933048905 0.9582640939665245
0.16492932846693542 0.9582464664233468
0.1654169846501053 0.9582708492325052
0.1658069904014623 0.9582903495200732
0.16611071123823015 0.9583055355619114
0.16589053814883206 0.9582945269074417
0.16564712797853906 0.9582823563989269
0.1653848966344639 0.9582692448317232
0.1657467402411058 0.9582873370120553
0.16603556508752162 0.9583017782543761
0.16626001268810908 0.9583130006344055
0.16642791395357542 0.9583213956976788
0.1665463414146666 0.9583273170707333
0.16645117154418176 0.958322558577209
0.1663350031804146 0.9583167501590207
0.16620126747096145 0.958310063373548
0.16636759107753918 0.9583183795538769
0.1664917721306456 0.9583245886065322
0.07132505678013923 0.953566252839007
0.35947836351769863 0.9519608772638273
0.5035550241214328 0.9503555024121433
0.5900010146957098 0.9487501268369638
0.5751748544007955 0.9468968568000994
0.5603486937713299 0.9450435867214162
0.5428130771535455 0.9428516346441931
0.52798691652408 0.94099836456551
0.5065250481141919 0.938315631014274
0.4889894221687556 0.9361236777710944
0.46132026318783703 0.9326650328984796
0.43985839091540724 0.9299822988644258
0.4121892254969194 0.9265236531871149
0.4121892254969194 0.9265236531871149
0.3731917628723833 0.9216489703590479
0.35565623024339776 0.9194570287804247
0.4523449302511704 0.9178517395376755
0.5214078416818406 0.916246372294322
0.5108178647132662 0.9143931263248216
0.49829254961622615 0.9122011961828396
0.48296266542392596 0.9095184664491871
0.4631990167954912 0.906059827939211
0.4353438954116559 0.9011851816970398
0.42001504141827795 0.8985026322481986
0.409424990163519 0.8966493732786158
0.3896619170822233 0.893190835489389
0.34204357684267955 0.8848576259474689
0.3141911665477732 0.8799834541458603
0.301665808316681 0.8777915164554191
0.25405217696638194 0.8694591309691168
0.3446581598355669 0.8853151779712242
0.29703916347000203 0.8769818536072502
0.3876461253189428 0.892838071930815
0.3877648526033394 0.8928588492055844
0.3877648526033394 0.8928588492055844
0.4783611133011224 0.9087131948276964
0.4783611133011224 0.9087131948276964
0.4630321185247101 0.9060306207418243
0.4432802361654544 0.9025740413289546
0.5048437604310267 0.9009687520862053
0.48049098612685703 0.8960981972253714
0.4712297105394722 0.8942459421078943
0.46032755817083 0.892065511634166
0.5134644848069158 0.890529509081556
0.5576506395997003 0.889412659899925
0.5978642178179093 0.889412659899925
0.6276527023943137 0.888295810718294
0.6225326938856138 0.886759808165684
0.6184767659283028 0.885543029778491
0.6142292528514418 0.8842687758554326
0.5483195860773995 0.86449587582322
0.5566831370610191 0.8559220195448312
0.5638518950469789 0.8473481632664427
0.5637274596799539 0.8473046108879838
0.5636088438350813 0.8472630953422785
0.5636088438350813 0.8472630953422785
0.5927015875794092 0.8472630953422785
0.5698379708370395 0.8386892390638898
0.5713008124695924 0.8392378046760971
0.5712640194380052 0.839224007289252
0.5712250014331347 0.8392093755374255
0.5711900377155489 0.8391962641433308
0.5711528907023516 0.8391823340133818
0.5711173036900894 0.8391689888837834
0.571084376845266 0.8391566413169749
0.5710527938880677 0.8391447977080254
0.5710191215786771 0.8391321705920038
0.5709891006489507 0.8391209127433565
0.5709570437612559 0.839108891410471
0.5478393742524194 0.8304397653446574
0.547607003447686 0.8303526262928823
0.5475254451848154 0.8303220419443058
0.5061481642846926 0.8148055616067598
0.47549941678881263 0.7901997667155249
0.4754833090066783 0.7901933236026712
0.47546820583260985 0.7901872823330439
0.4754540341352074 0.7901816136540829
0.4754407270860972 0.7901762908344389
0.47542822352695924 0.7901712894107836
0.4754164674085477 0.7901665869634191
0.47540540729265124 0.7901621629170605
0.47539499590917894 0.7901579983636715
0.4833553489661623 0.7933421395864648
0.45493264332717476 0.7683463734140493
0.42965952292304793 0.7433467853153716
0.40705477714306515 0.718351019142956
0.40807161015053434 0.7188340148215038
0.4080713059464417 0.7188338703245598
0.4080453141529018 0.7188215242226283
0.40804500932594373 0.7188213794298233
0.40807105872605515 0.7188337528948762
0.40807077869198 0.7188336198786904
0.40804599282474396 0.7188218465917533
0.4080457122665686 0.71882171332662
0.4080705494265164 0.7188335109775952
0.4080702912271175 0.7188333883328808
0.4080466561870643 0.7188221616888555
0.40804639754809635 0.7188220388353457
0.40807007801707146 0.7188332870581089
0.40806983958483817 0.7188331738027982
0.4101126305193651 0.7198034994966983
0.39259486869312965 0.7114825626292365
0.3869833858994168 0.708817108302223
0.38312587549423666 0.7069847908597623
0.3785517403873896 0.70481207668401
0.3712917827241217 0.7013635967939578
0.40463377192899863 0.7172010416662742
0.40463377192899863 0.7172010416662742
0.39441974163771837 0.7123493772779161
0.37712721441320823 0.7041354268462738
0.3715400732710114 0.7014815348037303
0.4045374619297953 0.7171552944166526
0.40456036229038983 0.7171661720879351
0.40456036229038983 0.7171661720879351
0.39738010914435334 0.7137555518435678
0.39738010914435334 0.7137555518435678
0.3878196974622974 0.7092143562945912
0.3836886739816138 0.7072521201412665
0.3673416235403393 0.699487271181661
0.3984317850313228 0.7142550978898783
0.393500997279589 0.7119129737078047
0.393500997279589 0.7119129737078047
0.3876715805594982 0.7091440007657616
0.3798016606744574 0.7054057888203672
0.3798016606744574 0.7054057888203672
0.3798291190188433 0.7054188315339505
0.38152564791844823 0.7062246827612628
0.3835890278161824 0.7072047882126865
0.38602557069455745 0.7083621460799148
0.38881474172004266 0.7096870023170202
0.3863506432831126 0.7085165555594783
0.38636941394715296 0.7085254716248975
0.38900625550325235 0.7097779713640447
0.38900625550325235 0.7097779713640447
0.3864446167933717 0.7085611929768515
0.3864446167933717 0.7085611929768515
0.3671070447953957 0.6993758462778128
0.3987516925556259 0.6993758462778128
0.40137012038334113 0.7006850601916705
0.40137012038334113 0.7006850601916705
0.40137012038334113 0.7006850601916705
0.3578933445960458 0.6789466722980227
0.34706339886547666 0.6572082844043752
0.3470021099512502 0.6571761077244063
0.3469442369204403 0.657145724383231
0.3468895677907021 0.6571170230901185
0.3468379056583514 0.6570899004706343
0.3514667906051864 0.6595200650677228
0.3514049336589372 0.659487590170942
0.3514492117369598 0.6595108361619039
0.3535439560185122 0.6606105769097188
0.38013558974019807 0.6590745743571088
0.4043082998606765 0.6574772724198888
0.42645459080047293 0.6558727544802837
0.4468407240689022 0.6542754525430639
0.4440051953197521 0.652503247074845
0.4419522628820119 0.6512201643012574
0.4399134566051186 0.649945910378199
0.4399134566051186 0.649945910378199
0.4407019758907417 0.6504387349317137
0.44055891411200043 0.6503493213200002
0.4405314256950408 0.6503321410594005
0.4404183393647824 0.650261462102989
0.44041819066896526 0.6502613691681033
0.4402536035545624 0.6501585022216015
0.44025344016196943 0.6501584001012309
0.44010666039808044 0.6500666627488003
0.44010650795388107 0.6500665674711757
0.43997531798502043 0.6499845737406378
0.4399751756070865 0.6499844847544292
0.4398576553244487 0.6499110345777804
0.43985752221505353 0.6499109513844085
0.4397520093413804 0.6498450058383628
0.43975188477790894 0.6498449279861932
0.4396569396526023 0.6497855872828765
0.4396568229794045 0.6497855143621278
0.43957119767637304 0.6497319985477332
0.43957108829760627 0.6497319301860041
0.4396033537409344 0.649752096088084
0.43960320828186944 0.6497520051761685
0.4395242612658148 0.6497026632911342
0.43952415863914324 0.6497025991494645
0.4395539843182972 0.6497212401989358
0.4395538486263843 0.6497211553914902
0.43948095601072185 0.6496755975067012
0.43948085964176054 0.6496755372761004
0.43950846833925905 0.649692792712037
0.43950834162669156 0.6496927135166822
0.4394409474956769 0.649650592184798
0.4394408569330833 0.649650535583177
0.43946644756681424 0.6496665297292589
0.4394663291214283 0.6496664557008927
0.4394039372386928 0.649627460774183
0.4394038520698234 0.6496274075436397
0.43942760256521013 0.6496422516032563
0.43942749174209916 0.649642182338812
0.43936965834945296 0.649606036468408
0.43936957819651284 0.6496059863728205
0.439391647985178 0.6496197799907362
0.43939154419934956 0.6496197151245935
0.4418119871227507 0.6511324919517192
0.44183026299433237 0.6511439143714577
0.44184204065643823 0.651151275410274
0.44184204065643823 0.651151275410274
0.44185438984666786 0.6511589936541674
0.44403388107859504 0.6525211756741219
0.44403388107859504 0.6525211756741219
0.44399741755308836 0.6524983859706802
0.443835857309172 0.6523974108182324
0.4437733371547795 0.6523583357217372
0.4437140813895259 0.6523213008684536
0.4436579077801831 0.6522861923626144
0.44369051898529827 0.6523065743658114
0.44353968112227665 0.6522123007014228
0.4434863168172788 0.6521789480107991
0.4434357069900278 0.6521473168687674
0.4433877004996439 0.6521173128122774
0.4433421552463959 0.6520888470289974
0.4432989375745596 0.6520618359840997
0.4433298365540566 0.6520811478462853
0.4433344200044265 0.6520840125027665
0.4432983196655225 0.6520614497909516
0.44315713799083944 0.6519732112442747
0.45220895234597613 0.657630595216235
0.45219360904208394 0.6576210056513024
0.4521816118929273 0.6576135074330794
0.45216947648879124 0.6576059228054945
0.45215728089426055 0.6575983005589128
0.4521450925708227 0.6575906828567641
0.4521320758767386 0.6575825474229615
0.45211947935698354 0.6575746745981146
0.4521073016372873 0.6575670635233045
0.45209626854146107 0.6575601678384131
0.4520852919626173 0.6575533074766358
0.4520742046049503 0.6575463778780939
0.4520636259168749 0.6575397661980468
0.45205317135407613 0.6575332320962974
0.45204287403595994 0.6575267962724749
0.45203276164886486 0.6575204760305405
0.45202315913267355 0.6575144744579209
0.4520399724177047 0.6575249827610654
0.4519078231065159 0.6574423894415724
0.4518985202294142 0.6574365751433838
0.45188902503157574 0.6574306406447348
0.4518802629497985 0.657425164343624
0.45187180619734485 0.6574198788733405
0.4518628955968534 0.6574143097480333
0.4518541847552529 0.6574088654720329
0.45184640177736063 0.6574040011108503
0.4518388971968766 0.6573993107480478
0.4519529606659438 0.6574706004162149
0.45195213260163125 0.6574700828760195
0.45190381837114385 0.6574398864819648
0.45176822096265845 0.6573551381016614
0.45174253257092417 0.6573390828568275
0.4516349549999156 0.6572718468749471
0.4516348742417663 0.6572717964011038
0.45132572723593356 0.6570785795224584
0.4513256659475283 0.6570785412172051
0.45105175450408697 0.6569073465650542
0.451051695774856 0.6569073098592849
0.45080872093361046 0.6567554505835064
0.45080866466032193 0.6567554154127011
0.4505928081222427 0.6566205050764016
0.4505927542050132 0.6566204713781332
0.4504006538036997 0.6565004086273122
0.4504006021460297 0.6565003763412685
0.450229314669891 0.6563933216686818
0.4502292651786727 0.6563932907366704
0.450265375608763 0.6564158597554768
0.4502652927549432 0.6564158079718394
0.45011013215890344 0.6563188325993146
0.4501100847444043 0.6563188029652526
0.4501428922573321 0.6563393076608325
0.45014281381516136 0.6563392586344757
0.4500020049701098 0.6562512531063185
0.4500019595459378 0.6562512247162109
0.4500318211077575 0.6562698881923483
0.4500317468085918 0.6562698417553697
0.44990372992755967 0.6561898312047246
0.44990368641061246 0.6561898040066326
0.44993091614954944 0.6562068225934683
0.44993084574376513 0.6562067785898531
0.44981424961638156 0.6561339060102384
0.449814207926783 0.6561338799542392
0.44983908244444626 0.6561494265277787
0.44983901569990026 0.6561493848124376
0.44973263392880314 0.6560828962055019
0.4497325939898301 0.6560828712436437
0.4497553570665828 0.6560970981666141
0.44975529376721113 0.6560970586045068
0.4496580638347885 0.6560362898967427
0.44965802557279 0.6560362659829936
0.44967889230791586 0.6560493076924473
0.4496788322524568 0.6560492701577854
0.44958981718330177 0.6559936357395635
0.44958978052761217 0.6559936128297574
0.44960894096452936 0.6560055881028306
0.4496088839653593 0.6560055524783495
0.44952725632527746 0.6559545352032983
0.44953529528122366 0.6559595595507647
0.44954746173728566 0.6559671635858033
0.44954746173728566 0.6559671635858033
0.44955803193228683 0.6559737699576791
0.45185195646415227 0.6574074727900949
0.4518650904760266 0.6574156815475164
0.45182970503997977 0.6573935656499872
0.4517060596824992 0.6573162873015619
0.45169020002975613 0.6573063750185975
0.45167502960193084 0.6572968935012066
0.45168950691315407 0.6573059418207212
0.4517005662715671 0.6573128539197294
0.45168703024379675 0.6573043939023728
0.4516740828557261 0.6572963017848286
0.45166170130596084 0.6572885633162254
0.451649863381978 0.6572811646137362
0.4516385474799972 0.6572740921749981
0.4516486796786521 0.6572804247991574
0.4516560666861484 0.6572850416788427
0.4516459501966633 0.6572787188729144
0.4516512544955336 0.6572820340597083
0.45164189656008064 0.6572761853500502
0.45163295195892506 0.657270594974328
0.4516244039947956 0.6572652524967472
0.4516284393382735 0.6572677745864208
0.45163058165069303 0.657269113531683
0.4516310781688516 0.6572694238555321
0.4516236506526857 0.6572647816579285
0.45162294862893887 0.6572643428930867
0.45161606456967096 0.6572600403560441
0.45160948567360304 0.6572559285460018
0.45160794720490016 0.6572549670030625
0.4516053332187011 0.6572533332616881
0.4515994100699103 0.6572496312936937
0.4515937500818456 0.6572460938011535
0.4515905490205844 0.6572440931378651
0.45158529477263826 0.6572408092328988
0.45158027506347054 0.6572376719146689
0.45157656898518816 0.6572353556157424
0.4515719067249842 0.6572324417031149
0.45156765176698144 0.6572297823543632
0.4515633189651261 0.6572270743532037
0.4515591806449297 0.6572244879030811
0.4515552286253165 0.6572220178908227
0.4455449101147729 0.6534655688217329
0.42901503681615133 0.6288597739304983
0.4290051243348379 0.6288533308176445
0.4337780181386245 0.6319557117901058
0.43365850792456645 0.6318780301509681
0.4337184286903795 0.6319169786487466
0.43792384654352884 0.6346505002532936
0.4357461865260805 0.6332350212419522
0.4357453298482376 0.6332344644013543
0.4379981813735738 0.6346988178928228
0.4380267604367547 0.6347173942838904
0.43790305145813213 0.6346369834477856
0.437879946941995 0.6346219655122965
0.4377817288453183 0.6345581237494567
0.43828807831583216 0.6348872509052906
0.4383503869280599 0.6349277515032388
0.43825749245677376 0.6348673700969029
0.43825183045386135 0.6348636897950097
0.438183923731208 0.6348195504252849
0.43818321430487944 0.6348190892981714
0.43812104790114964 0.6347786811357471
0.4381204123364038 0.6347782680186622
0.43806340773920494 0.634741215030483
0.4380628366979176 0.6347408438536462
0.4380104820922021 0.6347068133599312
0.4380099676087287 0.6347064789456734
0.4379618094716722 0.6346751761565868
0.4379613447261108 0.6346748740719719
0.4379169805296085 0.6346460373442454
0.43791655966223897 0.6346457637804551
0.43787563153890013 0.6346191605002849
0.4378752494977025 0.6346189121735065
0.43783743874257797 0.6345943351826756
0.4378370911574387 0.6345941092523351
0.437849878617257 0.6346024211012169
0.4378441511404986 0.6345986982413241
0.4378088074862135 0.6345757248660387
0.4378084905647517 0.6345755188670885
0.43782044251692964 0.6345832876360042
0.4378150192804518 0.6345797625322935
0.43778195346810905 0.6345582697542709
0.4377816639090869 0.6345580815409064
0.43779284447052863 0.6345653489058435
0.4377877071456205 0.6345620096446533
0.43775674698218947 0.6345418855384232
0.4377564819032798 0.6345417132371318
0.43776694941558464 0.6345485171201298
0.4377620809635229 0.6345453526262899
0.4377330695601124 0.6345264952140729
0.43773282643743316 0.6345263371843315
0.4377426340621351 0.6345327121403879
0.43773801862828476 0.634529712108385
0.43771081284002034 0.6345120283460132
0.43771058945734787 0.634511883147276
0.43771978570311343 0.6345178607070237
0.43771540852092095 0.6345150155385986
0.43977822657748683 0.6358558472753664
0.4397935182587976 0.6358657868682185
0.43980400728664604 0.6358726047363199
0.43980400728664604 0.6358726047363199
0.43981519251434603 0.6358798751343249
0.4398176461994555 0.635881470029646
0.4420632834624491 0.6373411342505919
0.4420759086792412 0.6373493406415067
0.4420428037735031 0.637327822452777
0.44191215883045565 0.6372429032397962
0.441928737784136 0.6372536795596884
0.4415908695031593 0.6370340651770535
0.44152672647197644 0.6369923722067847
0.44146613532466566 0.6369529879610327
0.44140888129088857 0.6369157728390776
0.4413547638484645 0.6368805965015019
0.4413035957248732 0.6368473372211676
0.4412552019641788 0.6368158812767162
0.441209419057123 0.63678612238713
0.4412596560180097 0.6368187764117064
0.44093646363061795 0.6366087013599018
0.44089284211474855 0.6365803473745866
0.4408515491514695 0.6365535069484552
0.4408124503907055 0.6365280927539586
0.44086008913425107 0.6365590579372633
0.4409088816866983 0.6365907730963538
0.440601309891694 0.6363908514296011
0.4405640333828199 0.636366621698833
0.4405287187993427 0.6363436672195728
0.4405741911452804 0.6363732242444323
0.44028201096780883 0.6361833071290757
0.4402483333723011 0.6361614166919958
0.4402919573358433 0.6361897722682981
0.4400148514453336 0.6360096534394668
0.4399827356815114 0.6359887781929825
0.4400245806465431 0.6360159774202531
0.4397619839326507 0.635845289556223
0.4397313582975313 0.6358253828933953
0.4397714914379014 0.6358514694346359
0.4395228077384463 0.63568982502999
0.4394936038151992 0.6356708424798795
0.4395320901377969 0.6356958585895679
0.439579607250082 0.6357267447125532
0.4393440358478971 0.6355736233011331
0.4393161883485453 0.6355555224265544
0.4392897694815702 0.6355383501630207
0.4497470414478438 0.6423355769410986
0.44975011819157956 0.6423375768245267
0.44975147773080065 0.6423384605250204
0.4497370856823141 0.6423291056935042
0.450050469556959 0.6425328052120234
0.4464472015845381 0.6401906810299498
0.44310198491428904 0.638016290194288
0.44025440926752296 0.6361653660238901
0.4369027640547838 0.6339867966356095
0.43283536102419845 0.6313429846657291
0.42783278248284906 0.628091308613852
0.4249227761198482 0.6261998044779015
0.42189170178779883 0.6242296061620694
0.41698131616977935 0.6210378555103567
0.41098075701177794 0.6171374920576558
0.42094666760637506 0.6236153339441438
0.4137156833887338 0.618915194202677
0.4095998609982848 0.6162399096488851
0.40429519870216507 0.6127918791564074
0.42398127587674383 0.6111873612168022
0.4168323209182739 0.6063618166198349
0.4053288409781177 0.5985969676602295
0.42720710276806906 0.6133647943684466
0.4272070753218527 0.6133647758422506
0.4272070753218527 0.6133647758422506
0.42718724704063277 0.6133513917524273
0.427074296438808 0.6132751500961955
0.4270534002688028 0.613261045181442
0.42696875378381605 0.6132039088040759
0.42697856878068063 0.6132105339269595
0.4268990918030686 0.6131568869670714
0.42689641025181213 0.6131550769199732
0.42668440224162846 0.6130119715130993
0.4266842223775877 0.6130118501048717
0.4264945363039994 0.6128838120051997
0.4264943690816949 0.6128836991301441
0.42632438411558027 0.6127689592780167
0.426324228461112 0.6127688542112506
0.42617163406583136 0.6126658529944361
0.42617148901353 0.6126657550841328
0.4260342552171749 0.6125731222715931
0.4260341198970864 0.6125730309305334
0.4259104670960041 0.6124895652898028
0.4259103407229892 0.6124894799880177
0.4257987106915235 0.6124141297167783
0.42579859255574426 0.6124140499751274
0.42569762155846363 0.612345894551963
0.42569751101706327 0.6123458199365177
0.4256060054287784 0.6122840536644254
0.42560590189859 0.6122839837815482
0.42561970731036375 0.6122933024344956
0.4256164492617118 0.6122911032516555
0.42553275447332206 0.6122346092694924
0.425532657424467 0.6122345437615152
0.4246811773423854 0.6116597947061102
0.4246811773423854 0.6116597947061102
0.41750369252364716 0.6068149924534618
0.41751579802023536 0.6068231636636588
0.41964246658713716 0.6082586649463175
0.4196553771666487 0.6082673795874879
0.4196243627622931 0.6082464448645478
0.4195034941076839 0.6081648585226866
0.4192919652201561 0.6080220765236054
0.41932325296134626 0.6080431957489087
0.4192743750129207 0.6080102031337214
0.41930142703547335 0.6080284632489444
0.41925647372515795 0.6079981197644816
0.4192797277291246 0.6080138162171591
0.41923837302674727 0.6079859017930545
0.41925822857562944 0.60799930428855
0.4192728877880286 0.6080091992569194
0.4192369766615137 0.6079849592465217
0.4192491293954259 0.6079931623419126
0.41925717029232273 0.6079985899473179
0.41926161151143027 0.6080015877702155
0.4192629176611684 0.6080024694212887
0.4192352442071349 0.607983789839816
0.4192354839170334 0.6079839516439977
0.41920991111048383 0.6079666899995766
0.4191848412873311 0.6079497678689485
0.41916031940190795 0.6079332155962879
0.4191624174241495 0.607934631761301
0.41913976648355633 0.6079193423764006
0.41911766260476957 0.6079044222582196
0.4190961307796613 0.6078898882762714
0.4190994602533309 0.6078921356709983
0.41907957607056756 0.6078787138476331
0.41908177612584496 0.6078801988849454
0.4190820740067043 0.6078803999545255
0.41906461896666153 0.6078686178024966
0.41904763237529 0.6078571518533208
0.41904799611920723 0.607857397380465
0.419046866562214 0.6078566349294945
0.41904445619423863 0.607855007931111
0.41903022117571836 0.6078453992936099
0.4190274031316929 0.6078434971138927
0.41901419918113453 0.6078345844472658
0.4190110431638365 0.6078324541355897
0.4190070500771923 0.6078297588021048
0.4190023564462787 0.6078265906012381
0.4189970833123948 0.6078230312358665
0.41898644564504844 0.6078158508104077
0.41897606341075677 0.6078088428022609
0.4189659479636049 0.6078020148754334
0.41833327592137765 0.6073749612469299
0.41833324984386705 0.6073749436446103
0.41833324984386705 0.6073749436446103
0.41831370164871223 0.6073617486128807
0.4182065889905591 0.6072894475686275
0.4181869543840869 0.6072761942092587
0.4181121841802862 0.6072257243216932
0.4181090478471348 0.607223607296816
0.41807059604072205 0.6071976523274876
0.4180705049909786 0.6071975908689107
0.4180355971477906 0.6071740280747587
0.4180355116576306 0.6071739703689006
0.4180037543293564 0.6071525341723156
0.4180036739975634 0.6071524799483553
0.4179747243006139 0.6071329389029144
0.4179746487604073 0.607132887913275
0.4179482071352017 0.6071150398162611
0.41794813605080267 0.6071149918342919
0.4179239401430129 0.6070986595965338
0.4179238732065964 0.6070986144144526
0.41790169268671784 0.6070836425635345
0.41790162961570354 0.6070835999905999
0.41792913639835944 0.6071021670688926
0.417925824128865 0.6070999312869839
0.4179045365881182 0.6070855621969798
0.4179044771227574 0.6070855220578613
0.4179308580028913 0.6071033291519516
0.4179276921269822 0.607101192185713
0.4179072713056615 0.6070874081313216
0.41790721520688584 0.607087370264648
0.4179325044151212 0.6071044404802068
0.4179294781527088 0.6071023977530784
0.417909897567173 0.6070891808578418
0.41790984461467223 0.6070891451149037
0.41793407657046555 0.6071055016850643
0.4179311834819249 0.6071035488502993
0.41791241655512473 0.6070908811747092
0.41791236654562763 0.6070908474182987
0.4179355756951623 0.6071065135942345
0.41793280966242463 0.6071046465221366
0.4179148298402428 0.6070925101421638
0.41791478258597653 0.6070924782455341
0.4179370032586581 0.6071074771995942
0.4179343584674432 0.6071056919655241
0.41791713932177793 0.6070940690422001
0.4179170946490861 0.6070940388881331
0.4179383609312652 0.607108393628604
0.4179358318543837 0.607106686501709
0.41791934717390655 0.607095559342387
0.41791930492200735 0.6070955308223549
0.41759346025745797 0.6068755856737841
0.41759346025745797 0.6068755856737841
0.4305781404249538 0.6156402447868439
0.43058989824553623 0.6156481813157371
0.43055975018115766 0.6156278313722814
0.43044670036186145 0.6155515227442565
0.4304649408636092 0.6155638350829362
0.43026144488508017 0.615426475297429
0.4303537280993048 0.6154887664670307
0.43032645268562947 0.6154703555627998
0.4304094977020806 0.6155264109489045
0.43038437029343435 0.6155094499480682
0.43045891602377323 0.6155597683160469
0.4304357777976386 0.615544150013406
0.43050252743418477 0.6155892060180748
0.4304812285453614 0.6155748292681189
0.4305408469424657 0.6156150716861644
0.4305212465664884 0.6156018414323796
0.4305743587520932 0.615637692157663
0.43055632500002067 0.615625519375014
0.43057799712102984 0.6156401480566951
0.43058331336476796 0.6156437365212184
0.43047748934606084 0.6155723053085911
0.43049503574451436 0.6155841491275472
0.4303019982673761 0.6154538488304789
0.4303490209791831 0.6154855891609486
0.4303900006523282 0.6155132504403216
0.43042551992318123 0.6155372259481474
0.43041019708749323 0.615526883034058
0.4303955136853796 0.6155169717376313
0.4304273421998572 0.6155384559849036
0.43041383319959137 0.6155293374097243
0.4304008921360443 0.61552060219183
0.4304293226881046 0.6155397928144707
0.430453700881475 0.6155562480949957
0.43047444910917937 0.6155702531486961
0.4304634604254281 0.615562835787164
0.4304529302718198 0.6155557279334785
0.4304428428927881 0.6155489189526321
0.4304616066564583 0.6155615844931094
0.43047742438555353 0.6155722614602487
0.43049691663611916 0.6155854187293806
0.43031400502596184 0.6154619533925243
0.4303270980555053 0.6154707911874662
0.43033786615404457 0.6154780596539802
0.43034657508107416 0.615483938179725
0.43033861280164365 0.6154785636411095
0.43033097900836986 0.6154734108306498
0.4303384632360984 0.6154784626843666
0.4303443170766377 0.6154824140267305
0.4307723781646203 0.6157713552611187
0.4307723507226269 0.6157713367377732
0.43077117130185116 0.6157705406287496
0.43075198737253007 0.6157575914764578
0.43065039339389116 0.6156890155408765
0.43063198956103776 0.6156765929537005
0.4305612583027569 0.6156288493543609
0.4305588396844163 0.615627216786981
0.43055137193619863 0.615622176056934
0.4305513319560675 0.6156221490703455
0.43054440088444607 0.6156174705970011
0.4305443630378089 0.615617445050521
0.4305379225314847 0.6156130977087522
0.4305378866899096 0.6156130735156891
0.4305318953387408 0.61560902935365
0.4305318613828176 0.6156090064334019
0.4305262819255041 0.6156052402997153
0.43052624974410186 0.6156052185772688
0.4305210485884699 0.6156017077972172
0.4305210180780649 0.6156016872026939
0.4305399671204268 0.6156144778062881
0.43053753584793275 0.6156128366973547
0.4305323359568625 0.6156093267708822
0.43053230702092843 0.6156093072391268
0.43055121366772886 0.615622069225717
0.430548895929163 0.6156205047521851
0.4305437107786468 0.6156170047755867
0.430543683327101 0.6156169862457932
0.43056249976058214 0.615629687338393
0.430560289919157 0.615628195695431
0.4305551321651333 0.615624714211465
0.43055510611383385 0.6156246966268379
0.43057378772202537 0.6156373067123672
0.4305716804511897 0.6156358843045531
0.4305665618848844 0.615632429272297
0.43056653715517185 0.615632412579741
0.430585042654638 0.6156449037918807
0.4305830329184998 0.6156435472199875
0.43057796443722307 0.6156401259951256
0.43057794095550306 0.6156401101449647
0.43059623246034573 0.6156524569107333
0.4305943154955177 0.6156511629594744
0.43058930708735726 0.6156477822839662
0.43058928478472 0.615647767229686
0.4306073278278027 0.6156599462837669
0.4306054991265533 0.6156587119104235
0.4306005598673669 0.6156553779104728
0.43060053867923903 0.6156553636084864
0.4306183021916296 0.61566735397935
0.4306165574862347 0.6156661763032084
0.43144355141776786 0.6162243972069933
0.43145633542641215 0.6162330264128282
0.43146675626566905 0.6162400604793266
0.4314722045173196 0.6162437380491907
0.43146565613160226 0.6162393178888316
0.43146110477282956 0.6162362457216599
0.4314741028601627 0.6162450194306098
0.4314431734434877 0.6162241420743542
0.4313437471238227 0.6161570293085803
0.4311748953244558 0.6160430543440076
0.43113051956761766 0.616013100708142
0.43108737050760365 0.6159839750926326
0.43104547937531273 0.6159556985783361
0.4310759440530235 0.6159762622357909
0.43109709333480334 0.6159905380009922
0.4309368403519765 0.6158823672375842
0.4309610466688414 0.6158987065014679
0.4309244658634899 0.6158740144578557
0.430945220112864 0.6158880235761832
0.4309115519080014 0.615865297537901
0.43092922045081 0.6158772238042968
0.43089822287356483 0.6158563004396562
0.4309131390117694 0.6158663688329444
0.43088458994208084 0.6158470982109046
0.43089705629557623 0.615855512999514
0.4308707519980759 0.6158377575987013
0.43088104281365963 0.6158447038992202
0.4308567965417966 0.6158283376657127
0.4308332741856603 0.6158124600753208
0.43084280891984544 0.6158188960208957
0.43082112229699904 0.6158042575504743
0.43082884478836764 0.6158094702321482
0.4308088414475329 0.6157959679770848
0.4307894663214728 0.6157828897669941
0.43077072055118887 0.6157702363720524
0.4307526022239241 0.6157580065011488
0.43073510680874805 0.615746197095905
0.43074465340063917 0.6157526410454315
0.4307517492001183 0.6157574307100798
0.4307363327489291 0.6157470246055271
0.4307214504899047 0.6157369790806857
0.430707095953742 0.615727289768776
0.4306932611626482 0.6157179512847876
0.4306799368770746 0.6157089573920255
0.4306880096526024 0.6157144065155066
0.4306940527706879 0.6157184856202144
0.4306983156754453 0.6157213630809256
0.43068702093644756 0.6157137391321021
0.4307050280957278 0.6157258939646163
0.43055093881619905 0.6156218837009344
0.43095403570604673 0.6158939741015816
0.4309540109311125 0.615893957378501
0.4274665943959424 0.6135399512172611
0.4274665708568185 0.6135399353283525
0.4274644688914837 0.6135385165017515
0.42744553809591856 0.6135257382147451
0.42747179000014407 0.6135434582500972
0.42737532128757816 0.6134783418691152
0.4273580577864169 0.6134666890058315
0.4272911761285942 0.613421543886801
0.42729077839216956 0.6134212754147145
0.42721036449459926 0.6133669960338545
0.4272103551269916 0.6133669897107193
0.4271386529152358 0.6133185907177842
0.42713864338342256 0.6133185842838103
0.42707453585852195 0.6132753117045023
0.42707452620608755 0.6132753051891091
0.4270170576448529 0.6132365139102757
0.42701704791119904 0.6132365073400593
0.42696539873684636 0.6132016441473713
0.42696538895750014 0.6132016375463125
0.42691885467155544 0.6131702269032999
0.4269188448784606 0.6131702202929609
0.4268768184080589 0.6131418524254397
0.42687680862985067 0.6131418458251492
0.42683876553483957 0.6131161667360167
0.42683875579710306 0.6131161601630446
0.42680424186524696 0.6130928632590417
0.42680423219075964 0.6130928567287628
0.4268372789778713 0.6131151633100631
0.4268363360643963 0.6131145268434675
0.4268690848373355 0.6131366322652014
0.4268681909686027 0.6131360289038067
0.4268340522252493 0.6131129852520433
0.4268340426342081 0.6131129787780905
0.42680293136977643 0.6130919786745991
0.4268029218800096 0.6130919722690065
0.42683271578669246 0.6131120831560175
0.4268317747383522 0.6131114479483878
0.42680223484432755 0.6130915085199211
0.42680222547149255 0.6130915021932575
0.4268305167812069 0.6131105988273147
0.426829581459547 0.6131099674851942
0.426801532371731 0.6130910343509185
0.4268015231294983 0.6130910281124115
0.4268283885961831 0.6131091623024236
0.4268274609395776 0.613108536134215
0.4268008263390769 0.613090557778877
0.426800817239301 0.6130905516365284
0.426826329610829 0.6131077724873096
0.42751181003523386 0.6135704717737829
0.4275211690443913 0.6135767891049643
0.42752619921988994 0.6135801844734259
0.4275217640333872 0.6135771907225364
0.42753413827550907 0.6135855433359687
0.4258592986491254 0.6124550265881596
0.42587052227684385 0.6124626025368697
0.42584481401965446 0.6124452494632668
0.4351778650870265 0.6187450589337429
0.4350360723876863 0.6186493488616882
0.43498640434210983 0.6186158229309242
0.4350148610914254 0.6186350312367122
0.4349691723593698 0.6186041913425747
0.43499366331987876 0.6186207227409183
0.4350122344610755 0.6186332582612261
0.4349725437261905 0.6186064670151786
0.4349881556547759 0.6186170050669737
0.43495160591722 0.6185923339941235
0.43496458495937207 0.6186010948475762
0.43493091479141943 0.6185783674842081
0.43489810182322175 0.6185562187306747
0.4349105387208539 0.6185646136365763
0.4349191070822456 0.6185703972805158
0.4348904989215272 0.6185510867720309
0.4348972401640663 0.6185556371107447
0.4349009508875472 0.6185581418490944
0.4348759784882592 0.618541285479575
0.4348516225316418 0.6185248452088583
0.4348553450129409 0.6185273578837351
0.4348566579462263 0.6185282441137028
0.4348558848098615 0.6185277222466565
0.4348533162722303 0.6185259884837555
0.43483418560700393 0.6185130752847277
0.43481548512849844 0.6185004524617366
0.43481336168474377 0.6184990191372022
0.4348098357661919 0.6184966391421796
0.43480511919657333 0.618493455457687
0.43478951678144656 0.6184829238274766
0.43478458967395467 0.6184795980299194
0.43477878730411484 0.6184756814302774
0.43476501553727276 0.6184663854876591
0.4347515360287925 0.6184572868194349
0.4347383690682075 0.6184483991210401
0.43472553076253667 0.6184397332647122
0.4347215434499627 0.6184370418287249
0.43471683206255657 0.6184338616422258
0.43471152091670867 0.6184302766187784
0.4347006482422231 0.6184229375635006
0.43469532902568014 0.6184193470923341
0.4346851944089546 0.6184125062260444
0.4341035269108838 0.6180198806648466
0.43410348803648147 0.618019854424625
0.43110935439761183 0.6159988142183881
0.4311040998790385 0.6159952674183511
0.43108546542109516 0.6159826891592394
0.43111187189882677 0.6160005135317081
0.4310202496536868 0.6159386685162387
0.431004043939746 0.6159277296593286
0.4309498644956804 0.6158911585345844
0.43089644253617093 0.6158550987119155
0.4308711501136388 0.6158380263267063
0.4308711411665171 0.6158380202873992
0.43084787556127485 0.6158223160038606
0.4308478667754943 0.6158223100734588
0.43082643259787357 0.6158078420035646
0.430826423980747 0.6158078361870043
0.43080664796772267 0.615794487378213
0.43080663952531445 0.6157944816795874
0.43078836769986684 0.6157821481974102
0.43078835943710897 0.6157821426200487
0.430771454668767 0.6157707319014178
0.4307714465895662 0.6157707264479573
0.4307557864951883 0.6157601558842523
0.4307557786025246 0.6157601505567042
0.4307412537361476 0.6157503462718997
0.4307412460321652 0.6157503410717116
0.4307277583209001 0.6157412368666076
0.4307277508069909 0.615741231794719
0.4307459347891313 0.6157535059826638
0.43069681295896317 0.6157203487473002
0.43068389049334543 0.6157116260830083
0.43068388317022555 0.6157116211399023
0.4307013710993412 0.6157234254920555
0.43065666847677864 0.6156932512218256
0.43064429123530934 0.615684896583834
0.4306442841030897 0.6156848917695857
0.4306610973617994 0.6156962407192147
0.43062033675954264 0.6156687273126913
0.430608485135527 0.6156607274664807
0.43060847819377784 0.6156607227808001
0.43062463791251193 0.6156716305909458
0.4305874015956626 0.6156464960770723
0.4305760564134268 0.6156388380790633
0.43057604966123664 0.6156388335213349
0.43059157668654696 0.6156493142634194
0.4305574981612266 0.615626311258828
0.43054664068977355 0.6156189824655973
0.4305466341258036 0.6156189780349175
0.43056154899194765 0.6156290455695649
0.43053030601070663 0.6156079565572272
0.43182131315447553 0.6164793863792711
0.43184056495501894 0.6164923813446379
0.4318502090869236 0.6164988911336735
0.43185485677819924 0.6165020283252847
0.43185054249285315 0.616499116182676
0.43386974040182724 0.6178620747712336
0.43388116738281657 0.6178697879834013
0.4338560228123284 0.6178528153983217
0.4338304597239423 0.6178355603136612
0.43369325681049936 0.6177429483470872
0.4336639596826929 0.6177231727858178
0.43368394592570003 0.6177366634998476
0.4337015760620554 0.6177485638418875
0.4335717589791843 0.6176609373109494
0.4336610558067677 0.6177212126695684
0.4336340174644808 0.6177029617885246
0.43371428182051186 0.6177571402288456
0.4336893703286534 0.6177403249718412
0.4337081258768546 0.617752984966877
0.43372499516592816 0.6177643717370016
0.4336020548153545 0.6176813870003646
0.43367384831111294 0.6177298476100014
0.433650877742287 0.617714342476044
0.43371506953361594 0.6177576719351909
0.43377146828160335 0.6177957410900825
0.4337511429452266 0.6177820214880281
0.43380127436592286 0.6178158601969981
0.4337825698277657 0.6178032346337421
0.4338270040889168 0.6178332277600191
0.4338655719750103 0.6178592610831322
0.4338490439480095 0.6178481046649067
0.43383320640857165 0.6178374143257861
0.4338677996195934 0.6178607647432257
0.43385322604230353 0.6178509275785551
0.43388359595555304 0.6178714272699986
0.43390961931669786 0.6178889930387713
0.4338967369769075 0.6178802974594129
0.4338843923829136 0.617871964858467
0.43390753353796097 0.6178875851381239
0.4338961691746582 0.6178799141928945
0.43388528293146733 0.6178725659787407
0.4339057795725961 0.6178864012115026
0.43389575567079214 0.617879635077785
0.4339134590838408 0.6178915848815928
0.43390422668568834 0.6178853530128399
0.43391943108817255 0.6178956159845168
0.43393207796612737 0.6179041526271363
0.43392389303633533 0.6178986277995266
0.43393458138601104 0.6179058424355578
0.4339432448680046 0.6179116902859034
