1.0 1
0.657045748864455 0.9914261437216114
0.3937551165592744 0.9696877558279636
0.4815186606610013 0.961113899549575
0.48130367304417365 0.961097775478313
0.3389855652241708 0.9504239173918128
0.33833973232240183 0.95037547992418
0.33772820250447033 0.9503296151878352
0.33714901370585637 0.9502861760279393
0.3366003270186879 0.9502450245264017
0.3360804182607482 0.9502060313695561
0.33558767014304597 0.9501690752607285
0.33512056499753384 0.950134042374815
0.33467767802763515 0.9501008258520727
0.334983116711015 0.9501237337533261
0.334559410261324 0.9500919557695994
0.3348519179626558 0.9501138938471992
0.3344528480103329 0.9500839636007751
0.33473288615169217 0.9501049664613769
0.33435686463819686 0.9500767648478649
0.3339342211193799 0.9500450665839535
0.333533308726328 0.9500149981544747
0.33315294221459435 0.9499864706660945
0.33341869700397136 0.9500064022752979
0.33306224186863004 0.9499796681401472
0.33270061208850105 0.9499525459066376
0.3323573933594677 0.9499268045019601
0.33203159698384005 0.949902369773788
0.33172229174023277 0.9498791718805174
0.331428600196642 0.9498571450147482
0.3316798850822772 0.9498759913811708
0.3313410292358681 0.9498505771926901
0.33106159528890633 0.9498296196466679
0.3307961911641443 0.9498097143373109
0.3310356390921623 0.9498276729319122
0.3307151073247221 0.9498036330493541
0.33046253752222793 0.9497846903141671
0.33022258610333843 0.9497666939577505
0.3171902487217642 0.9487892686541324
0.23831283954751326 0.9238312839547513
0.19380391250813328 0.8992254890635166
0.1937982330764022 0.8992247791345502
0.25866562848752195 0.9073332035609403
0.2586603210366895 0.9073325401295861
0.2586377866122635 0.9073297233265329
0.25863280445412407 0.9073291005567656
0.25862570357553494 0.9073282129469419
0.25862104051190243 0.9073276300639878
0.2586001791881079 0.9073250223985134
0.25859579464929466 0.9073244743311619
0.2541249023989795 0.9067656127998724
0.3709917574549432 0.9056487636182414
0.4608500778185228 0.9056487636182414
0.5282438180912075 0.9056487636182414
0.5226595721830527 0.9045319144366106
0.5149795594200028 0.9029959118840006
0.50616188177412 0.901232376354824
0.554206105787618 0.899696373802214
0.5453925095122522 0.8977133146402567
0.5379553699333423 0.8960399582350019
0.5379553699333423 0.8960399582350019
0.4985298169182434 0.8871692088066048
0.46172328365182846 0.8654308209129571
0.47947987139843085 0.8568569646345685
0.4794212384120233 0.8568408405633063
0.47910397273721855 0.856753592502735
0.4790482204693943 0.8567382606290834
0.44063719023306386 0.8461752273140926
0.44046070815768557 0.8461266947433635
0.4402935937071736 0.8460807382694726
0.4401353116922734 0.8460372107153752
0.43998536045296843 0.8459959741245664
0.4398432695701556 0.8459568991317928
0.43970859773891535 0.8459198643782017
0.439580930793137 0.8458847559681126
0.4598575908301242 0.8514608374782842
0.45982295624760416 0.8514513129680912
0.4597883998077441 0.8514418099471296
0.4598346468664009 0.8514545278882603
0.45972254345056135 0.8514236994489044
0.459684882835435 0.8514133427797447
0.45972910581914533 0.8514255041002649
0.48354930395158086 0.8579760585866847
0.4835125320689809 0.8579659463189697
0.4834804549647129 0.857957125115296
0.48344862448292136 0.8579483717328034
0.4834152397119566 0.857939190920788
0.4833827731330155 0.8579302626115792
0.4833512437081908 0.8579215920197525
0.483322762116268 0.8579137595819736
0.48329313572248883 0.8579056123236845
0.4832658184850769 0.8578981000833961
0.4832388552909976 0.8578906852050243
0.48321182423217973 0.8578832516638494
0.48318602788778026 0.8578761576691395
0.48316057314581057 0.8578691576150979
0.48313591727761174 0.8578623772513432
0.4831118761098736 0.8578557659302153
0.4830882851806489 0.8578492784246784
0.4830651952233907 0.8578429286864324
0.4837169341003916 0.8580221568776076
0.526740522925359 0.8580221568776076
0.5220280484865604 0.856608414545968
0.5220280484865604 0.856608414545968
0.5169234629604449 0.8550770388881335
0.511803454451745 0.8535410363355235
0.5446308731781955 0.8520050337829135
0.5389929733552399 0.850172716340453
0.5673377097167078 0.8485681984008476
0.5919010910882628 0.8469629091580986
0.6133940497883735 0.8453576199153494
0.6087609348646222 0.843504373945849
0.6279976449274465 0.8418989990941647
0.6450969427610681 0.8402936242424806
0.6409785866774304 0.8384403640048437
0.6368604328175606 0.8365871947679022
0.6319895006168167 0.8343952752775674
0.6271185408006954 0.832203343360313
0.6222475382889813 0.8300113922300415
0.638749508604948 0.8284060165873504
0.6536012820243414 0.8268006410121707
0.6498947435326272 0.8249473717663136
0.6445292845717688 0.8222646422858844
0.637612005019583 0.8188060025097915
0.6332280988393497 0.816614049419675
0.6278626312304308 0.8139313156152154
0.6241560910730645 0.8120780455365322
0.6172388041751236 0.8086194020875617
0.6074894533680253 0.8037447266840125
0.5977400823323687 0.7988700411661844
0.5933561756569768 0.7966780878284885
0.5879907075416112 0.7939953537708057
0.5810734164232803 0.7905367082116401
0.5644067727598003 0.7822033863799002
0.547740295353332 0.7738701476766661
0.5423749181283815 0.7711874590641907
0.5354577426734639 0.767728871336732
0.5671699533230626 0.7835849766615313
0.5574214099696395 0.7787107049848198
0.5520563163977262 0.7760281581988631
0.545143248562423 0.7725716242812115
0.5414369386245954 0.7707184693122977
0.531696010868748 0.7658480054343739
0.527314586325166 0.763657293162583
0.5219528413246084 0.7609764206623042
0.5150754233771305 0.7575377116885653
0.5115310124406929 0.7557655062203464
0.5085407646853043 0.7542703823426521
0.5085407646853043 0.7542703823426521
0.5083763456972364 0.7541881728486182
0.5105062708176552 0.7552531354088275
0.5105061098304484 0.7552530549152241
0.510336078556456 0.755168039278228
0.5103204867370256 0.7551602433685127
0.5103234763663957 0.7551617381831979
0.5102927808179739 0.755146390408987
0.5102935324910419 0.7551467662455209
0.5102651347603329 0.7551325673801664
0.5102639476222248 0.7551319738111124
0.5102601251993732 0.7551300625996866
0.5102540431298411 0.7551270215649206
0.5102296520316008 0.7551148260158004
0.5102061880584496 0.7551030940292248
0.5101998964310767 0.7550999482155383
0.5101918994791736 0.7550959497395868
0.5101824695647892 0.7550912347823946
0.5101622052511442 0.755081102625572
0.510142709843059 0.7550713549215295
0.510133429280996 0.755066714640498
0.5101231061005724 0.7550615530502862
0.5101055927857137 0.7550527963928568
0.5100887508470523 0.7550443754235262
0.5100786776169234 0.7550393388084617
0.5100630094946857 0.7550315047473429
0.510052688055934 0.7550263440279671
0.510038102889804 0.7550190514449021
0.5100276160805778 0.7550138080402891
0.5100140305723783 0.7550070152861893
0.510000980890836 0.7550004904454182
0.5099884518739979 0.754994225936999
0.5099786113263787 0.7549893056631894
0.50996834265118 0.75498417132559
0.5099570048415838 0.754978502420792
0.5099467268931033 0.7549733634465519
0.5099362095035483 0.7549681047517743
0.5099259202221041 0.7549629601110522
0.5099155129112383 0.7549577564556194
0.5099050096826747 0.7549525048413376
0.5098944747015661 0.7549472373507833
0.5098853466913646 0.7549426733456824
0.5098765840058525 0.7549382920029264
0.5098681756699058 0.7549340878349531
0.5098601106326361 0.7549300553163182
0.5098504010118783 0.7549252005059393
0.5098428537793511 0.7549214268896757
0.5098356188408021 0.7549178094204011
0.5098262664108396 0.75491313320542
0.5098194934570665 0.7549097467285334
0.5098103395281705 0.7549051697640854
0.5098012688795746 0.7549006344397874
0.5103096302328176 0.7551548151164089
0.507761122386701 0.7538805611933507
0.5077600817152165 0.7538800408576083
0.5076161972290957 0.753808098614548
0.5189336575064469 0.7594668287532237
0.5187947410154926 0.7593973705077465
0.5187937136592512 0.7593968568296257
0.518974475749656 0.7594872378748281
0.5189735122077728 0.7594867561038865
0.5188924016829207 0.7594462008414604
0.5188914935244322 0.7594457467622162
0.5190561498604077 0.759528074930204
0.5190552970915383 0.7595276485457692
0.5191997225579572 0.7595998612789787
0.519198921335626 0.759599460667813
0.5191300660784053 0.7595650330392026
0.5191293092794869 0.7595646546397435
0.5190617046445303 0.7595308523222652
0.5190609894762871 0.7595304947381436
0.5191972230313996 0.7595986115156999
0.5191965500954858 0.759598275047743
0.5191349010768532 0.7595674505384267
0.5191342644117714 0.7595671322058858
0.5192580102428164 0.7596290051214083
0.5192574106419485 0.7596287053209744
0.5192012300116462 0.7596006150058232
0.5192006621073882 0.7596003310536943
0.5193129750683773 0.7596564875341887
0.5193124397951547 0.7596562198975775
0.519410383377618 0.7597051916888091
0.5194098786619734 0.7597049393309868
0.5193625265089764 0.7596812632544884
0.5193620476630157 0.7596810238315079
0.5193154718939309 0.7596577359469656
0.5193150174600433 0.7596575087300218
0.5194073458619048 0.7597036729309525
0.5194069169455771 0.7597034584727886
0.5193645408175207 0.7596822704087605
0.5193641333975302 0.7596820666987651
0.5194477587654119 0.7597238793827061
0.5194473739934294 0.7597236869967149
0.5195200541220902 0.7597600270610452
0.5195196906320599 0.75975984531603
0.5194841024774834 0.7597420512387417
0.519483756692922 0.7597418783464611
0.519549488158745 0.7597747440793726
0.5195491613324634 0.7597745806662317
0.5195168256378196 0.7597584128189099
0.5195165144807184 0.7597582572403592
0.5194846730716252 0.7597423365358126
0.5195650087706082 0.7597825043853041
0.5160430833164303 0.7580215416582152
0.5105664254265486 0.7552832127132744
0.506035151774792 0.753017575887396
0.506035009271682 0.753017504635841
0.5058729825066425 0.7529364912533213
0.5058607344990721 0.7529303672495361
0.5058849620955055 0.7529424810477529
0.5058703643015237 0.7529351821507618
0.505842056068748 0.7529210280343741
0.5058148258780615 0.7529074129390309
0.5057886481049831 0.7528943240524917
0.5057866956235086 0.7528933478117544
0.5057624568144348 0.7528812284072175
0.5057589633764327 0.7528794816882164
0.5057533655384198 0.7528766827692099
0.5057317043651309 0.7528658521825655
0.505710888638898 0.7528554443194491
0.505690895644915 0.7528454478224575
0.5056717020775728 0.7528358510387865
0.5056532842292869 0.7528266421146436
0.5056493162829319 0.752824658141466
0.5056436706823279 0.752821835341164
0.5056271613531953 0.7528135806765978
0.5056206297183542 0.7528103148591773
0.5056128804655912 0.7528064402327956
0.5056041189032816 0.7528020594516409
0.5055897507824861 0.7527948753912432
0.5056118654704549 0.7528059327352276
0.505600082413873 0.7528000412069367
0.5080617560123083 0.7540308780061543
0.5080478920952977 0.754023946047649
0.5080727547674743 0.7540363773837372
0.5080589584791616 0.7540294792395809
0.5080420201151987 0.7540210100575995
0.5080257898937516 0.7540128949468758
0.5080102432494943 0.7540051216247472
0.5079924577113083 0.7539962288556542
0.507977949639138 0.7539889748195691
0.5079640586674895 0.7539820293337448
0.5079466788163146 0.7539733394081575
0.5079291114992172 0.7539645557496086
0.5079164551436761 0.7539582275718382
0.5078990956429283 0.7539495478214643
0.5078872641374652 0.7539436320687327
0.507875940411432 0.7539379702057161
0.507865105420239 0.7539325527101195
0.5078484869718116 0.7539242434859059
0.5078319149571594 0.7539159574785799
0.507815462056957 0.7539077310284786
0.5079912929951401 0.7539956464975701
0.5040515049784162 0.7520257524892082
0.4993071706424891 0.7496535853212446
0.4931380307982354 0.7465690153991178
0.48898054536737984 0.74449027268369
0.4837105955082928 0.7418552977541465
0.4837089649546354 0.7418544824773178
0.4835623984723835 0.7417811992361918
0.483500139313946 0.7417500696569731
0.48337890418747975 0.74168945209374
0.48337255891132264 0.7416862794556615
0.48343055571876636 0.7417152778593833
0.4834247820465869 0.7417123910232937
0.4834001371277576 0.7417000685638789
0.4833948691003194 0.7416974345501599
0.4834476659437163 0.7417238329718583
0.4834428526376741 0.7417214263188372
0.48342005081632855 0.7417100254081644
0.48341564155169164 0.741707820775846
0.4834636619008273 0.7417318309504137
0.48345961814299615 0.7417298090714981
0.483438553299312 0.7417192766496561
0.4834348356079066 0.7417174178039534
0.4834140555339421 0.7417070277669711
0.4834106319954685 0.7417053159977343
0.48339017686207847 0.7416950884310393
0.4833870192680168 0.7416935096340085
0.4834339041484705 0.7417169520742354
0.48343098964805126 0.7417154948240257
0.48341212036513176 0.741706060182566
0.483409424286002 0.7417047121430012
0.48345198943267087 0.7417259947163355
0.483449494014735 0.7417247470073676
0.48348675405946606 0.741743377029733
0.48348444137756735 0.7417422206887838
0.4835169194982137 0.7417584597491069
0.4835147735326519 0.7417573867663261
0.4834996253923274 0.7417498126961638
0.48349762991731093 0.7417488149586555
0.48348268459498456 0.7417413422974924
0.4834808270194167 0.7417404135097085
0.48346611648326493 0.7417330582416326
0.48346438547049614 0.7417321927352482
0.4834961595104286 0.7417480797552144
0.4834945463820623 0.7417472731910312
0.4835222591626944 0.7417611295813472
0.48352075445064713 0.7417603772253236
0.48350815474503656 0.7417540773725183
0.48350674837024415 0.7417533741851221
0.48349434681012665 0.7417471734050634
0.48359298903518083 0.7417964945175904
0.47929610446705206 0.739648052233526
0.4742739835544209 0.7371369917772105
0.46611230336292503 0.7330561516814625
0.4594819318026249 0.7297409659013125
0.45025375325529726 0.7251268766276487
0.47337592131055883 0.7235223586880435
0.46984806115607536 0.7216702321069397
0.4656952026546775 0.7194899813937058
0.45129216334583083 0.7119283857565613
0.4461890062464371 0.7092492282793795
0.468443525521146 0.7076439390366304
0.46507578894391516 0.7057916839191535
0.4588320474329272 0.70235762608811
0.48483854643827035 0.7166612005410486
0.47601406844334204 0.7118077376438382
0.4720291205848824 0.7096160163216853
0.49219241994782814 0.7080106414700011
0.510675443158036 0.7064052658948217
0.5276798256690199 0.7047998910431376
0.5247146090958688 0.7029466306849181
0.5217493785134326 0.7010933615708954
0.5182422580555232 0.6989014112847021
0.5139498888610495 0.6962186805381559
0.5109846569280886 0.6943654105800554
0.507477533629736 0.692173458518585
0.5019437093127253 0.6887148183204533
0.4976513356685542 0.6860320847928464
0.5145026295656412 0.6844267092176668
0.5091816403540262 0.6809680662301171
0.50168218329826 0.676093419143869
0.4983099660044258 0.6739014779028769
0.4941829207557236 0.6712188984912204
0.4900561730083676 0.6685365124554391
0.48473529612416455 0.6650779424807071
0.4772359693086747 0.6602033800506386
0.4644155611050138 0.6518701147182591
0.4888095692970128 0.6677262200430584
0.4759905556799556 0.6593938611919713
0.4706707346214442 0.6559359775039388
0.4631731404064798 0.6510625412642119
0.4875652813543943 0.6669174328803564
0.47475968845425087 0.6585937974952631
0.4620370608374054 0.6503240895443136
0.48641066510342745 0.666166932317228
0.5106099222299345 0.6818964494494575
0.5106099222299345 0.6818964494494575
0.5205758328245316 0.6883742913359456
0.5205815794287082 0.6883780266286605
0.520581564777203 0.6883780171051821
0.48882581966971894 0.6677367827853175
0.4887405512984001 0.6676813583439601
0.4887330533390502 0.6676764846703828
0.4887263189089085 0.6676721072907907
0.48871956609588857 0.6676677179623278
0.4887128617546179 0.6676633601405018
0.4887067640085116 0.6676593966055326
0.48870010005221987 0.6676550650339431
0.4886945800132766 0.6676514770086299
0.48871430556143497 0.6676642986149328
0.48870929778460037 0.6676610435599903
0.4887029372376593 0.6676569092044786
0.4886983826399273 0.6676539487159528
0.48871640029053576 0.6676656601888483
0.4887122500261382 0.66766296251699
0.48870620885291294 0.6676590357543934
0.48870241812767057 0.667656571782986
0.48871885561041367 0.667667256146769
0.48871538753526056 0.6676650018979194
0.4887299068255077 0.6676744394365801
0.4887267280178205 0.6676723732115835
0.48872128398617154 0.6676688345910116
0.48871836414511993 0.6676669366943281
0.4887129811006813 0.667663437715443
0.4887102946157633 0.6676616915002462
0.48872394626800275 0.6676705650742019
0.48872147141537015 0.6676689564199908
0.4887334850696168 0.6676767652952511
0.4887312016963448 0.6676752811026242
0.48874173597682885 0.6676821283849389
0.4887396262096 0.6676807570362401
0.4887488260785424 0.6676867369510526
0.48874687402725 0.6676854681177126
0.48874259687678595 0.667682687969911
0.48874078753563305 0.6676815118981616
0.48873655396079163 0.6676787600745147
0.4887348748122902 0.6676776686279887
0.48873069233135313 0.6676749500153797
0.48872913216518504 0.6676739359073703
0.48872500739846797 0.6676712548090042
0.4887235561536601 0.6676703114998792
0.488732896770626 0.667676382900907
0.48873154606601554 0.6676755049429103
0.4887397115747024 0.6676808125235567
0.488738453162069 0.667679994555345
0.48874556217518833 0.6676846154138725
0.48874438861108127 0.6676838525972029
0.4887409863428547 0.6676816411228556
0.4887398902430336 0.6676809286579719
0.4887463214526804 0.6676851089442424
0.48882382922228745 0.6677354889944869
0.48882913234750935 0.6677389360258812
0.4888171313801985 0.6677311353971291
0.49024946338782344 0.6686621512020853
0.49198026719124266 0.6697871736743078
0.49400736623648195 0.6711047880537133
0.4963043610148623 0.6725978346596606
0.49631227913083376 0.672602981435042
0.49631227913083376 0.672602981435042
0.4961929860447158 0.6725254409290654
0.496184948935934 0.6725202168083572
0.49617203496830903 0.6725118227294009
0.4961597085497077 0.67250381055731
0.4961758393044516 0.6725142955478935
0.49616582246348956 0.6725077846012683
0.4961779361139941 0.6725156584740961
0.49616651455882366 0.6725082344632355
0.4961556138368932 0.6725011489939806
0.49617094756977553 0.6725111159203541
0.49616101936453066 0.672504662586945
0.4961506101936118 0.6724978966258478
0.4961406776661278 0.6724914404829831
0.4961502058986213 0.6724976338341039
0.4961410062576379 0.6724916540674647
0.49614743411001005 0.6724958321715067
0.4882303445584702 0.6673497239630057
0.4749797571397896 0.645611336069358
0.4749014787948786 0.6455584981865432
0.4753049815049274 0.645830862515826
0.475240043034909 0.6457870290485637
0.47517872648022097 0.6457456403741493
0.47512081082426233 0.6457065473063771
0.4750660898366613 0.6456696106397464
0.47501437103483113 0.645634700448511
0.4750703363969693 0.6456724770679543
0.47509225311430336 0.6456872708521548
0.4751131264654434 0.6457013603641744
0.4749986975197248 0.6456241208258142
0.4749494248268277 0.6455908617581088
0.4749028237285062 0.6455594060167418
0.47485873677192886 0.645529647321052
0.47481701674748056 0.6455014863045494
0.47477752596447825 0.6454748300260229
0.47474013557900385 0.6454495915158276
0.474791978981471 0.645484585812493
0.4746826943025798 0.6454108186542413
0.4746470134413715 0.6453867340729257
0.47469655249742954 0.6454201729357649
0.47459315785289363 0.6453503815507032
0.47455911120638233 0.6453274000643081
0.47356187099113717 0.6446542629190176
0.4711046798343806 0.6429956588882069
0.47110469298238233 0.6429956677631081
0.4711016325769535 0.6429936019894436
0.4711016325769535 0.6429936019894436
0.47099808364060564 0.6429237064574088
0.4709526747055646 0.6428930554262561
0.470986645481854 0.6429159857002513
0.47090921814290065 0.6428637222464579
0.47090181667154846 0.6428587262532952
0.47090023032797 0.6428576554713799
0.47089356995155396 0.642853159717299
0.4708981102363347 0.642856224409526
0.4708921013295273 0.642852168397431
0.47089047347417395 0.6428510695950674
0.4708850378924018 0.6428474005773712
0.47088337667830027 0.6428462792578526
0.47087844780159027 0.6428429522660735
0.47088280470700505 0.6428458931772284
0.47087832556222287 0.6428428697545006
0.4708821820199027 0.6428454728634343
0.4708781026413495 0.6428427192829109
0.470876472472361 0.6428416189188436
0.470872748849675 0.6428391054735305
0.470871102603679 0.6428379942574833
0.47086769696194786 0.6428356954493148
0.4708713888249961 0.6428381874568723
0.4708682686494456 0.6428360813383758
0.4708666564954803 0.6428349931344493
0.47086379219651053 0.6428330597326446
0.47086717342775686 0.6428353420637359
0.47086454002848804 0.6428335645192294
0.47086297443265057 0.6428325077420391
0.4708605488837534 0.6428308704965335
0.47086363879570553 0.6428329561871011
0.47086140171608304 0.6428314461583561
0.4708598918001934 0.6428304269651306
0.47085782503565893 0.6428290318990697
0.47086064282226464 0.6428309339050287
0.4708587311924549 0.642829643554907
0.47085728335479776 0.6428286662644884
0.47085551241081025 0.642827470877297
0.4708580768973029 0.6428292019056794
0.47085643464552907 0.6428280933857321
0.470855053080171 0.6428271608291155
0.4708535279063772 0.6428261313368047
0.47085585736126484 0.6428277037188538
0.4708544397133456 0.6428267468065083
0.4708531268435322 0.6428258606193842
0.47085180729787435 0.6428249699260652
0.46978595833686954 0.6421055218773869
0.4697777249169451 0.6420999643189379
0.46810644593260503 0.6409718510045084
0.4680983414879708 0.6409663805043803
0.47023248603977297 0.6424069280768467
0.472517559392322 0.6439493525898172
0.47487963553793283 0.6455437539881046
0.47723528942143495 0.6471338203594685
0.4795015185977271 0.6486635250534658
0.48160565325099647 0.6500838159444225
0.48161609598478317 0.6500908647897286
0.481506443876479 0.6500168496166233
0.48149574928346683 0.6500096307663401
0.48139791019817557 0.6499435893837685
0.4813708010573739 0.6499252907137274
0.4813451287391937 0.6499079618989557
0.48132081079829486 0.649891547288849
0.481297770067164 0.6498759947953358
0.4812759342738804 0.6498612556348693
0.4812552356907784 0.6498472840912755
0.48123561081131927 0.6498340372976406
0.4812170000527218 0.6498214750355873
0.48129828155885745 0.6498763400522287
0.4812048061711417 0.6498132441655207
0.48118683929938927 0.6498011165270878
0.4812653918742452 0.6498541395151156
0.48117695492284596 0.649794444572921
0.4811596224364307 0.6497827451445908
0.48123546739268036 0.6498339404900593
0.4811517820654235 0.6497774528941609
0.4811350732233846 0.6497661744257845
0.4812082401937759 0.6498155621307987
0.48112903682964175 0.6497620998600081
0.48111293981782105 0.6497512343770292
0.4811834656952528 0.6497988393442956
0.4812036499547183 0.6498124637194349
0.48112860756594694 0.6497618101070142
0.4811131096536484 0.6497513490162127
0.4810983942565986 0.649741416123204
0.4811661252920779 0.6497871345721526
0.48109499650706933 0.6497391226422717
0.48108083467812307 0.649729563407733
0.48114603429848274 0.6497735731514759
0.48107868198672804 0.6497281103410414
0.4810650606317574 0.6497189159264363
0.48112778033511944 0.6497612517262056
0.48106399310961045 0.649718195348987
0.4810508986197318 0.649709356568319
0.48111119378602885 0.6497500558055694
0.4810507728534765 0.6497092716760966
0.4832401226054639 0.6511870827586881
0.47928982593555586 0.6485206325065003
0.47928677438979855 0.6485185727131141
0.4815294467969528 0.6500323765879432
0.4815496866664918 0.650046038499882
0.4814686549460671 0.6499913420885953
0.48146742583853774 0.6499905124410129
0.48157617753951254 0.650063919839171
0.48157503154850007 0.6500631462952375
0.4815667888531446 0.6500575824758725
0.4815657189686364 0.6500568603038295
0.481665200083029 0.6501240100560445
0.4816642007389717 0.6501233354988057
0.4817546412837796 0.6501843828665512
0.48175370704267717 0.650183752253807
0.4817461323177207 0.6501786393144614
0.48174525786470557 0.6501780490586763
0.481827780325095 0.650233751719439
0.48182696156669524 0.6502331990575192
0.4819017720972463 0.6502836961656412
0.48190100493149984 0.6502831783287624
0.481968729115041 0.6503288921526525
0.4819680097966148 0.6503284066127148
0.4819613578640214 0.6503239165582144
0.4819606826115193 0.6503234607627755
0.48202228916354883 0.6503650451853954
0.4820216552226273 0.6503646172752734
0.4820772936318629 0.6504021732015074
0.4820766981236957 0.6504017712334946
0.4820707304302836 0.6503977430404413
0.48207017037176386 0.6503973650009406
0.4821206983795676 0.6504314714062082
0.4821201717020915 0.6504311158989117
0.4821146345769103 0.6504273783394143
0.48211413871701625 0.6504270436339858
0.48215999072560267 0.6504579937397817
0.48215952396202044 0.6504576786743638
0.48220081028166034 0.6504855469401207
0.48220037070582333 0.6504852502264307
0.482237503988805 0.6505103151924433
0.4822370898369378 0.650510035639933
0.4822323790562892 0.6505068558629951
0.48223198838887343 0.6505065921624895
0.48226562042177873 0.6505292937847006
0.48226525205488313 0.650529045137046
0.4822954453224451 0.6505494255926504
0.48229509785330826 0.6505491910509831
0.4823221741383628 0.6505674675433948
0.4823218462650802 0.650567246228929
0.48231788226589334 0.6505645705294778
0.4823799809819172 0.650606487162794
0.4823856251145272 0.6506102969523058
0.4823812952245805 0.6506073742765917
0.4842677742476455 0.6518807476171606
0.4809493804914417 0.649640831831723
0.4809455777071816 0.6496382649523474
0.480956607814396 0.6496457102747172
0.48085240176888466 0.6495753711939971
0.48083736446930925 0.6495652210167837
0.480789550281982 0.6495329464403377
0.48065361533926076 0.6494411903540008
0.48052587349398634 0.6493549646084407
0.48040579732982047 0.6492739131976286
0.48029289200649583 0.6491977021043845
0.48018669418545945 0.649126018575185
0.48025941041578146 0.6491751020306523
0.4802118219137185 0.6491429797917598
0.4801111211582114 0.6490750067817925
0.48001631777558534 0.6490110144985201
0.4800846327965533 0.6490571271376734
0.4800387906724858 0.6490261837039277
0.47994882675684675 0.6489654580608715
0.4800137037874173 0.6490092500565066
0.479969927206767 0.6489797008645676
0.4798845394152948 0.6489220641053238
0.47994615418764836 0.6489636540766626
0.47990434743030275 0.6489354345154542
0.47982328843730165 0.6488807196951785
0.47988180757284354 0.6489202201116692
0.4798418795570186 0.6488932687009874
0.47976491689859996 0.6488413189065548
0.47982049837752677 0.6488788364048304
0.47978236242460276 0.6488530946366067
0.47970927744655734 0.648803762276426
0.4797620710554597 0.6488393979624352
0.4797256446665968 0.6488148101499526
0.47965623156406867 0.6487679563057462
0.4797063793220782 0.6488018060424026
0.47972576204395845 0.6488148893796717
0.47969092958298476 0.6487913774685146
0.4797389263415008 0.6488237752805128
0.4797059152820743 0.6488014928154
0.47963962002671473 0.6487567435180323
0.47957698033924323 0.648714461728989
0.47951777737425755 0.6486744997276237
0.47956271646848364 0.6487048336162262
0.4795306754929413 0.6486832059577352
0.4794744040651732 0.6486452227439917
0.47951711018107906 0.6486740493722282
0.47948651279369114 0.6486533961357412
0.4819952682581798 0.6503468060742712
0.49159207105297703 0.6568246479607593
0.4876919111916297 0.6541920400543498
0.4805291919591751 0.649357204572443
0.4755535945731274 0.6459986763368608
0.468627409596534 0.6413235014776603
0.45777472576454403 0.633997939891067
0.45777469800431614 0.6339979211529132
0.4537528993321897 0.6312832070492279
0.45375287295628514 0.6312831892454923
0.4537474651251285 0.6312795389594615
0.45371406483161114 0.6312569937613374
0.45367229899576944 0.6312288018221441
0.45370452545520845 0.6312505546822655
0.45363396431535985 0.6312029259128676
0.45362886356478843 0.631199482906232
0.45362828513142306 0.6311990924637103
0.4536236536191361 0.6311959661929167
0.45364561187237107 0.6312107880138502
0.45364139711559553 0.6312079430530269
0.45364052562873186 0.6312073547993938
0.45363668184320716 0.6312047602441646
0.4536567749982718 0.6312183231238333
0.4536532625628366 0.6312159522299146
0.4536521734413356 0.6312152170729013
0.4536489574611551 0.6312130462862795
0.45366732038382274 0.6312254412590802
0.45366437059670983 0.6312234501527788
0.45368097305396504 0.6312346568114261
0.4536782627174964 0.6312328273343099
0.45369325797598764 0.6312429491337914
0.45369076353081417 0.6312412653832993
0.4537042926509216 0.6312503975393717
0.4537019932870815 0.6312488454687797
0.45371418596089896 0.6312570755236064
0.45371206324994395 0.6312556426937119
0.4537106845171579 0.6312547120490812
0.45370872188877753 0.6312533872749245
0.4537073256292055 0.6312524447997134
0.4537055085493915 0.6312512182708389
0.45370409913993714 0.6312502669194572
0.45370241464476885 0.6312491298852188
0.4537009961251749 0.6312481723844927
0.4536994326251405 0.6312471170219695
0.4537109298331411 0.6312548776373699
0.4537094771386579 0.6312538970685937
0.4537080625000098 0.6312529421875063
0.45370671106774385 0.6312520299707268
0.453717157632416 0.6312590814018805
0.45371589927172057 0.6312582320084111
0.45342623929626136 0.6310627115249762
0.4534225540724136 0.631060223998879
0.4534225540724136 0.631060223998879
0.4534329256419103 0.6310672248082891
0.45510042973003856 0.6321927900677757
0.45508994399969716 0.6321857121997952
0.45506986478152456 0.6321721587275287
0.45487354307426514 0.6320396415751286
0.4549221631082749 0.6320724600980852
0.4549024760343557 0.6320591713231898
0.45471701531623154 0.631933985338456
0.45476301694853183 0.6319650364402587
0.45474373268543106 0.6319520195626656
0.45456853456157337 0.6318337608290616
0.45461204778856446 0.6318631322572806
0.4546305449887092 0.6318756178673783
0.45461165197063214 0.6318628650801764
0.45444614326338256 0.631751146702783
0.4542901048965424 0.6316458208051658
0.4543309290735398 0.631673377124639
0.45431193013619997 0.6316605528419347
0.45416449969254136 0.631561037292465
0.45420310143327774 0.6315870934674621
0.4541845783420159 0.6315745903808605
0.45404526093732994 0.6314805511326974
0.4518724536894612 0.630013906240386
0.43629730192735944 0.6054081113491513
0.43623748527724543 0.6053662396940716
0.4362252227872846 0.6053576559510989
0.43616876202741417 0.6053181334191896
0.4361573334665575 0.60531013342659
0.4361040196365294 0.6052728137455703
0.43609335761046464 0.605265350327325
0.43604299632435534 0.6052300974270485
0.43603303991098824 0.6052231279376914
0.4359854502493849 0.6051898151745692
0.43597614427896036 0.605183300995272
0.4359311577662493 0.6051518104363742
0.4359224521915015 0.6051457165340508
0.4358799118528959 0.6051159382970269
0.43587176119684545 0.6051102328377915
0.43583152068966563 0.6050820644827656
0.435823883560527 0.6050767184923685
0.43578580637438014 0.6050500644620658
0.4473677825714975 0.613157447800048
0.44733186551085113 0.6131323058575955
0.44734654065274726 0.6131425784569228
0.44731265013698235 0.6131188550958873
0.44729985732148353 0.6131099001250382
0.4472677459583727 0.6130874221708605
0.44612504491158844 0.6122875314381115
0.44612501808878186 0.612287512662147
0.44611992741291345 0.6122839491890392
0.44608945015134893 0.612262615105944
0.44605001619961293 0.6122350113397287
0.44598004923809814 0.6121860344666684
0.4459789460449096 0.6121852622314364
0.44595580064738116 0.6121690604531664
0.4459547694054515 0.6121683385838157
0.446014221657465 0.6122099551602252
0.4460132583099666 0.6122092808169762
0.4459920622798413 0.6121944435958886
0.44599116015569257 0.6121938121089844
0.44604511502625777 0.6122315805183801
0.4460442709392544 0.6122309896574778
0.44609184737836055 0.6122642931648521
0.4460910569963032 0.6122637398974119
0.4460728910185496 0.6122510237129843
0.44607214905819625 0.612250504340737
0.4460544162505831 0.6122380913754079
0.44605371928259074 0.6122376034978132
0.44609807701444787 0.6122686539101132
0.4460974230784944 0.6122681961549457
0.44613645645082867 0.6122955195155797
0.44613584250948407 0.6122950897566385
0.44612068917924513 0.6122844824254713
0.44612011128294415 0.6122840778980606
0.44610531604116643 0.6122737212288161
0.44610477177916436 0.6122733402454147
0.4461411483499278 0.6122988038449492
0.4461406365361972 0.6122984455753377
0.4461271336766872 0.6122889935736808
0.44612665110304445 0.6122886557721309
0.44615956127713075 0.6123116928939911
0.4461591070334279 0.6123113749233993
0.44614678978922534 0.6123027528524574
0.44614636104929717 0.6123024527345077
0.44617611951630026 0.6123232836614099
0.44617571559187424 0.6123230009143116
0.44616448485647103 0.6123151393995295
0.44616410324407263 0.6123148722708505
0.44619099835371623 0.612333698847601
0.4461906385439866 0.6123334469807903
0.44618040253209734 0.6123262817724677
0.4461800622959751 0.6123260436071822
0.44620435788586116 0.6123430505201025
0.4462040368585428 0.6123428258009798
0.4462253067423533 0.6123577147196471
0.44622500373620744 0.6123575026153449
0.44621630670769924 0.6123514146953892
0.4462761485381025 0.6123933039766716
0.44628167741175173 0.612397174188226
0.44627866928153676 0.6123950684970756
0.4462888202510654 0.6124021741757456
0.44625273266416454 0.612376912864915
0.4462419713713918 0.6123693799599741
0.44630330103189814 0.6124123107223285
0.44624550896987897 0.6123718562789151
0.446215191590003 0.612350634113002
0.44636968863241944 0.6124587820426933
0.44634105675757624 0.6124387397303032
0.4462933703334657 0.6124053592334258
0.4462662073389398 0.6123863451372576
0.4462201849106448 0.6123541294374512
0.44619440950706285 0.6123360866549438
0.4463381592940696 0.6124367115058484
0.4463137986364079 0.6124196590454852
0.44627156617734337 0.6123900963241402
0.44624843390122815 0.6123739037308595
0.44637982286929856 0.6124658760085088
0.44635795029716335 0.6124505652080141
0.4464757457794759 0.612533022045633
0.446455059685892 0.6125185417801242
0.4464183982332527 0.6124928787632766
0.44639873300575444 0.6124791131040278
0.44636330328463447 0.612454312299244
0.4463446054328751 0.6124412238030124
0.44645395635374585 0.6125177694476219
0.4464362626167738 0.6125053838317415
0.4464038640792523 0.6124827048554764
0.4463870304414908 0.6124709213090433
0.4464866160013625 0.6125406312009535
0.4464706808174946 0.6125294765722459
0.4464410824313897 0.6125087577019726
0.4464259129120227 0.6124981390384157
0.4465165127970848 0.6125615589579592
0.4465021483504647 0.6125515038453251
0.44647513144553636 0.6125325920118753
0.4464614493739918 0.6125230145617941
0.44654379713842707 0.6125806579968988
0.446530837445439 0.612571586211807
0.44650619607084946 0.6125543372495944
0.44649384516152707 0.6125456916130687
0.44656862784882273 0.6125980394941756
0.44655692594908974 0.6125898481643626
0.44653446697291366 0.6125741268810392
0.44652330872521023 0.6125663161076469
0.44659116726509185 0.612613817085564
0.4465805928155955 0.6126064149709165
0.44656013581846127 0.6125920950729226
0.4496164470945501 0.6147315129661848
0.4700501248844626 0.6290350874191235
0.4582362563831061 0.620765379468174
0.44634110245896835 0.6124387717212776
0.43443734267080075 0.6041061398695603
0.4570871878367214 0.6199610314857047
0.4570871878367214 0.6199610314857047
0.4795579265970494 0.6356905486179343
0.4795632626027894 0.6356942838219524
0.47956322472721435 0.6356942573090498
0.479558147139052 0.6356907029973361
0.4795286153008461 0.6356700307105919
0.4794900805281752 0.6356430563697224
0.47942996675454963 0.6356009767281845
0.47942507634093806 0.6355975534386563
0.4794422886569245 0.6356096020598468
0.47943784717878535 0.6356064930251495
0.47945309719571516 0.6356171680370004
0.4794490544717162 0.6356143381302011
0.47944360353525833 0.6356105224746805
0.4794399149131894 0.6356079404392323
0.4794538330787188 0.6356176831551028
0.4794504617848559 0.6356153232493988
0.4794627272640107 0.6356239090848071
0.4794596400992804 0.6356217480694959
0.4794547343226153 0.6356183140258305
0.4794519012239274 0.635616330856749
0.479447041658152 0.6356129291607061
0.47944443722654995 0.6356111060585847
0.47945600511486286 0.6356192035804037
0.4794536078124204 0.635617525468694
0.4794490420920255 0.6356143294644175
0.4794468311459919 0.6356127818021939
0.4794423192422788 0.6356096234695948
0.47944027713666326 0.6356081939956639
0.4794358252918396 0.6356050777042873
0.47943393646742644 0.6356037555271982
0.4794295502183416 0.6356006851528389
0.4794278008212416 0.6355994605748687
0.47942348504350657 0.6355964395304543
0.4794218627098371 0.6355953038968856
0.47943375027714324 0.6356036251939999
0.4794322445712663 0.6356025711998861
0.4794427266404852 0.6356099086483392
0.47944132755779073 0.6356089292904532
0.47945054214416105 0.6356153795009124
0.4794492407015095 0.6356144684910563
0.47944561576004685 0.6356119310320325
0.47944440326409055 0.6356110822848631
0.4794408379498928 0.6356085865649246
0.47951578456659755 0.6356610491966179
0.479520421009945 0.6356642947069611
0.47951693165621206 0.635661852159348
0.4795275975852689 0.6356693183096878
0.47949458374685805 0.6356462086228002
0.47948194037423986 0.6356373582619674
0.4794374495024247 0.6356062146516969
0.47923726224953894 0.6354660835746768
0.47929504912353366 0.6355065343864731
0.47910832006429455 0.6353758240450057
0.4791600136293696 0.6354120095405583
0.4789858014423503 0.6352900610096448
0.4789717536540327 0.6352802275578224
0.47880909886528766 0.6351663692057009
0.4788562223746717 0.6351993556622697
0.47870437415729156 0.6350930619101037
0.47874636166189066 0.635122453163323
0.4786045448073301 0.6350231813651307
0.478592061089008 0.6350144427623052
0.47845948547718137 0.6349216398340266
0.47849769628422106 0.6349483873989543
0.4783737669464337 0.6348616368625033
0.4784076780111823 0.6348853746078271
0.47829177420184205 0.6348042419412889
0.4783217859688453 0.6348252501781912
0.4782133332862718 0.6347493333003899
0.47823981501786816 0.6347678705125073
0.4781382824480131 0.6346967977136087
0.4781284769053909 0.6346899338337731
0.4780333096504182 0.6346233167552924
0.47802369300384484 0.6346165851026909
0.4779344463148122 0.6345541124203681
0.47792502919258395 0.6345475204348083
0.47784129212307647 0.6344889044861531
0.47783208323408405 0.6344824582638584
0.47775347608496255 0.6344274332594734
0.47777956786930587 0.6344456975085138
0.4777057914282701 0.6343940539997887
0.4777288378918457 0.6344101865242916
0.47765956145631366 0.6343616930194191
0.47765154079492356 0.634356078556446
0.47758640743652064 0.6343104852055641
0.47757856737792664 0.6343049971645481
0.47751730097350154 0.6342621106814506
0.4775096477359678 0.6342567534151771
0.477451992741202 0.634216394918841
0.47747396993537633 0.634231778954763
0.4774197335413073 0.6341938134789147
0.477439136440672 0.6342073955084699
0.47753754930315157 0.6342762845122056
