1.0 1
1.457071873327932e-07 0.9750000036426798
8.54732594675401e-07 0.9500000427366297
8.517592485558747e-07 0.9500000425879624
8.155595251323835e-07 0.9500000407779762
8.128390403941417e-07 0.950000040641952
7.799277877261591e-07 0.9500000389963894
7.77433908712038e-07 0.9500000388716954
7.474463286844528e-07 0.9500000373723164
7.451560209671372e-07 0.9500000372578011
7.177749350085618e-07 0.9500000358887467
7.156679347550464e-07 0.9500000357833966
6.906167245693866e-07 0.9500000345308361
6.886751579391244e-07 0.9500000344337579
6.657118654111827e-07 0.9500000332855933
6.639199261873242e-07 0.9500000331959964
6.428323053527042e-07 0.9500000321416152
6.411759808965287e-07 0.950000032058799
6.217773342463021e-07 0.9500000310888668
6.202441721289611e-07 0.9500000310122086
6.023698355788948e-07 0.9500000301184917
6.009487438828118e-07 0.9500000300474373
5.844531102013616e-07 0.9500000292226556
5.831341865508329e-07 0.9500000291567094
5.67888176629403e-07 0.9500000283944088
5.666625611934936e-07 0.950000028333128
5.525514699446085e-07 0.9500000276275735
5.514112187984148e-07 0.9500000275705609
5.383328743158445e-07 0.9500000269166436
5.372708499985023e-07 0.9500000268635425
5.251340367157004e-07 0.9500000262567019
5.241438135179394e-07 0.9500000262071907
5.12866917083029e-07 0.950000025643346
5.119426989395988e-07 0.9500000255971349
5.014525391381296e-07 0.950000025072627
5.005890878468678e-07 0.9500000250294545
4.908199107278203e-07 0.9500000245409955
4.900124838226838e-07 0.9500000245006242
4.809050890284502e-07 0.9500000240452545
4.801493850968532e-07 0.9500000240074693
4.7165036851440526e-07 0.9500000235825183
4.7094247945813937e-07 0.9500000235471239
4.630035744968114e-07 0.9500000231501786
4.6233994375155423e-07 0.9500000231169972
4.5491744695742236e-07 0.9500000227458724
4.5429483249646245e-07 0.9500000227147416
4.473491015964821e-07 0.9500000223674551
4.4676454348176193e-07 0.9500000223382271
4.402595578550238e-07 0.950000022012978
4.39710349630513e-07 0.9500000219855174
1.962333995837429e-06 0.9500000981166998
0.3119296435335423 0.9483947232650157
0.4678934768983611 0.9467893476898361
0.5614717827052159 0.945183972838152
0.5466456220757503 0.9433307027594688
0.5318194691635695 0.9414774336454462
0.5142838513212823 0.9392854814151603
0.49282209866536375 0.9366027623331705
0.47799601676426795 0.9347495020955335
0.46046050103853603 0.9325575626298169
0.438998688524205 0.9298748360655257
0.4113295804443963 0.9264161975555496
0.3723324105070269 0.9215415513133782
0.34466494271695997 0.91808311783962
0.44318500397511035 0.9164777505962665
0.410689918638635 0.9116034877957953
0.3983414645295555 0.9097512196794334
0.475119602495338 0.9081459304366841
0.4625960006515462 0.9059543001140206
0.4472688604357355 0.9032720505762537
0.4275087450868962 0.8998140303902067
0.3798969780614295 0.8914819711607501
0.35204877097727594 0.8866085349210232
0.4426447273482289 0.9024628272859401
0.39502638710868515 0.8941296177440199
0.39502638710868515 0.8941296177440199
0.34746275633672374 0.8858059823589267
0.3369265473261343 0.8839621457820735
0.4121307161473177 0.8824261432294636
0.47035040574330506 0.8808288412922437
0.46220677266570254 0.878996523849783
0.45255026521791425 0.8768238096740306
0.44286693591691934 0.8746450605813069
0.431602576500339 0.8721105797125762
0.423731385132114 0.8703395616547256
0.4170863901201393 0.8688444377770314
0.4709103543816015 0.8677275885954003
0.46604324083282833 0.8665108102082071
0.46604324083282833 0.8665108102082071
0.510523494642095 0.8653939610265761
0.510523494642095 0.8653939610265761
0.5060988459613921 0.8641771826393828
0.5060988459613921 0.8641771826393828
0.5060988459613921 0.8641771826393828
0.5012691673685596 0.862849021026354
0.5012691673685596 0.862849021026354
0.46663599384120097 0.8533248983063302
0.48250347342647215 0.8447510420279416
0.44692394647147143 0.8340771839414416
0.4225809109162885 0.8123387960477938
0.425987552157681 0.8134459544512463
0.46259986256753244 0.8119099518986364
0.4954482739120144 0.8107931027170053
0.4920502634505256 0.8095188487939472
0.4920502634505256 0.8095188487939472
0.5210049990307903 0.8084019996123162
0.5210049990307903 0.8084019996123162
0.4988281254597972 0.7995312501839189
0.4771596759771088 0.7777928622902712
0.4871533466930724 0.7692190060118826
0.48711751542360116 0.7692028819406206
0.4869236308445538 0.7691156338800493
0.4868895600142168 0.7691003020063976
0.4867048631774703 0.7690171884298617
0.4866724607820258 0.7690026073519117
0.4864965432980767 0.7689234444841346
0.48646572263583565 0.7689095751861261
0.48629819017481984 0.768834185578669
0.4862688694993722 0.7688209912747176
0.4861093419532565 0.7687492038789655
0.4860814441521944 0.7687366498684876
0.48592955566870993 0.7686683000509195
0.4859030079661664 0.768656353584775
0.4857584068774335 0.7685912830948451
0.48573314055845573 0.768579913251305
0.4855954892238939 0.7685179701507522
0.5002278848102707 0.7751025481646219
0.47818331163459954 0.76518249023557
0.4780742804942117 0.7651334262223953
0.47797101404203374 0.7650869563189152
0.4778731852166461 0.7650429333474908
0.47778048721098315 0.7650012192449425
0.4776926321157477 0.7649616844520866
0.4776093496554437 0.7649242073449497
0.47753038601164177 0.7648886737052388
0.4775658043467993 0.7649046119560597
0.47754872687495703 0.7648969270937307
0.47758260095870964 0.7649121704314193
0.47756568992258175 0.7649045604651619
0.47759808090075795 0.7649191364053411
0.47758139590529664 0.7649116281573836
0.4776123631167764 0.7649255634025494
0.4775959541133458 0.7649181793510056
0.47411546756982476 0.7633519604064212
0.45602857371110206 0.7416135725127735
0.455957416530212 0.7415797728518507
0.45585586328159106 0.7415315350587558
0.45578837727065274 0.7414994792035601
0.4556929937639973 0.7414541720378988
0.4556289760357989 0.7414237636170045
0.4579146016089406 0.7425094357642468
0.4539560392522484 0.7406291186448181
0.4487435254660068 0.7381531745963532
0.441646499727712 0.7347820873706633
0.43601375394109726 0.7321065331220213
0.42875758261225555 0.7286598517408215
0.41853976598654913 0.7238063888436109
0.4518931191926845 0.7396492316165253
0.43460059196817435 0.731435281184883
0.42520275252687506 0.7269713074502657
0.4186394512207868 0.7238537393298738
0.40266977202878085 0.716268141713671
0.4356671606875647 0.7319419013265932
0.43569006104815927 0.7319527789978757
0.43569006104815927 0.7319527789978757
0.4659056596965065 0.7463051883558406
0.4659008359953688 0.7463028970978002
0.4658723606408105 0.746289371304385
0.46588780103623323 0.7462967054922108
0.46588780103623323 0.7462967054922108
0.46022839735194165 0.7436084887421723
0.4555506264391352 0.7413865475585892
0.449685079810482 0.738600412909979
0.44968065177172345 0.7385983095915687
0.44952037334476436 0.7385221773387631
0.4495699463973991 0.7385457245387647
0.44947541457513185 0.7385008219231877
0.4492642842654262 0.7384005350260775
0.4490670740663141 0.7383068601814993
0.44888271940302044 0.7382192917164347
0.4487102489102214 0.7381373682323552
0.44854877547991967 0.7380606683529619
0.44839748819541714 0.7379888068928232
0.4482556450701286 0.7379214314083111
0.44812256651467447 0.7378582190944705
0.44799762946104255 0.7377988739939954
0.4470885862298605 0.7373670784591837
0.4255225671358981 0.7127612835679491
0.4255096809101906 0.7127548404550954
0.4254975983709358 0.7127487991854681
0.42548626101301384 0.712743130506507
0.4254756153737257 0.7127378076868629
0.42546561252641535 0.7127328062632078
0.4254562076316861 0.7127281038158431
0.42544735953896895 0.7127236797694845
0.4317482018961465 0.7158741009480734
0.41193963058445443 0.6912683060568386
0.4118599654406103 0.6912264818563205
0.41184361545399584 0.6912178981133479
0.41176825197681177 0.6911783322878262
0.41230291000007274 0.6914590277500383
0.4089437947064031 0.6896954922208618
0.43289268051137525 0.6880909742812567
0.4547716040765852 0.6864936723440366
0.4516895076101177 0.6847214668758178
0.4482407090675833 0.6827384077138604
0.44533052401496637 0.6810650513086058
0.4428893271235146 0.6796613630960209
0.44288708856229597 0.6796600759233202
0.44273753866200766 0.6795740847306545
0.44272674024034914 0.6795678756382009
0.44268110873721356 0.6795416375238978
0.4424797675599976 0.6794258663469988
0.44243620086114777 0.6794008154951601
0.4422492078345326 0.6792932945048563
0.4422076092816707 0.6792693753369607
0.44203377171084135 0.6791694187337339
0.4419940494107263 0.6791465784111678
0.44183228777527594 0.6790535654707839
0.4417943543539121 0.6790317537534996
0.44164369062349806 0.6789451221085114
0.44225493939498645 0.6792965901521173
0.4422428752375389 0.6792896532615849
0.4422959893152501 0.6793201938562689
0.44225612783208795 0.6792972735034507
0.4365199308861788 0.6759989602595529
0.41833865681189525 0.6510031940871374
0.40160576958153515 0.6260036059884596
0.38615945397293766 0.6010036450824096
0.3861594539452963 0.6010036450644428
0.38615944072964087 0.6010036364742668
0.3861594407029027 0.6010036364568869
0.386159429237225 0.6010036290041965
0.3861594292113731 0.6010036289873927
0.3861594192190296 0.6010036224923695
0.38615941919404584 0.60100362247613
0.38615941044832713 0.6010036167914128
0.38615941042419244 0.6010036167757253
0.38615940273832744 0.601003611779913
0.38615940271502197 0.6010036117647645
0.38615939593435994 0.6010036073573342
0.3861593959118633 0.6010036073427113
0.38615938990772375 0.6010036034400207
0.3861593898860151 0.60100360342591
0.38615938455082305 0.6010035999580351
0.3861593845298813 0.6010035999444231
0.3861593797732987 0.6010035968526444
0.38615937975310266 0.6010035968395169
0.38615937549893614 0.6010035940743087
0.38615937547946444 0.601003594061652
0.38615963543699944 0.6010037630340499
0.38618161332467543 0.6010180486610393
0.38619918627811933 0.6010294710807778
0.386210843476893 0.6010370482599806
0.386210843476893 0.6010370482599806
0.39665321760331107 0.6078245914421524
0.396653203025054 0.6078245819662852
0.3966500020237731 0.6078225013154528
0.3995417638140626 0.6097021464791409
0.39943396949745597 0.6096320801733466
0.3993491234847205 0.6095769302650685
0.399297000150839 0.6095430500980455
0.39924907702591345 0.609511900066844
0.3991994186592559 0.6094796221285165
0.39915588085872716 0.6094513225581728
0.3991085651637953 0.6094205673564671
0.3986726263067075 0.6091372070993601
0.3839692183703391 0.5841792223999791
0.38395921785380177 0.5841724720513164
0.383957471296119 0.5841712931248806
0.3839481266008528 0.5841649854555758
0.38462255592635247 0.5846202252502881
0.3708866245023003 0.5596206371516104
0.37549857259339914 0.5628490008153795
0.37547693350479583 0.5628338534533572
0.37536499266513884 0.5627554948655974
0.37547719980137567 0.5628340398609633
0.3754571740103415 0.5628200218072392
0.37535050315219115 0.562745352206534
0.37545741406684097 0.5628201898467889
0.3754388571251181 0.5628071999875829
0.3753372105146595 0.5627360473602618
0.37543907282871997 0.5628073509801041
0.3754218555158356 0.5627952988610851
0.3753249986462308 0.5627274990523619
0.37542204863746664 0.5627954340462269
0.3754060551349912 0.5627842385944941
0.3753137642361596 0.562719634965312
0.37540622733536305 0.5627843591347543
0.37539135364264015 0.5627739475498483
0.37530341521018873 0.5627123906471324
0.37539150647810765 0.5627740545346755
0.3753776590350203 0.5627643613245145
0.3752938693778056 0.5627057085644642
0.375377793963238 0.5627644557742669
0.37536488845077043 0.5627554219155396
0.37528505325656286 0.5626995372795942
0.375365006836135 0.5627555047852948
0.3753529671298745 0.5627470769909124
0.37527690104858785 0.5626938307340117
0.37274860405818017 0.5609240228407264
0.37010442667189736 0.5590730986703284
0.36697621420570203 0.5568833499439917
0.386591492419843 0.5552788320043864
0.3828975918996084 0.5526007541272164
0.3781352674218883 0.5491480688808693
0.37558061006864163 0.5472959422997656
0.36891187147290805 0.5424611068178586
0.3660446401412835 0.5403823641024308
0.36604465233994266 0.5403823729464587
0.3660428554626979 0.5403810702104563
0.365930103069402 0.5402993247253167
0.36591521485496786 0.5402885307698521
0.36583455656093095 0.5402300535066753
0.36581840661473475 0.5402183447956831
0.3658182073086051 0.540218200298739
0.3658181844754298 0.5402181837446869
0.3658181818956063 0.5402181818743148
0.3658181818889471 0.540218181869487
0.3658181449450167 0.5402181550851374
0.36581814493786197 0.5402181550799502
0.36581811411162973 0.5402181327309318
0.36581811410405146 0.5402181327254375
0.3658180882167425 0.5402181139571385
0.36581808820880657 0.540218113951385
0.3658180663359109 0.5402180980935356
0.3658180663276776 0.5402180980875666
0.3658180477389866 0.5402180846107656
0.3658180477305108 0.5402180846046206
0.3658180318453762 0.540218073087898
0.36581803183670786 0.5402180730816134
0.3658180181904096 0.5402180631880472
0.365818018181594 0.5402180631816559
0.3658180063998756 0.54021805463991
0.36581800639095363 0.5402180546334416
0.3658179961706081 0.5402180472236912
0.3658179961616167 0.5402180472171724
0.36581798725558645 0.5402180407603004
0.3658179872465588 0.5402180407537553
0.36581797945242595 0.540218035103009
0.36581797944339184 0.5402180350964593
0.36581797259443255 0.5402180301309638
0.3658179725854186 0.5402180301244287
0.3658179665436086 0.5402180257441165
0.3658179665346385 0.5402180257376131
0.36581796118515236 0.5402180218592357
0.3658179611762471 0.5402180218527793
0.36581795642310855 0.540218018406754
0.3658179564142867 0.5402180184003581
0.36581795217691027 0.5402180153282601
0.3658179644821296 0.5402180242495442
0.38768837414020874 0.5560740712516516
0.38466499069184357 0.5538821182515867
0.40303565690187604 0.5522767426764071
0.39945868067924467 0.5495940105094336
0.39948212780811493 0.5496115958560863
0.3994520515421911 0.5495890386566434
0.3994722663286013 0.5496041997464511
0.3994882387857917 0.5496161790893439
0.3994701190317622 0.5496025892738218
0.3994791415345563 0.5496093561509173
0.39948411733743905 0.5496130880030794
0.3994841052706461 0.5496130789529847
0.3994841052706461 0.5496130789529847
0.39945645014259407 0.5495923376069456
0.3993681425181072 0.5495261068885805
0.3992988488368944 0.549474136627671
0.39922053069025454 0.5494153980176911
0.39920821147971003 0.5494061586097827
0.39919771825143524 0.5493982886885765
0.3991633301751867 0.5493724976313901
0.3991310974774126 0.5493483231080596
0.39924864045285413 0.5494364803396408
0.39923880855476257 0.5494291064160721
0.3992068358129012 0.549405126859676
0.3993230695477378 0.5494923021608035
0.39931387363191023 0.5494854052239327
0.39928223613528996 0.5494616771014676
0.3993969032862025 0.5495476774646519
0.39938829498729106 0.5495412212404684
0.39935706101713175 0.549517795762849
0.39946993120531465 0.5496024484039861
0.3994618665091117 0.5495963998818338
0.39943109736618154 0.5495733230246362
0.3995419667073039 0.549656475030478
0.39953440549772523 0.5496508041232939
0.39950415562088987 0.5496281167156674
0.3996128459576801 0.5497096344682602
0.3996057516167256 0.5497043137125444
0.3995760687768584 0.5496820515826439
0.3996824266722777 0.5497618200042084
0.3996757657261761 0.5497568242946322
0.39964669128081964 0.5497350184606148
0.39975058682527814 0.5498129401189586
0.3997443286309601 0.5498082464732204
0.39971589782628286 0.5497869233697124
0.3998172233072212 0.5498629174804159
0.3998113397740691 0.549858504830552
0.39978358208196135 0.5498376865614711
0.3998822505586736 0.5499116879190054
0.40083125691864063 0.5506234426889807
0.3979107870809267 0.5484330903106951
0.386884509812994 0.5401633823597457
0.3833089333157497 0.5374816999868125
0.3786995000761354 0.5340246250571017
0.39667011072819663 0.5324193358143526
0.3903845973751775 0.5275480629657627
0.3796444216167061 0.5192244267529474
0.3772532539148818 0.5173712717840336
0.39768796230835934 0.5332081707889786
0.39485968883493144 0.5310162588470722
0.4117636040898654 0.5294108832718925
0.42764304050934326 0.5278055084202083
0.42539666431756207 0.5259522480619889
0.4221451223187751 0.5232697259129897
0.4221451223187751 0.5232697259129897
0.44121120369117456 0.5389992430452193
0.43802016380461767 0.5363666351388098
0.43802016380461767 0.5363666351388098
0.43392896130676784 0.5329913930780836
0.43392896130676784 0.5329913930780836
0.42850822851066556 0.5285192885212993
0.4251890450011575 0.5257809621259552
0.4207284123360654 0.5221009401772541
0.4115638632828633 0.5145401872083625
0.4289607231106996 0.5288925965663274
0.4289607231106996 0.5288925965663274
0.4228223368889885 0.5238284279334157
0.4228223368889885 0.5238284279334157
0.4335805607398769 0.5327039626103985
0.4335805777778128 0.5327039766666958
0.433578987975905 0.5327026650801219
0.43348450026947954 0.5326247127223208
0.43347643743826697 0.5326180608865705
0.43340948975239585 0.5325628290457267
0.43339629243020567 0.5325519412549198
0.4333961310596514 0.5325518081242127
0.43339611268568995 0.5325517929656944
0.433396110821689 0.5325517914278937
0.43339610965765557 0.5325517904675661
0.4333961065626958 0.5325517879142242
0.4333961055525885 0.5325517870808858
0.4333961027534966 0.532551784771635
0.433396101873051 0.5325517840452674
0.4333960993353725 0.5325517819516825
0.43339609856468614 0.5325517813158663
0.43339609625865455 0.5325517794133903
0.43339609558131803 0.5325517788545876
0.433396093481135 0.5325517771219366
0.4333960928835513 0.53255177662893
0.43339626353876326 0.5325519174194799
0.43341178995685475 0.5325647267144054
0.43342447247396043 0.5325751897910175
0.4334342051850416 0.5325832192776595
0.43343880250638206 0.5325870120677654
0.4334333193883207 0.5325824884953647
0.4334333078595455 0.5325824789841251
0.43014683181364516 0.5298711362462575
0.4301468202853382 0.5298711267354042
0.43014229302452495 0.5298673917452332
0.4301178088991743 0.5298471923418189
0.43004189937651094 0.5297845669856216
0.4301027370364574 0.5298347580550775
0.43004276974586325 0.5297852850403373
0.4299757078192592 0.529729958950889
0.42999127138498 0.5297427988926087
0.4299282981680487 0.5296908459886402
0.42991847333101485 0.5296827404980874
0.4298364482231913 0.529615069784133
0.42981184775003256 0.529594774393777
0.4298931564160644 0.5296618540432533
0.4298197458299583 0.5296012903097157
0.42979584462662745 0.5295815718169677
0.429874953706532 0.529646836807889
0.42980909333603073 0.5295925020022254
0.42978589618281 0.5295733643508184
0.4298627842386519 0.5296367969968879
0.42980355650704033 0.5295879341183085
0.4297810652536604 0.52956937883427
0.42985572032106106 0.5296309692648755
0.42980233291202025 0.5295869246524167
0.42978054675051314 0.5295689510691735
0.42985296550394125 0.5296286965407517
0.4298047330398005 0.5295889047578355
0.42978364876754055 0.529571510233221
0.4298538357118627 0.5296294144622868
0.42981016416468837 0.5295933854358681
0.4297897764359813 0.5295765655596847
0.4298577431297 0.5296326380820027
0.42981811658140395 0.5295999461796583
0.4297984181464163 0.5295836949707935
0.42986418246069613 0.5296379505300745
0.42982815186816914 0.5296082252912397
0.42980913379836805 0.5295925353836538
0.42987271921478926 0.5296449933522013
0.4298398928782818 0.5296179116245826
0.4298215447778783 0.5296027744417497
0.42988297972685074 0.529653458274652
0.42985301520066693 0.5296287375405504
0.4298353254038294 0.5296141434581594
0.42817113561210224 0.5282411868799844
0.42818005808339454 0.5282485479188006
0.42818458568304546 0.5282522831885126
0.42818455332005756 0.5282522564890476
0.4254884127054093 0.5260279404819629
0.42548837977545 0.5260279133147463
0.42548837977545 0.5260279133147463
0.42364498260340294 0.5245071106478075
0.4203566005482422 0.5217941954522999
0.42035656980083613 0.52179417008569
0.42035656980083613 0.52179417008569
0.42035656980083613 0.52179417008569
0.42027078701974446 0.5217233992912893
0.42026209986991403 0.5217162323926793
0.4201988457091287 0.5216640477100314
0.42018655998824833 0.521653911990305
0.42018641107627064 0.5216537891379234
0.42018639422477977 0.5216537752354434
0.42018639247310935 0.5216537737903153
0.42018639197348506 0.5216537733781254
0.4201863673067231 0.5216537530280467
0.42018636685958516 0.521653752659158
0.4201863460076516 0.5216537354563128
0.4201863456063234 0.521653735125217
0.4201863278784468 0.5216537204997188
0.42018632751723534 0.5216537202017193
0.4201863123633099 0.5216537076997307
0.4201863120373434 0.5216537074308084
0.4201862990165058 0.5216536966886174
0.42018629872160074 0.5216536964453207
0.42018628747838316 0.5216536871696663
0.4201862872109348 0.5216536869490214
0.4201862774570458 0.5216536789020629
0.4201862772139381 0.521653678701499
0.42018626871425174 0.5216536716892578
0.42018626849278246 0.5216536715065456
0.42018626105449663 0.5216536653699598
0.42018626085231525 0.5216536652031601
0.4201862543165104 0.5216536598111212
0.42018625413156635 0.5216536596585424
0.4201862483665956 0.5216536549024415
0.4201862481970948 0.5216536547626035
0.42018624309337865 0.5216536505520375
0.42018624293774715 0.5216536504236415
0.42018623840365127 0.5216536466830124
0.42018623826050444 0.5216536465649163
0.42018623421905926 0.521653643230724
0.4201862340871759 0.5216536431219202
0.42018623047345166 0.5216536401405978
0.420186230351752 0.5216536400401955
0.4201864453032483 0.5216538173751799
0.4202030011486785 0.5216674759476598
0.4202163025388305 0.5216784495945352
0.4202250527757055 0.5216856685399571
0.4202292969932982 0.5216891700194711
0.4202292756295265 0.5216891523943594
0.42022476992394825 0.5216854351872574
0.42020082667035824 0.5216656820030456
0.42012902706259486 0.5216064473266409
0.42007239042631755 0.5215597221017121
0.4200130387865171 0.5215107569988767
0.420028078173795 0.5215231644933811
0.4199723017582895 0.5214771489505889
0.419962257610057 0.521468862528297
0.4199348548321938 0.52144625523656
0.419926967499077 0.5214397481867387
0.4200118106059056 0.5215097437498722
0.41998670605675525 0.5214890324968232
0.4199787552486512 0.5214824730801375
0.4200640343061962 0.5215528283026121
0.4200409960356745 0.5215338217294316
0.4200330077581094 0.5215272314004404
0.42011844937154674 0.5215977207315262
0.4200972727591901 0.521580250026332
0.4200892718825234 0.5215736493030819
0.4201746167503041 0.5216440588190011
0.4201551208843537 0.521627974729592
0.42014713096896156 0.5216213830493934
0.4202321354714681 0.5216915117639613
0.4202141600511427 0.521676682042193
0.42020620321164065 0.5216701176496038
0.4202906405864801 0.5217397784838462
0.42027404326696793 0.5217260856952487
0.4202661400730288 0.521719565560249
0.42034980120906007 0.5217885859974747
0.42033445532163366 0.5217759256403479
0.42032662473240195 0.5217694654042317
0.42040931861919884 0.5218376878608393
0.42039511120965023 0.5218259667479617
0.4203873705383909 0.5218195806941728
0.4204689244104949 0.5218868626386584
0.4204557545481222 0.521875997502201
0.42044811945354554 0.5218696985491752
0.4205283786698519 0.5219359124026279
0.42051615598678665 0.5219258286890991
0.42050864048743564 0.5219196284021346
0.42058746818568016 0.5219846612531862
0.4205761116126664 0.5219752920804499
0.4205687281208128 0.5219692006996708
0.4206460046856709 0.5220329538656786
0.42167998365953335 0.5228859865191151
0.4216931687156332 0.5228968641903975
0.42170115498293764 0.5229034528609237
0.4216901959535501 0.5228944116616789
0.4216947864439837 0.5228981988162866
0.42169475515755783 0.5228981730049853
0.42169034463285127 0.5228945343221023
0.423532270377936 0.5244141230617974
0.42352094730728795 0.5244047815285127
0.4234611624473031 0.5243554590190251
0.4234497131552212 0.5243460133530575
0.42344957553305695 0.5243458998147721
0.4234495600489458 0.5243458870403804
0.42344955837455023 0.524345885659004
0.4234495582763972 0.5243458855780279
0.4234495238766774 0.524345857198259
0.42344952378471307 0.5243458571223883
0.4234494951043037 0.5243458334610507
0.4234494950180648 0.5243458333899036
0.4234494709519142 0.5243458135353294
0.4234494708709781 0.5243458134685571
0.4234494505528475 0.5243457967060994
0.4234494504768282 0.5243457966433835
0.4234494332228993 0.5243457824088921
0.4234494331514438 0.5243457823499413
0.42344941841825506 0.5243457701950607
0.4234494183510401 0.5243457701396083
0.4234494057038763 0.5243457597056981
0.42344940564060557 0.5243457596534997
0.42344939472957255 0.5243457506518976
0.42344939466997406 0.5243457506027288
0.42344938521176473 0.5243457427997061
0.4234493851555886 0.5243457427533608
0.4234493769194934 0.5243457359585822
0.4234493768665098 0.5243457359148709
0.42344936966361496 0.5243457299724825
0.4234493696136121 0.5243457299312302
0.4234493632884075 0.5243457247129364
0.4234493632411902 0.5243457246739821
0.4234493576650101 0.5243457200736336
0.42344935762039826 0.5243457200368287
0.4234493526862653 0.5243457159661691
0.4234493526440925 0.5243457159313765
0.4234493482626426 0.5243457123166803
0.42344934822275476 0.5243457122837729
0.4234493443189977 0.5243457090631732
0.42344934428125247 0.5243457090320334
0.4234493407919854 0.524345706153388
0.4234493407562505 0.5243457061239069
0.42344933762798054 0.5243457035430841
0.42344935112650706 0.5243457146793684
0.423472487421339 0.5243648021226048
0.4234864526553873 0.5243763234406946
0.42349808747063455 0.5243859221632736
0.42350595599068297 0.5243924136923136
0.42351069816104636 0.5243963259828635
0.4235106778627876 0.5243963092368
0.42350627066869706 0.5243926733016753
0.42348287944259116 0.524373375540138
0.4234149458891548 0.5243173303585529
0.42336144933703884 0.5242731957030573
0.4233088200577209 0.5242297765476199
0.42330026050679587 0.5242227149181067
0.4231900447129624 0.5241317868881941
0.4231828040846068 0.5241258133698008
0.42317592726663594 0.5241201399949749
0.42324595403130827 0.5241779120758295
0.4231479795941495 0.5240970831651734
0.42314126052679824 0.5240915399346087
0.42320982815374053 0.5241481082268361
0.4231225295863501 0.5240760869087391
0.42311597360223346 0.5240706782218428
0.4231830214895629 0.5241259927288896
0.42310504139020805 0.5240616591469218
0.42309865278022357 0.5240563885436847
0.42316413048607926 0.5241104076510157
0.4230943017627194 0.5240527989542437
0.42308808384546537 0.5240476691725091
0.4231519504785362 0.5241003591447926
0.42308926854857515 0.5240486465525747
0.4230832237409146 0.5240436595862548
0.42314544733251463 0.5240949940493248
0.42308904623692767 0.5240484631454656
0.42308317612464347 0.5240436203028311
0.42314373299265623 0.5240935797189417
0.42309286499054066 0.5240516136171962
0.4230871703981905 0.5240469155785074
0.42314604451171345 0.5240954867221638
0.4231000627139012 0.5240575517389687
0.42309454377313777 0.5240529986128388
0.423151726125256 0.5241001740533363
0.42311006974917137 0.5240658075430666
0.4231047259649323 0.5240613989210694
0.42316021395975234 0.524107176516796
0.4231223958261147 0.5240759765565448
0.4231172261402155 0.524071711565678
0.4231710229991091 0.5241160939742653
0.4231366189349171 0.5240877106213068
0.4231316217866926 0.5240835879740215
0.42318373597763426 0.5241265821815484
0.4246468008143683 0.525333610671854
0.4246606461716271 0.5253450330915925
0.42466779420700546 0.5253509302207796
0.4246720319296571 0.5253544263419672
0.4246719926568874 0.5253543939419323
0.4246675276640752 0.5253507103228621
0.42463987145314724 0.5253278939488466
0.4246283880412371 0.5253184201340207
0.4245718632350618 0.5252717871689262
0.4245611825379698 0.5252629755938253
0.424561055167082 0.5252628705128428
0.42456104091327307 0.5252628587534505
0.4245610395268705 0.5252628576096683
0.4245610379211315 0.5252628562849336
0.42456103532828077 0.5252628541458317
0.4245610339501009 0.5252628530088334
0.42456103159180525 0.5252628510632394
0.4245610304030155 0.525262850082488
0.424561028253404 0.5252628483090586
0.4245610272230943 0.525262847459053
0.42456102525964035 0.5252628458392035
0.42456102436263593 0.5252628450991749
0.42456102256566786 0.5252628436166762
0.4245610217813529 0.5252628429696162
0.4245610201336439 0.5252628416102564
0.42456101944504676 0.5252628410421638
0.42456101793146994 0.5252628397934629
0.42456101732454815 0.5252628392927524
0.42456101593178547 0.5252628381437232
0.4245610153948636 0.5252628377007627
0.42456101411115965 0.5252628366417069
0.4245610136344846 0.5252628362484499
0.42456101244943745 0.5252628352707861
0.42456101202482527 0.5252628349204811
0.42456101092920845 0.5252628340165971
0.4245610105497619 0.5252628337035536
0.4245610095353725 0.5252628328666825
0.4245610091952546 0.5252628325860852
0.42456100825478316 0.5252628318101962
0.424561007949034 0.5252628315579532
0.424561007075953 0.5252628308376615
0.42456100680034176 0.5252628306102821
0.4245610059888093 0.5252628299407679
0.4245610057397134 0.5252628297352637
0.4245610049844905 0.5252628291122049
0.42456100475879704 0.5252628289260077
0.424561004055176 0.5252628283455204
0.4245610038502007 0.5252628281764158
0.4245610031939428 0.5252628276350031
0.42456100300736305 0.5252628274810747
0.424561113907461 0.5252629189736555
0.4245728138066785 0.52527257139051
0.4245873013764766 0.5252845236355934
0.4245943884802764 0.5252903704962282
0.4245987697663013 0.5252939850571987
0.4245987476545364 0.5252939668149927
0.4245944088100869 0.5252903872683218
0.4273587980405386 0.5275710083834445
0.4272945027381565 0.5275179647589792
0.4272440943097807 0.5274763778055692
0.4271944318419988 0.527435406269649
0.42718685036296744 0.5274291515494482
0.4269955090888329 0.5272712949982872
0.4270394624204018 0.5273075564968316
0.42687113859548304 0.5271686893412737
0.4268662502908349 0.5271646564899389
0.42686160053845085 0.5271608204442221
0.42685717741456874 0.5271571713670193
0.42685296961713537 0.5271536999341369
0.42689560416631545 0.5271888734372103
0.42674719906301734 0.5270664392269895
0.42674314684257003 0.5270630961451204
0.4267392914215173 0.5270599154227519
0.4267356230497815 0.52705688901607
0.42673213247791064 0.5270540092942764
0.42677349798571995 0.5270881358382191
0.4266423680346577 0.5269799536285927
0.42663900751529577 0.5269771812001192
0.42667924818051156 0.5270103797489222
0.42656312504492955 0.526914578162067
0.42660228172185805 0.526946882420533
0.426499200276204 0.5268618402278685
0.4264959318043756 0.52685914373861
0.42649282126529825 0.5268565775438712
0.4265308329267444 0.5268879371645643
0.4264390924333224 0.5268122512574911
0.42643610174468743 0.5268097839393672
0.4264730132393636 0.5268402359224751
0.426391165176176 0.5267727112703453
0.4263882908837871 0.5267703399791245
0.4264241141163298 0.5267998941459723
0.4263509097067596 0.5267395005080768
0.4263856828245556 0.5267681883302585
0.42632005068135337 0.5267140418121168
0.4263172646411291 0.5267117433289317
0.4263509757729768 0.5267395550127061
0.4262919875728082 0.5266908897475668
0.42628931304693407 0.5266886832637208
0.4262867672274924 0.5266865829626813
0.4263194118559267 0.5267135147811397
0.4281239932951764 0.5282022944685207
0.42813604128651217 0.5282122340613726
0.4281424387397011 0.5282175119602536
0.42814717404605673 0.5282214185879969
0.4281471367279089 0.528221387800525
0.42814274689074816 0.5282177661848674
0.42811580804611205 0.5281955416380425
0.42810838295648507 0.5281894159391003
0.4280549228840428 0.5281453113793354
0.428044949463828 0.5281370833076583
0.4280448314192323 0.5281369859208668
0.42804481828047186 0.5281369750813895
0.42804481688514695 0.5281369739302464
0.42804481673151423 0.5281369738034993
0.4280448033341984 0.5281369627507138
0.42804480319238764 0.5281369626337199
0.4280447916465371 0.5281369531083931
0.4280447915154415 0.5281369530002393
0.42804478151729103 0.5281369447517651
0.4280447813959264 0.5281369446516393
0.42804477269835334 0.5281369374761415
0.42804477258584234 0.52813693738332
0.4280447649866918 0.5281369311140207
0.42804476488225096 0.5281369310278571
0.42804475821527316 0.5281369255276004
0.42804475811820114 0.528136925447516
0.4280447522459747 0.5281369206029292
0.42804475215564264 0.5281369205284052
0.4280447469640167 0.5281369162453138
0.4280447468798594 0.5281369161758841
0.4280447422735639 0.5281369123756903
0.42804474219507266 0.528136912310935
0.4280447380942333 0.5281369089277426
0.4280447380209491 0.528136908867283
0.4280447343583053 0.5281369058456018
0.42804473428981354 0.5281369057890962
0.42804473100848717 0.528136903082002
0.42804473094441253 0.5281369030291404
0.4280447279961095 0.5281369005967903
0.42804472793611165 0.5281369005472921
0.42804472527966536 0.528136898355724
0.42804472522343523 0.5281368983093341
0.428044722823622 0.5281368963294881
0.4280447227708784 0.5281368962859748
0.42804472059744947 0.5281368944928959
0.4280447205479363 0.5281368944520475
0.42804471857482373 0.5281368928242296
0.42804471852830717 0.5281368927858534
0.42804471673296973 0.5281368913047
0.42804471668923616 0.5281368912686198
0.4280448718433885 0.5281370192707955
0.4280546132559136 0.5281450559361287
0.4280673636886165 0.5281555750431085
0.428076891024255 0.5281634350950103
0.4280809420046785 0.5281667771538597
0.428080922511795 0.5281667610722309
0.42807668547346694 0.5281632655156102
0.42806780139304484 0.528155936149262
0.4280069320142363 0.528105718911745
0.42795941312571895 0.5280665158287181
0.4279125411754942 0.5280278464697827
0.4279264736039138 0.5280393407232289
0.4278823595050626 0.5280029465916767
0.42787528078954556 0.5279971066513751
0.42761332329419505 0.5277809917177109
0.4276108801167068 0.5277789760962831
0.4276354042880545 0.5277992085376451
0.4274057536481622 0.5276097467597338
0.4274034138027174 0.5276078163872419
0.42742755255198 0.5276277308553835
0.4272259996216716 0.5274614496878791
0.42722375901189674 0.5274596011848148
0.4272474946393623 0.5274791830774739
0.4270703215935151 0.5273330153146499
0.42709365060106474 0.5273522617458785
0.4269376126077741 0.5272235304014137
0.42693545529295296 0.5272217506166863
0.4269334014802895 0.5272200562212389
0.4269562864269843 0.527238936302262
0.42681855951399456 0.5271253115990455
0.4268410113202537 0.5271438343392093
0.4267191700571629 0.5270433152971595
0.4267171937066128 0.5270416848079555
0.4267153120813728 0.5270401324671325
0.4267373002954949 0.5270582727437834
0.42662924631560034 0.5269691282103703
0.42662744564118305 0.526967642653976
0.4266489727112821 0.5269854024868078
0.42655291031583176 0.5269061510105613
0.42655118733194186 0.5269047295488521
0.4265722468973234 0.526922103690292
0.42648663130751785 0.5268514708287023
0.42648498287405984 0.5268501108710995
0.42650557006048795 0.5268670952999026
0.42642907423598736 0.5268039862446897
0.426427497328639 0.5268026852961272
0.4264476086451326 0.5268192771322344
0.42637909172463423 0.5267627506728234
0.42637758343069737 0.5267615063303255
0.42639721667064223 0.5267777037532799
0.42831618115035136 0.5283608494490399
0.4283288123627801 0.5283712701992936
0.42833882875839213 0.5283795337256736
0.42832781843365975 0.5283704502077693
0.4283317902040318 0.5283737269183263
0.42833174724334394 0.5283736914757589
0.42832758858180675 0.5283702605799906
0.4283020010907088 0.5283491508998349
0.42829409124341955 0.5283426252758212
0.42824351352847007 0.5283008986609878
0.4282341918625641 0.5282932082866155
0.4282340823186985 0.5282931179129264
0.4282340701858154 0.5282931079032978
0.42823406886397697 0.5282931068127811
0.4282340688333084 0.5282931067874795
0.42823404682635746 0.528293088631745
0.42823404679678584 0.5282930886073485
0.42823402817256195 0.5282930732423636
0.4282340281440592 0.5282930732188489
0.42823401229218705 0.5282930601410544
0.4282340122647243 0.5282930601183976
0.42823399869891465 0.5282930489266047
0.42823399867246253 0.5282930489047816
0.4282339870028041 0.5282930392773133
0.42823398697733295 0.5282930392562997
0.4282339768892683 0.5282930309336463
0.4282339768647484 0.5282930309134175
0.428233968103013 0.5282930236849858
0.4282339680794147 0.5282930236655171
0.4282339604356853 0.5282930173594405
0.42823396041297906 0.5282930173407078
0.4282339537163152 0.52829301181596
0.42823395369447187 0.5282930117979394
0.42823394780387297 0.5282930069381953
0.4282339477828638 0.5282930069208627
0.42823394258143976 0.5282930026296878
0.4282339425612364 0.52829300261302
0.42823393795161574 0.528292998810083
0.4282339379321904 0.5282929987940571
0.4282339338328828 0.5282929954121283
0.42823393381420827 0.5282929953967219
0.4282339301567089 0.528292992379285
0.4282339301387587 0.528292992364476
0.4282339268652305 0.5282929896638152
0.4282339268479787 0.5282929896495825
0.42823392390938797 0.5282929872252451
0.4282339238928093 0.5282929872115677
0.42823392124741955 0.5282929850291211
0.42823392123148946 0.5282929850159788
0.42823391884363815 0.5282929830460015
0.4282339307150091 0.5282929928398825
0.42825285225319054 0.5283086031088822
0.4282693922152259 0.5283222485775614
0.4282827207374185 0.5283332446083703
0.42829132303622647 0.5283403415048868
0.4282954337600303 0.5283437328520251
0.4282954024482593 0.528343707019814
0.42829122748064624 0.5283402626715332
0.4282823419878372 0.5283329321399657
0.4282246999026381 0.5282853774196765
0.42817977210091024 0.5282483119832511
0.42813810413669495 0.5282139359127734
0.42813157335112223 0.528208548014676
0.42784502612000264 0.5279721465490023
0.42784358363449543 0.5279709564984588
0.42785528056276817 0.5279806064642838
0.4276041815746812 0.5277734497991121
0.42760280446778814 0.5277723136859253
0.42761472233848274 0.5277821459292483
0.42739453084955964 0.5276004879508869
0.42739321608900577 0.5275994032734299
0.42740530762071083 0.5276093787870867
0.4272119713312947 0.5274498763483183
0.4272241965526277 0.527459962155918
0.4270541525443187 0.527319675849063
0.4270528938956368 0.5273186374639005
0.4270516953541444 0.5273176486671692
0.4270640078710424 0.5273278064936101
0.4269141461278442 0.5272041705554715
0.4269130017443631 0.5272032264390997
0.4269253686694621 0.5272134291523064
0.4267930023990849 0.5271042269792452
0.4267919097138677 0.527103325513941
0.42680429795908087 0.5271135458162418
0.42668710870367804 0.5270168646805345
0.42668606537751014 0.5270160039364461
0.4266984448021615 0.5270262169617834
0.426594438396132 0.526940411676809
0.4265934422028864 0.5269395898173814
0.42660578540862704 0.5269497729621173
0.42651324867489504 0.5268734301567886
0.42651229749473313 0.5268726454331549
0.4265245796350845 0.5268827781989448
0.42644204121623275 0.5268146840033922
0.42644113302938014 0.5268139347492388
0.42645333163253485 0.5268239985968414
0.4263795273554977 0.5267631100682857
0.42637866023653365 0.5267623946951403
0.4263907550402159 0.5267723729081781
0.426324597748684 0.5267177931426644
