1.0 1
0.9553260327347618 0.998883150818369
0.9469429653151817 0.997347148265759
0.9130748194344356 0.9956537409717218
0.8850010551827403 0.994250052759137
0.8497818006409616 0.9924890900320481
0.803324688845631 0.9901662344422816
0.8475857667341553 0.9885689325050617
0.822906777795516 0.9867180083346637
0.851207063974438 0.9851207063974439
0.8302789833423876 0.9830278983342386
0.8028956938929791 0.980289569389298
0.7660954271985958 0.9766095427198597
0.74075061851129 0.974075061851129
0.6901088207981958 0.9690108820798196
0.6565650339084786 0.9656565033908479
0.6096461999492901 0.9609646199949291
0.5912211289930325 0.9591221128993033
0.5179655131271003 0.95179655131271
0.6067212271831965 0.9606721227183197
0.6067212271831965 0.9606721227183197
0.6167861315194483 0.9520982664399311
0.6806551095995402 0.9520982664399311
0.6806551095995402 0.9520982664399311
0.68394060662297 0.9525910909934454
0.68394060662297 0.9525910909934454
0.68394060662297 0.9525910909934454
0.6839404348690552 0.9525910652303583
0.6935918473356057 0.9540387771003409
0.6935913640563236 0.9540387046084486
0.6935911486136384 0.9540386722920458
0.6935911486136384 0.9540386722920458
0.6882232571554097 0.9532334885733114
0.6783374328166041 0.9517506149224907
0.6783374328166041 0.9517506149224907
0.6783372451987097 0.9517505867798064
0.6212598553239579 0.9431889782985937
0.6209695724523034 0.9431454358678455
0.6210110707594054 0.9431516606139109
0.6209721135945622 0.9431458170391844
0.6206954357794789 0.9431043153669219
0.6207370503370411 0.9431105575505562
0.6206984337907073 0.9431047650686061
0.620434737168537 0.9430652105752806
0.6201833978715886 0.9430275096807383
0.6241417151117076 0.9436212572667563
0.6240569483411798 0.943608542251177
0.6239606186182881 0.9435940927927433
0.6239921310010585 0.9435988196501588
0.6239544771767638 0.9435931715765147
0.625846036464431 0.9438769054696647
0.6729146073601926 0.9427600562880338
0.7082160355320137 0.9416432071064028
0.6997489990618272 0.9399497998123655
0.7260111016673135 0.9383524978751456
0.7470207837517026 0.9367551959379258
0.7399367115203 0.9349841778800752
0.7348043804259495 0.9337010951064875
0.7291896275756105 0.9322974068939027
0.7291896275756105 0.9322974068939027
0.7291896275756105 0.9322974068939027
0.6937066298620215 0.9234266574655055
0.6903738224986063 0.9148528011871168
0.651559793093151 0.9041789431006165
0.5985771606979395 0.8795731482093819
0.5625684932791821 0.8578347603157341
0.5625552411819513 0.8578304533841342
0.5624068172031976 0.8577822155910393
0.562394309861912 0.8577781507051213
0.5622549031983386 0.8577328435394602
0.5622430931755845 0.8577290052820651
0.56211207776926 0.8576864252750095
0.5621009211567223 0.8576827993759348
0.5619777214006623 0.8576427594552152
0.5619671775121408 0.8576393326914458
0.5618512635981727 0.8576016606694061
0.5618412946931346 0.8575984207752688
0.5617321784349956 0.8575629579913736
0.5617227494692792 0.8575598935775158
0.5616199805490343 0.8575264936784361
0.5616110589497314 0.8575235941586626
0.5615142215414485 0.8574921220009708
0.5615057770033458 0.8574893775260873
0.5614144867331625 0.8574597081882779
0.5614064910344378 0.8574571095861924
0.561320392240776 0.8574291274782521
0.561312819075909 0.8574266661996705
0.5612315823376864 0.8574002642597481
0.5612244071657851 0.8573979323288802
0.5611477270701015 0.8573730112977829
0.561140926977049 0.857370801267541
0.5610685201010309 0.857347269032835
0.5610620736740393 0.8573451739440628
0.560993676758369 0.85732294494647
0.5609875639716854 0.8573209582907978
0.5609229322658466 0.8572999529864
0.5609171343764968 0.8572980686723615
0.5608560401379922 0.8572782130448475
0.5608505395905683 0.8572764253669346
0.5607927707223236 0.8572576504847552
0.5615896984788578 0.8575166520056288
0.5615896984788578 0.8575166520056288
0.5543519114602781 0.8551643712245903
0.5543519114602781 0.8551643712245903
0.5543519114602781 0.8551643712245903
0.5543352665304911 0.8551589616224096
0.554264778185589 0.8551360529103164
0.5541966309047401 0.8551139050440405
0.5541470521854857 0.8550977919602829
0.5540818482381223 0.8550766006773898
0.5540349526278879 0.8550613596040636
0.5539899744068765 0.8550467416822348
0.5539468513818682 0.8550327266991072
0.5539055216291175 0.8550192945294632
0.5260095076208542 0.8459530899767775
0.5353692391382542 0.837379233698389
0.5352828538650324 0.8373489988527613
0.5047861164750318 0.8266751407662613
0.504647723710367 0.8266267032986285
0.5045166816065245 0.8265808385622837
0.5045835098073695 0.8266042284325794
0.5044147408569899 0.8265451592999465
0.5044787221058231 0.8265675527370382
0.5043190416000684 0.8265116645600239
0.5043802789378083 0.8265330976282328
0.5042291744038713 0.8264802110413549
0.5042877690822832 0.8265007191787992
0.504360472592883 0.826526165407509
0.5044129482169282 0.8265445318759248
0.5042696099407648 0.8264943634792677
0.4992250868918245 0.8247287804121386
0.4746410467159758 0.8029903925184909
0.4745529206255107 0.8029573452345666
0.4744242865105908 0.8029091074414716
0.4743407226497116 0.8028777709936419
0.4742199035412814 0.8028324638279806
0.4741406482209832 0.8028027430828686
0.47402710153550187 0.8027601630758132
0.4739519165039829 0.8027319686889935
0.4738451433820642 0.8026919287682741
0.473773804805199 0.8026651768019496
0.47367334607976 0.80262750477991
0.47360564359052354 0.8026021163464463
0.47351107616680305 0.8025666535625511
0.47344681197962557 0.8025425544923597
0.47335774558207994 0.8025091545932801
0.4732967336681546 0.8024862751255581
0.46686302771378363 0.8000736353926688
0.4376946730506331 0.7750778692202533
0.4119578895243238 0.7500821030478376
0.41197605399292025 0.7500898229469911
0.44109449113282495 0.7484925210097713
0.43647874098017436 0.7464154334410785
0.43207194284249145 0.7444323742791211
0.4268004602470169 0.7420602071111576
0.42226819761983464 0.7400206889289256
0.4173305505452056 0.7377987477453425
0.4091527135020093 0.7341187210759041
0.4033359324579755 0.731501169606089
0.39620549964319685 0.7282924748394386
0.3849517668180648 0.7232282950681291
0.3746982350988119 0.7186142057944653
0.3705850702757053 0.7167632816240674
0.36571896199495707 0.7145735328977307
0.39572245400921524 0.7129681656543772
0.4227255816053862 0.711362790802693
0.44715698138574006 0.7097574152275135
0.4693673461378717 0.7081520403758295
0.46599776417662947 0.7062987702971462
0.46262818243462833 0.7044455003390456
0.4586428130366641 0.7022535471701653
0.4793881243956069 0.7006481715274739
0.47616504597832837 0.6987949014375389
0.4714994219705729 0.6961121676330795
0.46768732934634283 0.6939202143741472
0.4616722943252533 0.6904615692370207
0.4531945837280685 0.6855868856436395
0.4493824911312345 0.68339493240046
0.434889757921758 0.6750616108050109
0.43022415907790923 0.6723788914697979
0.42700125605714156 0.6705257222328566
0.4237799202025991 0.6686734541164945
0.41912239345969465 0.6659953762393245
0.4131501189709236 0.662561318408281
0.39999951786284615 0.6549997227711366
0.3915587128242191 0.650146259873926
0.38774699191685846 0.6479545203521937
0.3839351448473905 0.6457627082872495
0.3792703155661512 0.643080431450537
0.37325660480435574 0.6396225477625046
0.3647862328427493 0.6347520838845808
0.35050110165728443 0.6265381334529385
0.37537688331456914 0.6408417079058772
0.40263559568486884 0.6565154675187996
0.3881545387337446 0.6481888597719032
0.3834890454302607 0.6455062011224
0.3774742279754099 0.6420476810858607
0.3689969017946332 0.6371732185319142
0.362981877565042 0.6337145795998993
0.3545042304585237 0.6288399325136511
0.3400104152195088 0.6205059887512177
0.32584337974194605 0.5955060278451677
0.3128103035943839 0.5705064397464901
0.3128103014143079 0.5705064383839425
0.31281027487222124 0.5705064217951383
0.3128102728652948 0.5705064205408094
0.3128102485859277 0.5705064053662049
0.31281024673540486 0.5705064042096282
0.31281022448337636 0.5705063903021104
0.312810222774433 0.5705063892340207
0.3128102023433066 0.5705063764645667
0.31281020076278776 0.5705063754767424
0.31281018197101085 0.5705063637318819
0.31281018050721493 0.5705063628170095
0.3128101631946915 0.5705063519966823
0.3128101618371859 0.5705063511482413
0.3128101458623745 0.5705063411639841
0.312810144601837 0.5705063403761482
0.313771673571273 0.5711072959820458
0.3017035924246087 0.5461073350759957
0.3016710493322349 0.5460861820659528
0.30167104654764076 0.5460861802559667
0.30164104602390013 0.5460666799155353
0.3016410434922653 0.5460666782699726
0.3016133466186749 0.5460486753021389
0.301613344311938 0.5460486738027599
0.3015877384309545 0.5460320299801206
0.3015877363247171 0.5460320286110663
0.3015640317871706 0.5460166206616611
0.30156402986015446 0.5460166194091005
0.3015420572126352 0.546002337188213
0.3015420554462281 0.5460023360400484
0.30152166299503486 0.5459890809467728
0.3015216613729102 0.5459890798923918
0.3015027130706694 0.5459767634959353
0.3015027115784658 0.545976762526003
0.30152158634029075 0.5459890311211891
0.30152158467077617 0.5459890300360046
0.30150352111323614 0.5459772887236036
0.30150351973828715 0.5459772878298869
0.30152151722373627 0.5459889861954287
0.3015215156891009 0.5459889851979158
0.3015042959082707 0.5459777923403761
0.30150429463937584 0.5459777915155944
0.3015214552520842 0.5459889459138549
0.3015214538390596 0.545988944995389
0.30150503873858275 0.5459782751800789
0.30150503756581276 0.5459782744177785
0.30152139987576126 0.545988909919245
0.30152139857262783 0.5459889090722083
0.304050222468861 0.5476326446047598
0.29122989620094275 0.539299432530613
0.2912301329517834 0.5392995864186594
0.31560373721780544 0.5551424291915736
0.3156150618929072 0.5551497902303899
0.3156150618929072 0.5551497902303899
0.32926978713230665 0.5640253616359996
0.3292665512578292 0.5640232583175891
0.32913639071380896 0.563938653963976
0.32917261717534974 0.5639622011639774
0.3290680524996643 0.5638942341247819
0.3407366730857355 0.5714788375057284
0.3407106584241199 0.5714619279756782
0.3406802696882408 0.5714421752973567
0.3406555823698698 0.5714261285404156
0.34062607106575354 0.57140694619274
0.3406026378700577 0.5713917146155377
0.3406796950586366 0.571441801788114
0.3406575454766694 0.5714274045598353
0.3407256825116499 0.5714716936325727
0.3407047410466682 0.5714580816803345
0.34067950152709753 0.5714416759926136
0.3406596000602343 0.5714287400391524
0.3406350775391788 0.5714128004004665
0.3511977818798755 0.5782785582219192
0.351261070342734 0.5783196957227773
0.351248982574713 0.5783118386735636
0.3513048291087209 0.5783481389206688
0.3512932126482343 0.5783405882213526
0.3513423218769897 0.5783725092200435
0.35133116644868667 0.5783652581916465
0.3513741914218072 0.5783932244241748
0.35136348592769223 0.5783862658530001
0.35140102939657614 0.5784106691077747
0.35139076209243225 0.5784039953600811
0.351423378332118 0.5784251959158769
0.3514338814244532 0.5784320229258948
0.3514620664948809 0.5784503432216728
0.3514526440377285 0.5784442186245238
0.3514768775252288 0.578459970391399
0.35146784672979525 0.5784541003743671
0.3514545224108843 0.578445439567075
0.34750064529535096 0.5758754194419783
0.3473867380068071 0.5758013797044248
0.3472787600230743 0.5757311940149985
0.3471763934433157 0.5756646557381554
0.34707933690397386 0.5756015689875833
0.346987304978843 0.5755417482362482
0.34703472975987604 0.5755725743439196
0.3470617062651447 0.5755901090723443
0.35108459229196876 0.5782049849897799
0.35108459229196876 0.5782049849897799
0.35108240218556114 0.5782035614206149
0.3510648721042953 0.5781921668677923
0.3509450598077368 0.5781142888750292
0.3508642950089633 0.5780617917558264
0.3508420258831665 0.5780473168240584
0.35084185660266437 0.578047206791732
0.3508404790346031 0.5780463113724922
0.35083926228476014 0.5780455204850943
0.3508381837712804 0.5780448194513325
0.3508372245580526 0.5780441959627344
0.3588330772031488 0.5832415001820468
0.358832915921203 0.583241395348782
0.35854697426170307 0.5830555332701072
0.3582771647454228 0.582880157084525
0.35840411505642505 0.5829626747866764
0.3584039637127532 0.5829625764132897
0.35852542393803905 0.5830415255597255
0.35852528357297836 0.583041434322436
0.35826845586342293 0.582874496311225
0.3583834788886031 0.5829492612775921
0.35838334770591124 0.5829491760088424
0.35814009711696 0.5827910631260241
0.3579110169321259 0.582642161005882
0.357695518174251 0.5825020868132633
0.3574929616753686 0.5823704250889896
0.35730268240439944 0.5822467435628598
0.3574061618763974 0.5823140052196585
0.35740603636591334 0.5823139236378438
0.3575053084178296 0.5823784504715894
0.35750519170136646 0.5823783746058883
0.3573237316780851 0.5822604255907554
0.3571532036193412 0.582149582352572
0.35699298094522536 0.5820454376143965
0.3568424534887388 0.5819475947676803
0.3569326807838402 0.5820062425094962
0.356932569925387 0.5820061704515016
0.35678993953859583 0.5819134607000874
0.35665587880300986 0.5818263212219564
0.3567402500006821 0.5818811625004434
0.35674014580325186 0.5818810947721138
0.3566130412221231 0.58179847679438
0.35649350151138354 0.5817207759823994
0.35657249382342715 0.5817721209852277
0.35657239585412315 0.5817720573051801
0.3564589875340824 0.5816983418971535
0.3563522553321969 0.5816289659659281
0.35642630982594736 0.5816771013868658
0.3564262176813667 0.5816770414928885
0.36097238730703973 0.5846320517495759
0.3609825237232338 0.584638640420102
0.36098827032741043 0.5846423757128167
0.3609882557491534 0.5846423662369498
0.36098503228624207 0.5846402709860573
0.3608608427041248 0.5845595477576812
0.3608953664115756 0.5845819881675242
0.36078856026264045 0.5845125641707163
0.36080964127636583 0.5845262668296378
0.3608597057244395 0.5845588087208857
0.3608446684953202 0.5845490345219582
0.36085737504837667 0.5845572937814449
0.36084223151847766 0.5845474504870106
0.36055140246392026 0.5843584116015482
0.36027398944492894 0.5841780931392039
0.3602863272687591 0.5841861127246935
0.36030695776340566 0.5841995225462137
0.36035479466670045 0.5842306165333553
0.3603719397791411 0.5842417608564417
0.3603836348355505 0.5842493626431079
0.3603976941565341 0.5842585012017472
0.3604088063599461 0.5842657241339649
0.36039758937243516 0.5842584330920829
0.3604082514455195 0.5842653634395878
0.36039686352342576 0.5842579612902268
0.36040709258375275 0.5842646101794393
0.36039561584351276 0.5842571502982833
0.3601314897440203 0.5840854683336132
0.3598800071283629 0.5839220046334359
0.35964077621956464 0.583766504542717
0.3594133690090583 0.5836186898558878
0.3591973336980729 0.5834782669037473
0.35920724949680705 0.5834847121729245
0.35919527271783 0.5834769272665895
0.3589901370770356 0.5833435891000731
0.35899964955916636 0.5833497722134581
0.3590161400254086 0.5833604910165155
0.3588214219298564 0.5832339242544066
0.35863665839538056 0.5831138279569973
0.3586812929997106 0.5831428404498118
0.358670208332066 0.5831356354158428
0.3584947216034355 0.583021569042233
0.358503791187807 0.5830274642720745
0.3585187674901686 0.5830371988686095
0.3585612444485233 0.58306480889154
0.3585511285430742 0.5830582335529981
0.3583844503601139 0.5829498927340739
0.3583931214239678 0.582955528925579
0.3583829475441343 0.5829489159036872
0.3582248324452206 0.5828461410893933
0.36224186827305865 0.5854572143774881
0.3622418535902686 0.5854572048336746
0.36223964073095666 0.5854557664751218
0.3622460496203618 0.5854599322532351
0.3622286680930493 0.585448634260482
0.3621151124103889 0.5853748230667527
0.3620388597110484 0.5853252588121813
0.36201775729877417 0.5853115422442031
0.36201768463843353 0.5853114950149817
0.361686762944149 0.5850963959136968
0.36136518183519134 0.5848873681928743
0.36105478340475167 0.5846856092130885
0.36075680558968404 0.5844919236332945
0.36084039317727246 0.584546255565227
0.3608403215187013 0.5845462089871558
0.36055570037637114 0.5843612052446412
0.3602843666545282 0.5841848383254432
0.36036406762142326 0.584236643953925
0.3603639989595837 0.5842365993237294
0.3601058655471498 0.5840688126056472
0.35986091303631074 0.5839095934736019
0.3599363167581633 0.5839586058928061
0.359936251038653 0.5839585631751245
0.3600081470289466 0.5840052955688153
0.36000808540714935 0.5840052555146471
0.35977523209733864 0.58385390086327
0.3595548008359246 0.583710620543351
0.3593464130442359 0.5835751684787533
0.3591496216427929 0.5834472540678154
0.35921624869943003 0.5834905616546295
0.3592161885797636 0.5834905225768463
0.35902987018494964 0.5833694156202173
0.35885410947018215 0.5832551711556183
0.35891654694473984 0.5832957555140809
0.358916489547036 0.5832957182055734
0.35897614414108253 0.5833344936917035
0.35897609025708144 0.5833344586671029
0.35880915414584486 0.5832259501947992
0.35886559248680333 0.5832626351164222
0.3588655414256041 0.5832626019266426
0.35870754576075203 0.5831599047444888
0.3585585393283132 0.5830630505634036
0.35841803730165217 0.5829717242460739
0.35828556749619295 0.5828856188725253
0.35816067383192873 0.5828044379907535
0.3582119685099911 0.5828377795314942
0.3582119186136477 0.582837747098871
0.3580936506850341 0.5827608729452721
0.35798211373144234 0.5826883739254375
0.35803020255332896 0.5827196316596638
0.35803890371484537 0.5827252874146495
0.358050954841944 0.5827331206472636
0.3580567952104731 0.5827369168868075
0.3580567667101437 0.5827368983615934
0.35805356615973316 0.5827348180038265
0.3579350528401734 0.5826577843461127
0.3578328335098579 0.5825913417814077
0.3578462167634978 0.5826000408962735
0.3575085403187603 0.582380551207194
0.3571837899251008 0.5821694634513154
0.35719178962215203 0.5821746632543988
0.35718367922113564 0.582169391493738
0.35687220872744474 0.581966935672839
0.3565739673515177 0.5817730787784864
0.35658180947204193 0.5817781761568271
0.35659417706876995 0.5817862150947004
0.35663589873394985 0.5818133341770674
0.35662833363309343 0.5818084168615106
0.356343375394797 0.581623194006618
0.3563832149448734 0.5816490897141676
0.3563756224569184 0.5816441545969969
0.3564136031070691 0.5816688420195948
0.356425408568979 0.5816765155698362
0.35643300144869516 0.5816814509416518
0.35642611299915017 0.5816769734494475
0.35615417165380214 0.5815002115749713
0.3558947897728983 0.5813316133523838
0.35590214353830146 0.5813363932998958
0.35591286726997895 0.5813433637254862
0.3559490882461632 0.5813669073600061
0.35594266746601266 0.5813627338529083
0.3556955273825175 0.5812020927986363
0.3557025849376239 0.5812066802094555
0.35569615878938765 0.5812025032131019
0.35546088116659924 0.5810495727582895
0.3552370487457636 0.5809040816847463
0.3552438358752053 0.5809084933188833
0.35523734366155807 0.5809042733800126
0.35502454014912344 0.5807659510969302
0.35482232292199484 0.5806345098992967
0.35482882988974795 0.5806387394283361
0.3548397602791723 0.5806458441814619
0.3548740455310898 0.5806681295952083
0.35486801748552693 0.5806642113655924
0.35467582383632873 0.5805392854936136
0.35470843858178513 0.5805604850781603
0.3547024432450482 0.5805565881092812
0.3545198233228433 0.5804378851598481
0.3545260813802445 0.5804419528971587
0.35453644735742307 0.5804486907823249
0.3533667541219945 0.5796883901792963
0.3533646566450646 0.579687026819292
0.35334748293643914 0.5796758639086853
0.3532398379141347 0.5796058946441874
0.3531678134950674 0.5795590787717938
0.3531499543620226 0.5795474703353147
0.35314913383480456 0.5795469369926229
0.35304347041369327 0.5794782557689006
0.35307883382906946 0.5795012419888952
0.3530781005268509 0.5795007653424531
0.35297807975737094 0.579435751842291
0.35288368706417317 0.5793743965917125
0.3527945889456611 0.5793164828146796
0.3528279789137945 0.5793381862939664
0.3528273202997544 0.5793377581948403
0.3527429133772683 0.5792828936952243
0.3526632004126244 0.5792310802682058
0.3525879031356332 0.5791821370381616
0.35261949233145395 0.579202670015445
0.3526188993298677 0.5792022845644139
0.3525475069725998 0.5791558795321898
0.35248003277882106 0.5791120213062337
0.3525102035980245 0.5791316323387159
0.3525096688129616 0.5791312847284249
0.35244566045070486 0.5790896792929582
0.3523851322622717 0.5790503359704765
0.35241397088788073 0.5790690810771224
0.352413487397286 0.5790687668082357
0.35235603958664313 0.5790314257313179
0.35230168650132976 0.5789960962258643
0.35232927245050105 0.5790140270928256
0.3523288342909556 0.5790137422891211
0.3522772230134339 0.578980194958732
0.352228367138159 0.5789484386398034
0.352254773533362 0.5789656027966853
0.3522543755506456 0.5789653441079196
0.35220796377293 0.5789351764524044
0.35216400843952694 0.5789066054856924
0.3521893024023364 0.5789230465615185
0.35218894012760815 0.5789228110829452
0.352147166739498 0.5788956583806735
0.35217153455843997 0.5789114974629859
0.35217120432150456 0.578911282808978
0.3521314989707814 0.5788854743310078
0.35209386906088647 0.5788610148895762
0.3520581990016473 0.5788378293510708
0.352081447502139 0.5788529408763903
0.3520811454619913 0.5788527445502943
0.35204722183449966 0.5788306941924247
0.3520150520468953 0.5788097838304819
0.3496386084720645 0.5772650955068419
0.3496440003574236 0.5772686002323253
0.3496416445779853 0.5772670689756904
0.3496471205218952 0.5772706283392319
0.3496470801684597 0.5772706021094988
0.3454733575355501 0.5745576823981076
0.3454733164952535 0.5745576557219148
0.3454677480586102 0.5745540362380965
0.34535465740882526 0.5744805273157363
0.34525735652005024 0.5744172817380326
0.34526623252779715 0.5744230511430681
0.3453266470659693 0.57446232059288
0.3453215733345526 0.5744590226674591
0.3451526528216568 0.5743492243340768
0.344992714223784 0.5742452642454594
0.3450250583344381 0.5742662879173845
0.3450199562482912 0.5742629715613892
0.34486837637222095 0.5741644446419436
0.3448991098911294 0.574184421429234
0.34489404861622924 0.5741811316005488
0.3447503795162191 0.5740877466855423
0.3447795809774623 0.5741067276353504
0.34506324994454934 0.574291112463957
0.3450960161780282 0.5743124105157182
0.3450038749396989 0.5742525187108043
0.34499815298187364 0.5742487994382179
0.3448619694086109 0.574160280115597
0.3448897140637983 0.5741783141414689
0.3448840839765272 0.5741746545847427
0.3447549827323956 0.574090738776057
0.3447813425758674 0.5741078726743137
0.3447758121958272 0.5741042779272877
0.34465341138219474 0.5740247173984265
0.34470877125804855 0.5740607013177315
0.34470334720706247 0.5740571756845906
0.3445870815293287 0.5739816029940636
0.3444769201499653 0.5739099980974774
0.34450173389071026 0.5739261270289616
0.34449637082638435 0.5739226410371497
0.3443918781681257 0.5738547208092817
0.3444154571892224 0.5738700471729945
0.34441021363797386 0.5738666388646829
0.344311085321128 0.5738022054587331
0.3443334914012597 0.5738167694108187
0.34432837101113234 0.573813441157236
0.34423431950784944 0.5737523076801021
0.34425561143487093 0.5737661474326661
0.3442506170181956 0.573762901061827
0.34416137077360415 0.5737048910028426
0.34421274848724637 0.5737382865167101
0.34401875829659745 0.5736121928927883
0.3440187303963411 0.5736121747576217
0.3409128264167782 0.5715933371709058
0.34090714116676657 0.5715896417583982
0.3408903110121279 0.5715787021578831
0.3409274926899752 0.5716028702484838
0.3408252833173484 0.5715364341562764
0.34075725327389356 0.5714922146280308
0.3407396289057755 0.571480758788754
0.34073935233396613 0.5714805790170778
0.34072092261536785 0.571468599699989
0.3407034707606262 0.5714572559944069
0.340686940479231 0.5714465113115
0.34067127911223327 0.5714363314229516
0.3407744043695709 0.5715033628402211
0.3407741503961332 0.5715031977574865
0.34075880093118777 0.571493220605272
0.3407442505195108 0.5714837628376819
0.3407304545305686 0.5714747954448696
0.34083046339787193 0.5715398012086167
0.3408302299488059 0.5715396494667238
0.34081672383689166 0.5715308704939794
0.3408039121054375 0.5715225428685342
0.3409012881697175 0.5715858373103162
0.3409010733493654 0.5715856976770874
0.3408885477854721 0.5715775560605568
0.3408766612681792 0.5715698298243164
0.34097138679299904 0.5716314014154492
0.3409711888059372 0.571631272723859
0.34095958286124334 0.5716237288598081
0.34094856494130366 0.5716165672118473
0.3410406288304966 0.5716764087398227
0.34104044608621115 0.5716762899560371
0.34102970159121504 0.5716693060342897
0.3410194980572471 0.5716626737372105
0.3411088958691969 0.5717207823149779
0.3411087269552936 0.5717206725209407
0.34109878844681657 0.5717142124904306
0.34108934747615227 0.5717080758594989
0.34117608132863103 0.57176445286361
0.34117592498794763 0.5717643512421657
0.3411667396612695 0.571758380779825
0.3411580118032172 0.571752707672091
0.34124209018723123 0.5718073586217002
0.34124194529823193 0.5718072644438507
0.34123346296033896 0.5718017509242201
0.34122540111628347 0.5717965107255841
0.3413068386358983 0.5718494451133337
0.34130670419583403 0.571849357727292
0.34129887721694524 0.5718442701910142
0.3450134457573434 0.574258739742273
0.3450228509186217 0.574264853097104
0.3450279120482302 0.5742681428313494
0.3450278610150788 0.574268109659801
0.3450278610150788 0.574268109659801
0.34668962555934535 0.5753482566135742
0.34660512782353586 0.5752933330852981
0.3466650929039706 0.5753323103875807
0.3465802311224305 0.5752771502295797
0.34649975147488615 0.5752248384586759
0.34642341757730927 0.5751752214252509
0.3463510061973298 0.5751281540282642
0.34636940223311097 0.575140111451522
0.34642150607452704 0.5751739789484425
0.3463527454378328 0.5751292845345912
0.3463702051529208 0.5751406333493984
0.3464150514831849 0.5751697834640701
0.34634974991213885 0.5751273374428901
0.3463963474096065 0.5751576258162441
0.346369466772323 0.5751401534020099
0.3463861153207286 0.5751509749584734
0.34642648484595673 0.5751772151498716
0.3463642879821196 0.5751367871883776
0.346408820788452 0.5751657335124936
0.34644326802080805 0.575188124213525
0.34638407444706226 0.5751496483905904
0.34632787990412006 0.5751131219376779
0.3463435642552364 0.5751233167659034
0.3463727333167696 0.5751422766559001
0.3463193364787186 0.5751075687111669
0.34633422732477903 0.5751172477611062
0.3463586558477547 0.5751331263010405
0.34637283046648 0.5751423398032118
0.34639302346730033 0.5751554652537451
0.3463422431620236 0.5751224580553153
0.3462940168901963 0.5750911109786274
0.34630743965548366 0.5750998357760643
0.3463239071019828 0.5751105396162887
0.3462780688787407 0.5750807447711813
0.3462908130721616 0.5750890284969049
0.3463039663212575 0.5750975781088172
0.34634568592500276 0.5751246958512517
0.34633122119035525 0.5751152937737307
0.34628753484330455 0.5750868976481478
0.34629971733136716 0.5750948162653885
0.3463114133948729 0.5751024187066672
0.3462698822762965 0.5750754234795925
0.34630967575522015 0.575101289240893
0.3463187344570445 0.5751071773970787
0.3462791745799738 0.5750814634769829
0.35026269227815743 0.5776707499808023
0.35026266350520835 0.5776707312783853
0.35025711573828194 0.5776671252298831
0.3502407554729944 0.5776564910574462
0.3501438282235496 0.5775934883453072
0.35007953472472453 0.5775516975710708
0.3500626049428523 0.577540693212854
0.3500624949529789 0.5775406217194362
0.35019534150801884 0.5776269719802121
0.3501952390132231 0.577626905358595
0.34996326417375173 0.5774761217129385
0.3497455064814558 0.5773345792129462
0.34954123990836633 0.577201805940438
0.3493497218758071 0.5770773192192745
0.34946978766334325 0.577155361981173
0.34946968937861717 0.577155298096101
0.3492882929936505 0.5770373904458728
0.34940191537016396 0.5771112449906065
0.34940182307371354 0.5771111849979137
0.34922998921565535 0.5769994929901758
0.3490687815593754 0.5768947080135939
0.3489175448478689 0.5767964041511147
0.34902192720676795 0.576864252684399
0.3490218394531516 0.5768641956445484
0.3488784124551097 0.5767709680958212
0.348743770143767 0.5766834505934484
0.3488412811967228 0.5767468327778696
0.34884119829444793 0.576746778891391
0.3487134192980678 0.576663722543744
0.3485933752835628 0.5765856939343157
0.3486846010861987 0.5766449907060289
0.3486845227633139 0.5766449397961539
0.34857051890136365 0.5765708372858862
0.3484633277329768 0.5765011630264347
0.3485488026859175 0.5765567217458463
0.34854872868424275 0.5765566736447576
0.3484468632010752 0.5764904610806987
0.3483510034068673 0.5764281522144635
0.3484312106991622 0.5764802869544553
0.3484311407740364 0.5764802415031236
0.34833998676788996 0.5764209913991284
0.34825413379579906 0.5763651869672692
0.3483295080865306 0.5764141802562447
0.3483294420064531 0.5764141373041944
0.34824775653305423 0.5763610417464852
0.34817075723283597 0.5763109922013433
0.34824168843694536 0.5763570974840143
0.34824162598314107 0.5763570568890415
0.34830974960452377 0.5764013372429403
0.3483096910343225 0.5764012991723095
0.35281534545167237 0.5793299745435869
0.3528264809022089 0.5793372125864357
0.3528326803030184 0.5793412421969618
0.3528326286212947 0.5793412086038414
0.3528269623857743 0.5793375255507531
0.35278731329319724 0.5793117536405781
0.35270720754124335 0.579259684901808
0.3527134730221988 0.5792637574644292
0.35247232821594193 0.5791070133403622
0.35251585797585716 0.5791353076843071
0.3525063886057169 0.5791291525937158
0.35227703082068795 0.578980070033447
0.3520591146627027 0.5788384245307565
0.3521004496236713 0.5788652922553862
0.352090708631084 0.5788589606102044
0.35188361947083024 0.5787243526560395
0.3519229777253242 0.5787499355214606
0.3519295479342851 0.5787542061572852
0.35173280356568715 0.5786263223176965
0.3515460763746673 0.5785049496435336
0.3515833169785819 0.5785291560360781
0.3515882518901762 0.5785323637286144
0.35141092653972866 0.5784171022508235
0.3512426992152695 0.5783077544899251
0.35125531476804195 0.5783159545992271
0.35125878880466027 0.5783182127230291
0.351099183880525 0.5782144695223411
0.3511111471830582 0.5782222456689877
0.35111331569513016 0.5782236552018345
0.3511483432364504 0.5782464231036926
0.35114936596644236 0.5782470878781873
0.3509977993621648 0.578148569585407
0.35085404502722717 0.5780551292676975
0.3507177074107244 0.5779665098169707
0.35072896199726084 0.5779738252982194
0.35072899105219063 0.5779738441839238
0.35059965345185584 0.5778897747437062
0.3506324644614163 0.5779111018999206
0.35062732444601613 0.5779077608899105
0.35063806564904115 0.5779147426718767
0.35063797158284477 0.577914681528849
0.35064818599881786 0.5779213208992315
0.35064344936406217 0.5779182420866403
0.3506532462561337 0.5779246100664868
0.3506530452103135 0.5779244793867038
0.35068445960525846 0.5779448987434179
0.35068009167560926 0.577942059589146
0.3505570500378746 0.5778620825246183
0.35056640270757194 0.5778681617599217
0.35056610813769934 0.5778679702895044
0.35461564148897895 0.5805001669678362
0.3546156016211703 0.5805001410537606
0.3546101987410596 0.5804966291816887
0.35459384780284153 0.5804860010718469
0.354501913543992 0.5804262438035946
0.35444112357110624 0.5803867303212189
0.35442502977208934 0.5803762693518579
0.35442498698337865 0.580376241539196
0.3541114739853869 0.5801724580905014
0.35380959577237886 0.5799762372520462
0.35352033847589365 0.5797882200093307
0.3536012244502018 0.579840795892631
0.35360118185935935 0.5798407682085835
0.35332517966235183 0.5796613667805286
0.35306236657138995 0.5794905382714034
0.35313928849182047 0.5795405375196833
0.3531392470478626 0.5795405105811107
0.3532124729965122 0.5795881074477329
0.3532124339751284 0.5795880820838334
0.35296234514721153 0.5794255243456874
0.35272502906779135 0.5792712688940643
0.3525002499673375 0.5791251624787692
0.3522876598943292 0.5789869789313139
0.3523559585064811 0.5790313730292127
0.35235591945524014 0.579031347645906
0.3521545151821495 0.578900434868397
0.3519643448850315 0.5787768241752704
0.35202839506954814 0.5788184567952063
0.35202835730600757 0.578818432248905
0.35184831709546516 0.5787014061120523
0.351678477071658 0.5785910100965777
0.35173846119124075 0.5786299997743065
0.3517384247315587 0.578629976075513
0.3517956967726147 0.5786672029021995
0.35179566241687793 0.5786671805709707
0.35185033018732126 0.5787027146217587
0.3518502978009468 0.5787026935706153
0.3516884724472007 0.5785975070906804
0.3517401620216862 0.578631105314096
0.35174013107886265 0.5786310852012606
0.3515869666371508 0.578531528314148
0.3514424663320153 0.5784376031158099
0.3514908750072982 0.5784690687547438
0.3514908450781338 0.5784690493007869
0.35135407595708157 0.578380149372103
0.351399850583489 0.5784099028792677
0.3513998220042676 0.5784098843027738
0.35127036264839817 0.5783257357214587
0.35114821660448065 0.5782463407929124
0.35103296868876027 0.5781714296476941
0.35560304940327 0.5811419821121254
0.3556130779549309 0.581148500670705
0.3556178399434778 0.5811515959632605
0.35561779145691624 0.5811515644469955
0.3556122465174416 0.581147960236337
0.3555752239711208 0.5811238955812283
0.3554988543531861 0.5810742553295709
0.35549808879162015 0.581073757714553
0.355186465512422 0.5808712025830742
0.35488773767626797 0.5806770294895742
0.35460189567414274 0.5804912321881928
0.3543288088886653 0.5803137257776324
0.35433781579542095 0.5803195802670236
0.3543365852387118 0.5803187804051626
0.35407606915189455 0.5801494449487314
0.35382777286335787 0.5799880523611826
0.35359134602892917 0.5798343749188039
0.3536225513989667 0.5798546584093283
0.353620894420792 0.5798535813735147
0.35362952386267055 0.5798591905107358
0.3536271415997781 0.5798576420398558
0.3534021539428176 0.5797114000628314
0.35318820444001936 0.5795723328860125
0.3532178635504421 0.5795916113077874
0.3532162499100813 0.5795905624415528
0.35301283543398054 0.5794583430320873
0.35281958069607994 0.5793327274524518
0.35263604741117377 0.5792134308172628
0.35266405484287044 0.5792316356478657
0.35266208111110986 0.5792303527222213
0.35248773851744664 0.5791170300363403
0.3525143575628959 0.5791343324158823
0.35251241103171344 0.5791330671706136
0.3523468254372662 0.579025436534223
0.3523721248449662 0.579041881149228
0.3523702353249766 0.5790406529612347
0.3522129858912945 0.5789384408293414
0.35206375225424585 0.5788414389652597
0.35208770611182466 0.578857008972686
0.3520858302188071 0.5788557896422246
0.352108675476914 0.5788706390599941
0.35210687012115716 0.5788694655787522
0.35196508810839516 0.5787773072704568
0.3518305463200412 0.5786898551080266
0.3518387972839718 0.5786952182345816
0.35183673534522103 0.5786938779743936
0.35170904542844283 0.5786108795284878
0.3517169296783348 0.5786160042909175
0.3517146611015579 0.5786145297160126
0.3515934743576212 0.5785357583324537
0.3504795738989578 0.5778117230343225
0.35047429290673654 0.5778082903893786
0.3504582031373433 0.577797832039273
0.350370989455946 0.5777411431463648
0.3503134887445147 0.5777037676839345
0.3502983290686097 0.5776939138945962
0.3502983121907246 0.5776939029239709
0.3499911274831843 0.5774942328640698
0.3500334078635784 0.5775217151113259
0.3500333910914438 0.5775217042094385
0.34973106267110515 0.5773251907362182
0.3497724560884932 0.5773520964575205
0.3497724394573996 0.5773520856473097
0.34947701235957046 0.5771600580337207
0.34918921297874417 0.5769729884361837
0.3489105853649745 0.5767918804872334
0.34864220087686965 0.5766174305699652
0.3483847500537651 0.5764500875349473
0.34842702324996483 0.576477565112477
0.34842700423451467 0.5764775527524344
0.3481809814716463 0.57631763795657
0.34794632482053955 0.5761651111333507
0.347986643400158 0.5761913182101026
0.34798662431839833 0.5761913058069588
0.34776325362151267 0.5760461148539833
0.34755101682629824 0.5759081609370937
0.3475892049407781 0.5759329832115057
0.34758918590344057 0.5759329708372364
0.34738766826009254 0.57580198436906
0.3471966783904963 0.5756778409538226
0.34723268582014255 0.5757012457830927
0.34723266692114296 0.5757012334987429
0.34726696276229224 0.57572352579549
0.3472669448893167 0.5757235141780559
0.3470856830051185 0.575605693953327
0.34691413230765233 0.5754941859999739
0.34675187998181034 0.5753887219881767
0.3467839042829411 0.5754095377839117
0.34678388619711115 0.5754095260281222
0.3466302613878938 0.575309669902131
0.3464850700831298 0.5752152955540343
0.3463478879128813 0.5751261271433729
0.34637769626527565 0.5751455025724291
0.3463776781441207 0.5751454907936784
0.3462478427409694 0.5750610977816301
0.34612519218040155 0.574981374917261
0.3461531471808555 0.574999545667556
0.34615312944541105 0.5749995341395171
0.3460370425025521 0.5749240776266588
0.3459273752122344 0.5748527938879523
0.34301153074566215 0.5729574949846803
0.3430159403187126 0.5729603612071632
0.3430158942456391 0.5729603312596654
0.3430104548242347 0.5729567956357525
0.3429725683264951 0.5729321694122218
0.342899837046968 0.5728848940805291
0.3428973965403536 0.5728833077512298
0.3429200543826781 0.5728980353487406
0.34291921729688957 0.5728974912429782
0.3428090810329187 0.5728259026713971
0.34270472431777815 0.5727580708065558
0.3427623416018628 0.5727955220412108
0.342760043921333 0.5727940285488664
0.34266084154810805 0.5727295470062701
0.3426821615627051 0.5727434050157582
0.34268131956727765 0.5727428577187303
0.3425872092319257 0.5726816860007516
0.3424979953530334 0.5726236969794716
0.34241341179186807 0.5725687176647142
0.34243348291752335 0.5725817638963902
0.34243129736067246 0.572580343284437
0.3423510191624186 0.572528162455572
0.342404930846599 0.5725632050502892
0.34240262774479757 0.5725617080341183
0.34232625112890275 0.5725120632337867
0.3422538036730428 0.5724649723874777
0.3422727789224617 0.5724773062996
0.3422721876541613 0.5724769219752048
0.34229025745424163 0.5724886673452569
0.3422881006048489 0.5724872653931516
0.3422192479256503 0.5724425111516726
0.3421539172560257 0.5724000462164166
0.34217105957652555 0.5724111887247416
0.34216880868570365 0.5724097256457072
0.3421851757771578 0.5724203642551525
0.34218287193469865 0.572418866757554
0.3421207719254765 0.5723785017515597
0.34206183120727773 0.5723401902847305
0.34200588185595615 0.5723038232063715
0.341952765333773 0.5722692974669524
0.34196821022238333 0.5722793366445491
0.3419658290958883 0.5722777889123274
0.34191535471249684 0.5722449805631229
0.34193006055130626 0.5722545393583489
0.3419301119388555 0.5722545727602559
0.3418821434817602 0.5722233932631441
0.3418961059946163 0.5722324688965005
0.34189588896450707 0.5722323278269295
0.3419091781385523 0.5722409657900589
0.34190873148512996 0.5722406754653344
