1.0 1
0.0001693531033743383 0.9750042338275844
0.00016452274280041683 0.97500411306857
0.13180320247803995 0.978295080061951
0.06598627779070715 0.9532993138895354
0.06466000181736845 0.9532330000908684
0.06465710596126699 0.9532328552980633
0.06341032514289717 0.9531705162571449
0.06340765984023147 0.9531703829920115
0.06223516140095178 0.9531117580700477
0.06223270433075624 0.9531116352165379
0.06112962894732741 0.9530564814473663
0.06112736035356754 0.9530563680176783
0.060089182132671955 0.9530044591066336
0.06008708448629849 0.953004354224315
0.05910959070915994 0.952955479535458
0.05910764841983699 0.9529553824209918
0.05818691950036606 0.9529093459750182
0.05818511866987688 0.9529092559334937
0.057317508640652035 0.9528658754320325
0.05731583685137778 0.9528657918425688
0.05649795459146465 0.9528248977295732
0.0683452161142015 0.9534172608057101
0.04556352597853011 0.9284172644483897
0.034173035423398085 0.9034173035423398
0.03417303393672502 0.9034173033936724
0.03417301583686331 0.9034173015836864
0.03417301447662094 0.9034173014476622
0.034172998020994605 0.9034172998020995
0.034172996774055095 0.9034172996774055
0.03417298178026508 0.9034172981780266
0.03417298063511122 0.9034172980635111
0.03417296694456824 0.9034172966944569
0.034172965891068115 0.9034172965891069
0.03417295336546302 0.9034172953365462
0.034172952394679705 0.903417295239468
0.03417294091303344 0.9034172940913032
0.03417294001706383 0.9034172940017063
0.03417292947325341 0.9034172929473254
0.03417292864509119 0.9034172928645091
0.11613153580099217 0.9116131535800992
0.1161315350366696 0.911613153503667
0.11654909197081773 0.9116549091970818
0.11654909126439407 0.9116549091264394
0.11687774870811128 0.9116877748708111
0.11687774805430393 0.9116877748054304
0.11664124540402324 0.9116641245404024
0.11664124479601883 0.911664124479602
0.1163819977728421 0.9116381997772842
0.11638199720677994 0.9116381997206779
0.08052823389224295 0.9080528233892243
0.25158027317180104 0.9064475341464752
0.3656201080457993 0.9048430162068699
0.4470771329557981 0.9032384982672645
0.43648841055225013 0.9013854718466436
0.42590483008879976 0.89953334526554
0.4133813322417837 0.8973417331423121
0.40085823876019555 0.8951501917830342
0.39026878179497376 0.8932970368141204
0.3749431840860227 0.8906150572150541
0.35519696281410823 0.887159468492469
0.33994984479947615 0.8844912228399083
0.4144335245015155 0.8828867049003032
0.3971768453942297 0.8794353690788459
0.3730026679846955 0.8746005335969391
0.36414164064360144 0.8728283281287202
0.42796589144937924 0.8712923255761102
0.4198222583717767 0.8694600081336498
0.4105834018587643 0.8673812654182219
0.4039384068467896 0.8658861415405277
0.45740055595167084 0.8643501389879177
0.4479118872798166 0.8619779718199542
0.4397538145508885 0.8599384536377223
0.4346567988586553 0.8586641997146639
0.4267784690392495 0.8566946172598124
0.41771592173573624 0.8544289804339341
0.41771592173573624 0.8544289804339341
0.4665895681901931 0.8533121312523031
0.45803581989550807 0.8509598504712648
0.4431964013655156 0.8468790103755168
0.43362328170584485 0.8442464024691073
0.40375437104532735 0.836032452037465
0.39154154109775574 0.8326739238018828
0.3745409052461174 0.8279987489426823
0.34621430945749315 0.8202089351008105
0.4032097989590289 0.8358826947137329
0.38549508689847434 0.8310111488970804
0.3775244980188139 0.8288192369551737
0.42404620701163226 0.8272138621034897
0.4178686404846302 0.8253605921453889
0.4577083609037075 0.8237552172937048
0.4509639257966068 0.8215632758838971
0.442709591490443 0.818880617234394
0.4320679367543607 0.8154220794451673
0.4238133845068862 0.8127393499647381
0.41317141596506185 0.809280710188645
0.40746904662086403 0.8074274401517808
0.4452058985973987 0.8058220645090894
0.439910841197584 0.8039687944191544
0.4336481178129181 0.8017768412345212
0.37210139139672427 0.7802354869888535
0.3472946328625579 0.7552354873234592
0.3255887183846181 0.7302354873538472
0.32558871833602626 0.7302354873344106
0.32558871833201547 0.7302354873328062
0.33399366558361 0.733597466233444
0.3336598504911749 0.73346394019647
0.333350463751162 0.7333401855004649
0.33306363686751045 0.7332254547470043
0.3327976169450683 0.7331190467780273
0.3325507704832927 0.7330203081933171
0.3323215829720543 0.7329286331888218
0.3321086556584567 0.7328434622633827
0.3319107004874078 0.7327642801949631
0.33217678636621073 0.7328707145464843
0.33217678636212783 0.7328707145448512
0.3319865999001863 0.7327946399600745
0.33224220133624144 0.7328968805344965
0.3322422013325706 0.7328968805330283
0.3320595634648165 0.7328238253859267
0.33230498217873045 0.7329219928714922
0.33230498217542104 0.7329219928701685
0.33212967002824917 0.7328518680112996
0.33236521082104414 0.7329460843284177
0.33236521081805276 0.7329460843272211
0.3321969999992138 0.7328787999996855
0.33242296914233604 0.7329691876569344
0.3324229691396254 0.7329691876558502
0.332261634837543 0.7329046539350172
0.33247833864815435 0.7329913354592618
0.33247833864569226 0.7329913354582769
0.3323236565987728 0.7329294626395091
0.3325314001859699 0.733012560074388
0.3325314001837285 0.7330125600734914
0.33238314753005915 0.7329532590120237
0.33258223369814255 0.733032893479257
0.33258223369609774 0.7330328934784391
0.3324401897135262 0.7329760758854105
0.3326309180090217 0.7330523672036087
0.33263091800715244 0.733052367202861
0.3324948647532742 0.7329979459013097
0.33267753064306144 0.7330710122572246
0.33267753064134925 0.7330710122565398
0.33254725350242426 0.7330189014009697
0.3327221476710212 0.7330888590684086
0.33272214766945 0.7330888590677801
0.33259743582673923 0.7330389743306958
0.33276484358152086 0.7331059374326083
0.3327648435800766 0.7331059374320307
0.3329270290508442 0.7331708116203377
0.3329270294065778 0.7331708117626312
0.3329270298516191 0.7331708119406477
0.33292703345039787 0.7331708133801592
0.332927032630781 0.7331708130523125
0.3262201980605597 0.730488079224224
0.32622021889269087 0.7304880875570764
0.32622035431295643 0.7304881417251826
0.32622035431295643 0.7304881417251826
0.31757374137168565 0.7270294965486743
0.30538703219132335 0.7221548128765294
0.2932004165858954 0.7172801666343582
0.2810143045827478 0.7124057218330991
0.26018265838103694 0.7040730633524148
0.23934948871950662 0.6957397954878026
0.21851617147898805 0.6874064685915953
0.25815672994906835 0.7032626919796273
0.2977969932610667 0.7191187973044266
0.33743422230142783 0.7349736889205711
0.31662444952111757 0.726649779808447
0.31662444952111757 0.726649779808447
0.3562180617019089 0.7424872246807637
0.3562452558801149 0.742498102352046
0.3562452558801149 0.742498102352046
0.39316482265065783 0.7572659290602631
0.40935942736687814 0.7637437709467513
0.40936876559866514 0.7637475062394661
0.40936876559866514 0.7637475062394661
0.40936876559866514 0.7637475062394661
0.40936876559866514 0.7637475062394661
0.4063268196306819 0.7625307278522728
0.4063268196306819 0.7625307278522728
0.4030064155981096 0.7612025662392439
0.4030064155981096 0.7612025662392439
0.4030064155981096 0.7612025662392439
0.4030064155981096 0.7612025662392439
0.4030064155981096 0.7612025662392439
0.37919610879805055 0.7516784435192203
0.36456483676605306 0.7299400556255726
0.3808137763270754 0.721366199347184
0.38077794505760415 0.7213500752759219
0.3805840604785568 0.7212628272153505
0.3805499896482198 0.721247495341699
0.3803652928114733 0.7211643817651631
0.3803328904160288 0.721149800687213
0.3801569729320797 0.7210706378194359
0.38012615226983865 0.7210567685214274
0.3815817838200198 0.7217118027190089
0.3815817838200198 0.7217118027190089
0.38141181107848193 0.721635314985317
0.3813826420124167 0.7216221889055875
0.3820278617279482 0.7219125377775768
0.4145527111106878 0.7219125377775768
0.4122014496756753 0.7207956885959458
0.4415913771918915 0.7207956885959458
0.43915782041750495 0.7195789102087525
0.436085815312285 0.7180429076561425
0.4598963918455668 0.7164456057189227
0.48165382393875017 0.7149096031663127
0.47932094616859083 0.713626520392725
0.47932094616859083 0.713626520392725
0.46262031580670243 0.7044411736936864
0.47107359550486555 0.6958673174152977
0.47099785223798074 0.6958237650368391
0.4709256512889278 0.6957822494911337
0.4708568309861866 0.6957426778170575
0.470791236530312 0.6957049610049296
0.470791236530312 0.6957049610049296
0.470791236530312 0.6957049610049296
0.47072010840589745 0.6956640623333912
0.47065759164462 0.6956281151956566
0.45253264908580776 0.6852062732243396
0.4343341305551746 0.6606004783331049
0.417027989813958 0.6356424936337239
0.40105309066821965 0.6106845089343429
0.4010516384780942 0.6106835650107614
0.4010502853090903 0.6106826854509089
0.40104902310063667 0.6106818650154141
0.40104784457385423 0.6106810989730054
0.40104674314364425 0.6106803830433689
0.40104571284191015 0.6106797133472417
0.4010447482503587 0.6106790863627334
0.4055240503813072 0.6135906327478498
0.40552257637670236 0.6135896746448567
0.4055986020395523 0.6136390913257092
0.4055972325667284 0.6136382011683736
0.40567050271942673 0.6136858267676276
0.4056692289556505 0.613684998821173
0.4057397924732861 0.6137308651076362
0.405738606482036 0.6137300942133236
0.4058065173645521 0.613774236286959
0.40580541199227016 0.6137735177949758
0.4058707285166618 0.6138159735358304
0.40586969730305433 0.6138153032469855
0.40593248125163695 0.6138561128135642
0.4059315183515646 0.6138554869285172
0.40599183431315106 0.6138946923035483
0.4059909344284562 0.6138941073784967
0.40604884916879086 0.6139317519597143
0.406048007488667 0.6139312048676338
0.40610358938613533 0.613967333100988
0.40617195660533456 0.6140117717934677
0.4061777970098378 0.6140155680563948
0.4061777970098378 0.6140155680563948
0.4061777970098378 0.6140155680563948
0.40606603883124504 0.6139429252403095
0.4060472705543666 0.6139307258603385
0.4059917399798943 0.6138946309869315
0.4059739698905806 0.6138830804288776
0.4059197799278033 0.6138478569530724
0.405902952154676 0.6138369189005396
0.4058501688631042 0.613802609761018
0.4058342309287836 0.6137922501037096
0.405782905116305 0.6137588883255984
0.40576780770643867 0.6137490750091853
0.40571797666650034 0.6137166848332255
0.40570367341670277 0.613707387720857
0.4056553625201172 0.6136759856380763
0.40564180981925 0.6136671763825128
0.39188954465323195 0.604728204024601
0.38620996084335274 0.6010364745481794
0.3719681331093308 0.5760784898487985
0.3592467070822337 0.5514726949575638
0.359245692897996 0.5514719850285974
0.3592334304080352 0.5514634012856249
0.3592324793439705 0.5514627355407796
0.35922105078311384 0.5514547355481799
0.3592201582329077 0.5514541107630356
0.35920949620684295 0.5514466473447903
0.35920865796337326 0.5514460605743615
0.35919870155000616 0.5514390910850044
0.35919791376498394 0.551438539635489
0.3591886077945594 0.5514320254561917
0.3591878669427949 0.5514315068599567
0.3591791613680471 0.5514254129576333
0.3591784642157546 0.5514249249510285
0.3591703135597042 0.5514192194917932
0.3591696571363396 0.5514187599954379
0.35916202000720093 0.5514134140050408
0.35916140158039533 0.5514129811062769
0.359154240244607 0.5514079681712251
0.359153657297819 0.5514075601084735
0.35914693730351566 0.5514028561124611
0.3591463875160739 0.551402471261252
0.35914007736042125 0.551398054152295
0.359139558589674 0.5513976910127719
0.35913362942441973 0.551393540597094
0.35913313968974303 0.5513931977828203
0.35912756506012755 0.5513892955420895
0.3591271025285769 0.5513889717700039
0.3591218581414189 0.5513853006989933
0.35918364380730267 0.551428550665112
0.35656604746093046 0.5495962332226514
0.35347656742763267 0.5474335971993429
0.3498594202630619 0.5449015941841434
0.34783730738971697 0.543486115172802
0.34783730738971697 0.543486115172802
0.34974840029996485 0.5448238802099755
0.34964430053180584 0.5447510103722643
0.3496329201541736 0.5447430441079216
0.3496268246712528 0.5447387772698771
0.34957208181932986 0.544700457273531
0.34952034138514937 0.5446642389696047
0.3495626535188339 0.5446938574631839
0.34955715322015657 0.5446900072541097
0.34959803487084384 0.5447186244095908
0.34959306633980874 0.5447151464378661
0.3496325495922387 0.5447427847145672
0.3496280502584046 0.5447396351808832
0.3496661678916456 0.5447663175241519
0.34966208380714825 0.5447634586650038
0.3496988691322666 0.5447892083925867
0.3496951536283003 0.5447866075398102
0.34973064033965867 0.5448114482377611
0.34972725291396745 0.5448090770397773
0.3497614749535063 0.5448330324674544
0.34975838034576584 0.5448308662420361
0.3497913717795995 0.5448539602457197
0.3497885392002042 0.5448519774401429
0.34982033410685326 0.5448742338747973
0.34981773659141874 0.5448724156139931
0.34984836896099625 0.5448938582726974
0.3498459828282602 0.5448921879797821
0.3498754864719358 0.544912840530355
0.34987329086700025 0.5449113036069002
0.349901699336076 0.5449311895352532
0.3498996758443308 0.5449297730910315
0.3499270223582792 0.5449489156507955
0.3499251546780585 0.544947608274641
0.3499514720608924 0.5449660304426247
0.3499497457250961 0.5449648220075674
0.3499750663494625 0.5449825464446238
0.34997346848812616 0.5449814279416885
0.3499978242265429 0.5449984769585801
0.34999634336375873 0.5449974403546312
0.3500197655464361 0.5450138358825054
0.3500183914261761 0.5450128739983233
0.35004091080489674 0.5450286375634278
0.35003963424122375 0.5450277439688567
0.3500612809587794 0.5450428966711456
0.3500600937066963 0.5450420655946874
0.34822697641154765 0.5437588834880833
0.34822697641154765 0.5437588834880833
0.34535319848791846 0.541747238941543
0.3453476506302125 0.5417433554411488
0.3481073792310031 0.5436751654617022
0.3480514471163034 0.5436360129814124
0.34795605065433 0.543569235458031
0.34795073725290926 0.5435655160770365
0.3479466240561049 0.5435626368392734
0.34794180487639276 0.5435592634134749
0.34793788188085056 0.5435565173165955
0.34793350091408465 0.5435534506398593
0.34792975866045317 0.5435508310623172
0.34792576735168834 0.5435480371461818
0.34792219690508014 0.5435455378335561
0.3479185530288618 0.5435429871202033
0.34791514594603534 0.5435406021622248
0.34791181266956533 0.5435382688686958
0.34790856096837086 0.5435359926778597
0.34790550606817544 0.5435338542477229
0.3479024021991005 0.5435316815393704
0.3478995974038273 0.5435297181826793
0.3478966342234895 0.5435276439564427
0.347894054660709 0.5435258382624963
0.347891225407154 0.5435238577850079
0.34788884913621587 0.5435221943953511
0.34788614740589 0.543520303184123
0.34788395502222164 0.5435187685155551
0.3478813747484974 0.5435169623239482
0.34787934904740586 0.5435155443331843
0.34787688448054793 0.5435138191363836
0.34787501017073985 0.5435125071195179
0.3478726558592073 0.5435108591014451
0.34787091931797687 0.5435096435225839
0.34786867009096534 0.5435080690636758
0.3478670591544104 0.5435069414080873
0.34786491010554493 0.5435054370738814
0.34786341388831454 0.5435043897218202
0.34786136036041077 0.5435029522522876
0.3478599691004207 0.5435019783702946
0.3478580066712376 0.5435006046698664
0.3478567115955548 0.5434996981168885
0.3478548360644685 0.5434983852451281
0.3478536292731904 0.5434975404912333
0.34785183664872393 0.5434962856541068
0.34785071101419646 0.5434954977099375
0.3478489975023445 0.5434942982516413
0.34784794658148627 0.5434935626070405
0.3478463085747793 0.5434924160023457
0.3478453265326335 0.5434917285728436
0.3481449936480593 0.5437014955536416
0.3447991019593828 0.5413593713715681
0.33998919525231613 0.5379924366766213
0.36053399646051326 0.5363871474338723
0.3797090402540249 0.5347817801905187
0.3976470850938961 0.5331764909477696
0.39525590061790095 0.5313233229788734
0.3924291516241858 0.5291325925087441
0.3900391450209897 0.5272803373912671
0.38722568634521104 0.5250999069175387
0.38117164325370284 0.5204080235216197
0.3777323473478788 0.5177425691946063
0.36768097464868954 0.5099527553527345
0.3632313231776544 0.5065042754626823
0.3597701799056784 0.503821889426901
0.3573790122038541 0.5019687344579872
0.35291954890670385 0.49851265040269566
0.34665933679269334 0.4936609860143376
0.33598874588824235 0.48539127806338805
0.32970195426157833 0.48051901455272344
0.31895794426558294 0.47219240680582697
0.31612967079215504 0.47000049486392037
0.3354939095257084 0.46839512762056684
0.33214058621382936 0.46571246897106366
0.3278174139772959 0.462253931181837
0.3255008281147389 0.4604006624917913
0.34399428804861454 0.45879528764010724
0.34133737738305464 0.45660333634102035
0.3390909895550539 0.4547500663829197
0.3364340766230777 0.4525581132140394
0.35406204428101123 0.4509527376388599
0.3509058884925443 0.44827000521866295
0.34774973437516854 0.44558727421889355
0.34368074063904425 0.4421286295431878
0.3379458165930859 0.43725394410412327
0.3357654987607955 0.4354006739466764
0.3331867301096794 0.4332087205932277
0.3300305725059542 0.4305259866300613
0.32022666474660244 0.42219266503461234
0.3161576986533694 0.4187340438553642
0.3104230577107117 0.41385959905410524
0.3006206350878215 0.40552753982464845
0.31925927364419127 0.4213703825975628
0.3377645879174025 0.43709989972979235
0.35513850169177563 0.4518677264380095
0.3529132027083044 0.4499762223020589
0.35291310768464307 0.4499761415319468
0.35288442528460945 0.44995176149191823
0.3528034310430143 0.4498829163865624
0.3527939338639537 0.44987484378436093
0.35285135391631767 0.44992365082887026
0.3528558923683754 0.44992750851311936
0.3528558811110332 0.44992749894437845
0.35285141805760484 0.44992370534896436
0.3528274860241449 0.44990336312052337
0.35278404525194823 0.4498664384641562
0.35270416688345513 0.4497985418509371
0.3527034796909014 0.44979795773726633
0.35268542146403503 0.44978260824442995
0.3526847738719108 0.44978205779112435
0.35266811880157517 0.44976790098133906
0.35266750816653536 0.4497673819415552
0.35265212455840744 0.4497543058746465
0.3526515484457753 0.4497538161789091
0.3526373192414965 0.4497417213552721
0.3526367754060128 0.449741259095111
0.3526235963210953 0.44973005687293116
0.3526230826896863 0.44972962028623353
0.3526108606149767 0.4497192315227304
0.35261037527130534 0.4497188189806097
0.3525990268973254 0.4497091728627268
0.35259856806792195 0.4497087828577338
0.35258801869815676 0.4496998158934334
0.35258758473994856 0.4496994470289565
0.3525777672647123 0.4496911021750057
0.3525773566537966 0.4496907531557273
0.35256821066089494 0.44968297906176086
0.3525678219824163 0.4496826486850541
0.35255929298462524 0.44967539903693154
0.35255892492363694 0.44967508618509155
0.35255096368616645 0.4496683191332417
0.35255061501936913 0.4496680227664639
0.35254317697310433 0.4496617004271388
0.35254284656136775 0.44966141957716277
0.35253589128986124 0.4496555075963822
0.3525355780714468 0.4496552413607299
0.35252906886146357 0.44964970853224423
0.35252877184587367 0.44964945606899276
0.3525226752928171 0.4496442739988947
0.3525223935552065 0.4496440345219256
0.35251667921603774 0.44963917733363223
0.35251641189212984 0.44963895010831056
0.3525110519794722 0.44963439418255147
0.3525107982609289 0.4496341785217897
0.35250576737295825 0.4496299022670146
0.3525055265031576 0.44962969752768406
0.3525008013846505 0.44962568117695306
0.3525005726548324 0.44962548675660763
0.3524961319853938 0.44962171218758484
0.3524959147311372 0.44962152752146683
0.3527734624402921 0.4498574430742484
0.3488050746139187 0.4464843134218309
0.34880237901622413 0.44648202216379057
0.3488110390618902 0.4464893832026068
0.3488110390618902 0.4464893832026068
0.34407140877050224 0.44246069745492694
0.3520567536907043 0.44924824063709873
0.3520567425144947 0.44924823113732054
0.35205658801831563 0.4492480998155683
0.35206318341932763 0.44925370590642844
0.35203526495871207 0.4492299752149053
0.35195869839479776 0.4491648936355781
0.3519507116705239 0.44915810491994534
0.35194468693372005 0.44915298389366204
0.35201754788913503 0.44921491570576483
0.3520121450954199 0.44921032333110694
0.35208307967773306 0.44927061772607313
0.3520782208742865 0.44926648774314354
0.3521471974482513 0.4493251178310137
0.3521428160590454 0.44932139365018864
0.3522098132011791 0.4493783412210023
0.35220585215897077 0.4493749743351252
0.3522708577725846 0.44943022910669705
0.35226726798809765 0.4494271777898831
0.3523302784396674 0.44948073667371746
0.3523270175420956 0.4494779649107814
0.35238803682692615 0.4495298313028874
0.3523850681236536 0.44952730790510576
0.352444107066973 0.44957749100692723
0.35244139868112434 0.44957518887895576
0.3524984741791396 0.44962370305226873
0.3524959983319475 0.44962159858215556
0.35255113263600135 0.44966846274060124
0.3525488650475562 0.4496665352904229
0.3526020850933325 0.4497117723293328
0.35260000448046175 0.44971000380839266
0.3526513412631822 0.4497536400737051
0.35264942891730755 0.44975201457971165
0.3526989169130302 0.44979407937607585
0.3526971563441116 0.449792582892495
0.3527448329765627 0.4498331080300785
0.3527432096118352 0.44983172817006006
0.35278911476366803 0.44987074754911804
0.3527876156919577 0.4498694733381642
0.3528317912589105 0.44990702257007414
0.3528304050129888 0.4499058442610407
0.35287289449910275 0.4499419603242375
0.35287161086988295 0.4499408692394007
0.35291245902171436 0.44997559016845745
0.35291126889918656 0.44997457856430884
0.35155734366880775 0.4488237421184868
0.35155732171712134 0.4488237234595534
0.35155732171712134 0.4488237234595534
0.3515339586981505 0.44880386489342816
0.35149295736848196 0.4487690137632098
0.35141607968171273 0.44870366772945597
0.351415930271028 0.448703540730374
0.3513911454110185 0.4486824735993659
0.35139100009254487 0.4486823500786633
0.36060316301371903 0.4565126885616614
0.3606029961877618 0.4565125467595978
0.36064559961572934 0.45654875967337016
0.36064544179700947 0.4565486255274582
0.3606153177395564 0.45652302007862317
0.36061516619180384 0.4565228912630334
0.36065363439329723 0.45655558923430284
0.36065349097718 0.45655546733060326
0.36062617656023394 0.456532250076199
0.3606260387193357 0.45653213291143546
0.36066075791727487 0.45656164422968376
0.36066062743053434 0.4565615333159544
0.36068902079460197 0.45658566767541187
0.3606888972478373 0.4565855626606619
0.36071166961097423 0.4566049191693282
0.36071155261545 0.45660481972313266
0.36072935055927047 0.45661994797538
0.3607292397499335 0.45661985378744363
0.36074265357201046 0.45663125553620904
0.3607425486058659 0.4566311663149862
0.360752114886 0.45663929765310013
0.36075201544061547 0.45663921312452327
0.3607582200084957 0.4566444870072215
0.3607581257806218 0.45664440691352864
0.36076140692612174 0.4566471958872036
0.36076131763041824 0.4566471199858556
0.36076206943139405 0.45664775901668514
0.36076198479925325 0.45664768707936537
0.3607605604702677 0.4566464763997278
0.36076047983429416 0.4566464078591502
0.36075719501783815 0.45664361576516266
0.3607571166591384 0.4566435491602679
0.3607522525850136 0.4566394146972616
0.36075217648014324 0.4566393500081219
0.36074598301994654 0.4566340855669548
0.3607459091417008 0.45663402277044585
0.3607386077036503 0.4566278165481029
0.36073853602154426 0.4566277556183128
0.3607303222613792 0.4566207739221725
0.36073025274208564 0.456620714830773
0.3607212990833817 0.45661310422087464
0.360767360033663 0.45665225602861376
0.36077175044790305 0.4566559878807178
0.3607717286266018 0.4566559693326117
0.36077130564457777 0.4566556097978913
0.36076950416621695 0.45665407854128465
0.3607588663545381 0.4566450364013576
0.36076331792005834 0.4566488202320499
0.3607632971994531 0.4566488026195354
0.35869128546665713 0.4548875926466588
0.35869126421789227 0.4548875745852087
0.3586910900412544 0.4548874265350665
0.35866396259161637 0.45486436820287424
0.3585915844969037 0.45480284682236843
0.35858334634196837 0.45479584439067333
0.35858224157865276 0.45479490534185507
0.358667822077673 0.45486764876602237
0.3586667953710921 0.45486677606542864
0.35875047935618676 0.45493790745275897
0.3587495241474465 0.4549370955253297
0.3588312120160584 0.4550065302136499
0.3588303224021099 0.45500577404179354
0.35890993242375846 0.4550734425601949
0.3589091030813101 0.4550727376191137
0.3589865702025064 0.45513858467213064
0.3589857963218812 0.4551379268735992
0.3590610709271495 0.4552019102880774
0.35906034815465604 0.4552012959314579
0.35913339481039924 0.45526338558883966
0.35913271919800577 0.4552628113183051
0.35920351540157536 0.45532298809133936
0.3592028833628657 0.45532245085843603
0.35927141831511655 0.4553807055678492
0.35927082658666126 0.4553802025986622
0.35933710000254915 0.4554365350021669
0.3593365456099547 0.4554360637684617
0.35940056657840386 0.4554904815916435
0.3594000468064134 0.45549003978545155
0.3594618327077486 0.4555425578015866
0.3594613450738579 0.4555421433127796
0.35952092056056356 0.4555927824764792
0.35952046279169386 0.4555923933729401
0.35957785883610593 0.4556411800106902
0.35957742884794075 0.4556408145207499
0.3596326818586777 0.4556877795798764
0.359632277737325 0.45568743607672657
0.3596854287447857 0.45573261443306823
0.359685048730475 0.455732291420904
0.3597361426405448 0.45577572124446347
0.3597357851131073 0.4557754173461415
0.3597848700272817 0.4558171395231897
0.35983217797109607 0.455857351275432
0.35983636958249354 0.4558609141451198
0.35983634763255173 0.4558608954876693
0.35983199609532734 0.4558571966810284
0.3598092251048889 0.4558378413391558
0.3597705048410389 0.45580492911488335
0.35981418958885725 0.4558420611505289
0.35974836784135644 0.4557861126651533
0.3597449275535399 0.45578318842050913
0.3597366477786699 0.45577615061186966
0.35973350886415195 0.45577348253452943
0.35972486233935547 0.4557661329884525
0.35972199263399773 0.45576369373889836
0.3597130572567026 0.45575609866819755
0.359710428645277 0.45575386434848575
0.3597012738550695 0.4557460827768094
0.359698861691043 0.4557440324373868
0.35968954921887375 0.455736116836043
0.35968733183641866 0.4557342320609562
0.3596779163988387 0.45572622893901327
0.3596758747010902 0.455724493495927
0.35966640464195715 0.4557164439456639
0.3596645217525185 0.45571484348964103
0.3596550396348239 0.45570678368960066
0.3596533006019097 0.45570530551162347
0.3596438437525003 0.4556972671896256
0.35964223529702527 0.45569590000247173
0.35963283630704307 0.4556879108609868
0.35963134660751456 0.4556866446163877
0.35962203379137975 0.4556787287226731
0.35962065229970464 0.45567755445474917
0.35961145011542056 0.45566973259810767
0.3596101673987565 0.45566864228894327
0.35960109683224123 0.4556609323074053
0.35959990443685186 0.4556599187713243
0.35959098335290296 0.4556523358499677
0.3595898736866547 0.4556513926336567
0.35958111714903895 0.4556439495766834
0.3595800833797346 0.4556430708727747
0.3595715039427706 0.45563577835135527
0.35957053990997145 0.45563495892347594
0.35956214788384044 0.45562782570126464
0.35956124802220657 0.4556270608188758
0.3595530517140961 0.4556200939569819
0.3595522109865873 0.4556193793385995
0.35954421691963456 0.4556125843816896
0.359543430759173 0.4556119161452973
0.35953564387104736 0.45560529729039045
0.3595349081294586 0.45560467191004006
0.3595273319522915 0.45559823215944795
0.35958504350076376 0.4556472869756494
0.3595891528316433 0.455650779906897
0.35958913102854145 0.4556507613742605
0.3578422085985267 0.4541658773087479
0.35784117824458617 0.4541650015078984
0.35781428291811107 0.45414214048039464
0.35774582080526734 0.45408394768447746
0.3577386927685032 0.4540778888532279
0.35773458445832435 0.4540743967895759
0.35777650024803836 0.4541100252108328
0.3577727802641953 0.4541068632245662
0.35781323163412154 0.45414124688900354
0.3578098552859432 0.454138376993052
0.3578488749453259 0.4541715437035273
0.35784580357725165 0.45416893304066414
0.35788342529350764 0.4542009114994817
0.3578806253619859 0.45419853155768825
0.3579168837337745 0.45422935117370855
0.3579143260401755 0.4542271771341494
0.35794925629098157 0.4542568678473346
0.35794691534186973 0.45425487804058956
0.3579805531330028 0.4542834701630527
0.3579784066047651 0.4542816456140507
0.35801078786664614 0.45430916968664947
0.3580088161559383 0.45430749373254786
0.35803997693653555 0.45433398039605544
0.35803816278155 0.4543324383643178
0.3580681391108307 0.45435791824420624
0.35806646727121144 0.45435649718052995
0.3580952950404934 0.4543810007844196
0.35809375202597893 0.4543796892220823
0.35812146688109514 0.4544032468489311
0.3581200407207783 0.45440203461266176
0.35814667796800287 0.4544246762728026
0.3581453580135551 0.4544235543115221
0.3581709525372825 0.4544453096566903
0.3581697292946662 0.4544442699004664
0.3581943154858808 0.45446516816299887
0.35819318047102755 0.45446420340037363
0.3582167921656511 0.45448427334080366
0.3582157377803618 0.4544833771133078
0.35823840820661573 0.4545026469756236
0.35823742763156935 0.4545018134868341
0.35825918936554274 0.45452031096071155
0.3582582764678222 0.4545195349976492
0.35827916139648625 0.4545372871870136
0.35827831064945337 0.4545365640520357
0.3582983499404144 0.45455359744935253
0.35829755635411853 0.454552922901001
0.35831678043145154 0.45456926336673414
0.3583713984298777 0.45461568866539626
0.3583756547976127 0.454619306577971
0.35837562377973914 0.45461928021277853
0.3583713668788701 0.45461566184703983
0.35834912799740765 0.45459675879779676
0.35831256062333455 0.4545656765298346
0.35835417787289586 0.4546010511919617
0.3582940615937242 0.4545499523546658
0.3582884893094346 0.4545452159130196
0.35831029635322437 0.454563751900241
0.35830527552264385 0.4545594841942475
0.35830065055960575 0.45455555297566513
0.35829611402177663 0.4545516969185104
0.3582915092842207 0.4545477828915878
0.35828740016237015 0.4545442901380149
0.3582828226843488 0.45454039928169676
0.3582790919249789 0.45453722813623243
0.35827454823418103 0.45453336599905414
0.35827115339040677 0.45453048038184607
0.3582666495213316 0.4545266520931321
0.3582635537450137 0.4545240206832618
0.358259095253109 0.4545202309651429
0.3582562664568867 0.4545178264883539
0.3582518584335693 0.4545140796685342
0.3582492685916684 0.45451187830291834
0.3582449156801241 0.45450817832810575
0.35824254024293833 0.4545061592064978
0.35823824665458914 0.45450250965640093
0.35823606405687347 0.45450065444834264
0.35823183358839117 0.45449705855013267
0.3582298248347488 0.45449535110953665
0.35822566088549446 0.4544918117526705
0.3582238091999011 0.45449023781991615
0.35821971478967013 0.4544867575712198
0.35821800531822995 0.4544853045204957
0.3582139831051873 0.45448188563940944
0.3582124026632807 0.45448054226378887
0.3582084549619771 0.4544771867176808
0.3582069918185446 0.4544759430457631
0.35820312061791143 0.45447265252522495
0.3582017643108998 0.4544714996642652
0.35819797129212927 0.45446827559831016
0.35819671247016405 0.4544672055996397
0.35819299902438984 0.4544640491707317
0.35819182931058446 0.45446305491399713
0.3581881965562868 0.45445996707284414
0.3581871084307891 0.4544590421661711
0.35818355723085765 0.4544560236462293
0.3581825439292996 0.454455162339905
0.3581790749076956 0.45445221367154165
0.3582409522298888 0.45450480939540583
0.35824512582868756 0.45450835695438485
0.3582450954291239 0.45450833111475575
0.35547489255751846 0.4521536586738911
0.3554748616340649 0.45215363238895545
0.35547332479926275 0.4521523260793737
0.3554475164120598 0.4521303889502512
0.35538275611300085 0.45207534269605104
0.3553762449991446 0.45206980824927323
0.35537077040088355 0.4520651548407514
0.3553273045738115 0.45202820888774015
0.3553399721365126 0.45203897631603607
0.35533504722767106 0.4520347901435208
0.35534750566324175 0.45204537981375587
0.35534306625684814 0.45204160631832124
0.35535530574519686 0.45205200988341765
0.35535129362199036 0.4520485995786922
0.35536330574709507 0.4520588098850312
0.35535967085047543 0.4520557202229044
0.35537144849343066 0.45206573121941646
0.3553681476373833 0.4520629254917762
0.35537968487605537 0.4520727321446475
0.35537668067851874 0.45207017857674126
0.35538797269342154 0.4520797767894087
0.35538523269243466 0.45207744778856984
0.35539627567846677 0.45208683432669716
0.35539377159708846 0.4520847058575256
0.355404562680799 0.45209387827867953
0.3554022698135792 0.45209192934154274
0.35541280697565053 0.4521008859293033
0.35541070367478295 0.4520990981235659
0.35542098567744057 0.45210783782582487
0.35541905292095494 0.45210619498281207
0.35542907924003064 0.4521147173540264
0.35542730026774316 0.4521132052275821
0.3554370710291354 0.45212151037476545
0.35543543103475245 0.45212011637953997
0.35544494695504075 0.45212820491178507
0.35544343282495283 0.4521269179012103
0.35545269515593775 0.4521347908825475
0.35545129524696156 0.4521336009599176
0.3554603057239124 0.45214125986532594
0.3554590096736238 0.45214015822258063
0.3554677704670291 0.4521476048969751
0.35546656903145174 0.4521465836767343
0.35547508270207606 0.45215382029676504
0.3554739676163986 0.4521528724739392
0.3554822370734609 0.4521599015124421
0.3554812009321974 0.45215902079236825
0.3554892293944934 0.45216584498531986
0.35554748551613624 0.4522153626887162
0.3555514210097921 0.45221870785832363
0.35555137976090107 0.45221867279676636
0.35554724303604096 0.4522151565806352
0.35552559194698735 0.4521967531549397
0.3554910478448887 0.4521673906681558
0.35543510731637734 0.45211984121892107
0.3554287113838503 0.4521144046762732
0.35542823475736723 0.4521139995437625
0.3554224925104627 0.45210911863389375
0.35542182573504816 0.4521085518747913
0.3554166559965009 0.4521041575970262
0.3554158186408005 0.452103445844681
0.3554111519821573 0.4520994791848342
0.35541016202391 0.452098637720324
0.3554059388511247 0.4520950480234564
0.35540481282083763 0.4520940908977124
0.35540098180297763 0.45209083453253146
0.3553997349111343 0.45208977467446465
0.35539625168562294 0.45208681393277994
0.35539489793562556 0.4520856632452822
0.355391724037269 0.4520829654316791
0.355390276326015 0.45208173487711323
0.3553873782978413 0.4520792715531655
0.35538584850557187 0.45207797122973653
0.35538319715795197 0.45207571758425963
0.3553815962287837 0.4520743567944666
0.3553791660199406 0.45207229111695
0.35537750403429347 0.45207087842914984
0.3553752725505469 0.4520689816679653
0.3553735587905131 0.4520675249719365
0.35537150630876047 0.4520657803624467
0.35536974931730947 0.45206428691971345
0.3553678584355484 0.45206267967021657
0.3553660660703399 0.45206115615978926
0.3553643213946771 0.4520596731854759
0.35536250087714133 0.45205812574557047
0.3553608887558487 0.45205675544247176
0.35535904671610263 0.45205518970868763
0.3553575550129827 0.45205392176103565
0.3553556975310683 0.45205234290140844
0.3553543154317668 0.45205116811700224
0.3553524480756306 0.4520495808642864
0.3553511659216454 0.452048491033399
0.3553492937822172 0.452046899714885
0.355348102928259 0.45204588748902064
0.3553462306519403 0.45204429605414964
0.3553451233430378 0.45204335484158253
0.3553432551618649 0.4520417668875856
0.3553422244272101 0.4520408907631291
0.355564553290727 0.4522298702971185
0.3555645234001573 0.4522298448901342
0.3555628712667837 0.4522284405767666
0.35553784589374576 0.45220716900968433
0.3554765743198617 0.4521550881718829
0.3554705478347185 0.4521499656595111
0.35546435287458156 0.4521446999433948
0.35542199338073666 0.45210869437362666
0.3554239844559914 0.45211038678759313
0.35541842995851225 0.45210566546473585
0.35542075722281385 0.45210764363939226
0.35541576574357725 0.45210340088204115
0.35541839095729605 0.4521056323137021
0.35541389314814453 0.4521018091759233
0.3554167810732265 0.4521042639122429
0.355412717548528 0.45210080991624924
0.3554158357348364 0.45210346037461147
0.3554121554590734 0.45210033214021283
0.3554154740464038 0.45210315293944364
0.3554121330089571 0.45210031305761406
0.35541562454340747 0.45210328086189683
0.3554125846651284 0.45210069696535965
0.3554162239286401 0.4521037903393445
0.3554134521562473 0.45210143433281064
0.35541721600824616 0.4521046336070098
0.35541468356152167 0.4521024810272939
0.3554185507916959 0.452105768172942
0.3554162325354598 0.45210379765514136
0.35542018372680134 0.45210715616778163
0.35541805764516426 0.45210534899839017
0.3554220750464842 0.45210876378951215
0.3554201218012358 0.45210710353105094
0.3554241892084359 0.45211056082717105
0.3554223917668904 0.45210903300185734
0.3554264944123395 0.4521125202504891
0.35542483773271716 0.4521111120728101
0.355428962182138 0.4521146178548177
0.3554274329467646 0.4521133180047504
0.35543156700308953 0.45211683195262653
0.355430153391468 0.45211563038274827
0.3554342860051678 0.4521191431043931
0.35543297750040037 0.4521180308753408
0.35543709868583195 0.45212153388295756
0.35543588590902353 0.4521205030226705
0.3554399866663799 0.45212398866642334
0.355438861234588 0.4521230320494002
0.3554429334770671 0.4521264934555075
0.35544188788112446 0.4521256046989562
0.35544592436696393 0.4521290357119197
0.3554449518661194 0.45212820908620194
0.35387688362796343 0.4507953510837693
0.3538768336960386 0.45079530864163325
0.35387256211289014 0.450791677795957
0.35385151371403245 0.4507737866569279
0.3538188692056829 0.45074603882483083
0.3537591340922541 0.45069526397841636
0.35375821911530303 0.4506944862480079
0.3537364171096062 0.4506759545431656
0.35373556070540296 0.45067522659959297
0.35376332714514863 0.45069882807337674
0.35376252712323647 0.45069814805475145
0.35378527548143046 0.4507174841592163
0.3537845275039215 0.4507168483783337
0.3538028143027918 0.45073239215737343
0.353802114427388 0.4507317972632802
0.3538164487385545 0.4507439814277718
0.3538157933764669 0.4507434243699973
0.3538266390699579 0.4507526432094647
0.3538260249489022 0.4507521212065672
0.353833803218387 0.45075873273562933
0.3538332273499776 0.45075824324748137
0.3538383194000776 0.4507625714900664
0.35383777905104075 0.450762112193385
0.35384052885659656 0.45076444952810746
0.35384002152330574 0.45076401829481033
0.35384073859086485 0.4507646278022355
0.3538402619767732 0.45076422268025756
0.3538392240556137 0.45076334044727207
0.35383877590933405 0.45076295952293427
0.3538362316119346 0.4507607968701448
0.35383580815265486 0.450760436929757
0.3538319794318623 0.45075718251708335
0.3538315791224034 0.4507568422540432
0.35382666364441506 0.45075266409775316
0.3538262850593303 0.45075234230043115
0.35382045843936705 0.45074738967346234
0.35382010025543015 0.450747085217116
0.3538135181411049 0.4507414904199395
0.35381317912872695 0.45074120225941827
0.35380597913047873 0.4507350822609073
0.3538056581459517 0.45073480942405925
0.3537979616170913 0.450728267374528
0.3537976575955698 0.45072800895623466
0.35378957126678 0.4507211355767634
0.35378928321592223 0.45072089073353433
0.35378090069065293 0.45071376558705534
0.35378062768485186 0.45071353353212446
0.353772030803097 0.4507062261826329
0.3537717719782403 0.45070600618150464
0.35376303205680054 0.4506985772482809
