1.0 1
0.015768204350613272 0.9753942051087654
0.015768204350613272 0.9507884102175307
0.015639342093538514 0.950781967104677
0.01551851670099079 0.9507759258350494
0.01540514312177121 0.9507702571560885
0.17777036152573097 0.9588885180762865
0.17779361254340637 0.9588896806271704
0.1777281440917854 0.9588864072045892
0.17774823151745048 0.9588874115758725
0.1776882242632359 0.9588844112131618
0.17770549261571925 0.9588852746307859
0.17765045899232584 0.9588825229496163
0.17766521835479823 0.9588832609177398
0.17761471629615694 0.9588807358148079
0.1775556735496936 0.9588777836774847
0.17758091272390752 0.9588790456361954
0.13758934842318185 0.956879467421159
0.09698230039899232 0.9322736725299243
0.09604090483604338 0.9322030678627031
0.09727354875446752 0.9322955161565851
0.07295928057907348 0.9072959280579074
0.05837071967383707 0.8822963399592296
0.05837060583083019 0.8822963257288539
0.05837050103899193 0.882296312629874
0.058370404422482126 0.8822963005528102
0.05837031520604873 0.8822962894007562
0.058370232701785464 0.8822962790877232
0.05837015629783412 0.8822962695372294
0.05837008544871866 0.8822962606810899
0.05837001966705302 0.8822962524583817
0.08872532094670768 0.8860906651183384
0.07394051346440497 0.8610910770196607
0.07336021107739432 0.8610040316616091
0.07336010048536666 0.861004015072805
0.07281469096628057 0.860922203644942
0.0728145898022511 0.8609221884703377
0.07230187066634483 0.8608452805999518
0.07230177794955953 0.860845266692434
0.07181967104825583 0.8607729506572384
0.07181958591856254 0.8607729378877844
0.07136613640782918 0.8607049204611744
0.0713660581087588 0.8607049087163139
0.07093943158862914 0.8606409147382944
0.07093935945311494 0.8606409039179672
0.07053783783857638 0.8605806756757864
0.07053777127686209 0.8605806656915294
0.0701597478279517 0.8605239621741928
0.07015968631732165 0.8605239529475982
0.06980366015247788 0.8604705490228717
0.06980921213992348 0.8604713818209886
0.19352493646504737 0.8588668638813832
0.2863117297088903 0.8572623459417781
0.27709318886882717 0.8554186377737654
0.350284977040712 0.8538141198341602
0.3406024464261322 0.8516355504458797
0.33272597767849305 0.8498633449776609
0.39306417216176415 0.848266043040441
0.3843666088191166 0.8460916522047792
0.37366007415883706 0.8434150185397092
0.3662479684763535 0.8415619921190883
0.3574810831877422 0.8393702707969355
0.41005416707364156 0.8377648959452515
0.453865070311891 0.8361595210935674
0.4476875361864344 0.8343062608559304
0.44151000206097785 0.8324530006182934
0.4342035371752562 0.8302610611525768
0.4252616146793764 0.827578484403813
0.4163252820237949 0.8248975846071385
0.4048303490569541 0.8214491047170863
0.3933051147422928 0.8179915344226879
0.3817765037780068 0.8145329511334021
0.3744700000104357 0.8123410000031308
0.41764807495519823 0.8107356243604394
0.454657853672171 0.8091302487852599
0.4493627960473172 0.807276978616561
0.4440677384546119 0.8054237084591142
0.43780501485766254 0.803231755200182
0.4315422941096872 0.8010398029383905
0.4238773907786781 0.7983570867725375
0.4099509256344744 0.793482823972066
0.3960293928073274 0.7886102874825647
0.3722217971482293 0.7802776290018804
0.3623399818970796 0.776818993663978
0.3546750284400995 0.7741362599540349
0.34479319001446956 0.7706776165050645
0.33086557860036175 0.7658029525101266
0.30705640848058985 0.7574697429682066
0.35235609881243113 0.773324634584351
0.3285819934768259 0.7650036977168891
0.31479216010377586 0.7601772560363217
0.3072384116184031 0.7575334440664412
0.29749378234878215 0.7541228238220739
0.27395328766468807 0.745883650682641
0.31873545798732333 0.7615574102955632
0.36398530047965627 0.7773948551678798
0.3640163795404631 0.7774057328391623
0.3640163795404631 0.7774057328391623
0.35104153511481573 0.7728645372901857
0.3473755843331368 0.771581454516598
0.3329148443278672 0.7498430666229503
0.33289195434660696 0.7498344828799778
0.3325896842312024 0.749721131586701
0.3325499811473933 0.7497062429302727
0.33254993631038665 0.749706226116395
0.3324352691138649 0.7496632259176994
0.3324349994505136 0.7496631247939427
0.3323257278421983 0.7496221479408245
0.33232549354300744 0.7496220600786279
0.3322213533703776 0.7495830075138917
0.3322211488980976 0.7495829308367867
0.33212188885092075 0.7495457083190954
0.33212170965833787 0.7495456411218768
0.33229389319239544 0.7496102099471484
0.3324598747429675 0.749672453028613
0.3323624348437537 0.7496359130664078
0.33236227717737454 0.7496358539415156
0.33226935491401893 0.7496010080927572
0.33226921566011913 0.7496009558725448
0.33218059287503493 0.7495677223281383
0.3321804694382531 0.749567676039345
0.33209593869623866 0.7495359770110896
0.3320958289033165 0.7495359358387438
0.3320151930290246 0.7495056973858844
0.3320150950520862 0.7495056606445324
0.3319381666705516 0.749476812501457
0.3319380789656463 0.7494767796121174
0.3318646800496483 0.7494492550186183
0.33186460130728074 0.7494492254902304
0.3317945627344623 0.7494229610254235
0.3317944918395832 0.7494229344398438
0.3317276529615423 0.7493978698605784
0.33172758896104393 0.7493978458603916
0.3316637971860319 0.7493739239447621
0.33166373926222337 0.7493739022233339
0.33160284965260495 0.7493510686197269
0.3316027971014756 0.7493510489130534
0.33154467198671744 0.7493292519950192
0.3315446242000502 0.749329234075019
0.3314891328056871 0.7493084248021328
0.33148908925628146 0.7493084084711057
0.3314361073490557 0.749288540255896
0.3314360675784725 0.7492885253419272
0.3313854771276384 0.7492695539228645
0.33138544073599785 0.7492695402759992
0.3313371295906219 0.7492514235964833
0.3313370962280806 0.7492514110855304
0.33129095781004436 0.7492341091787666
0.33129092716964953 0.7492340976886187
0.3312468601819654 0.7492175725682372
0.331249309834506 0.7492184911879398
0.33127445028357705 0.7492279188563415
0.33127445028357705 0.7492279188563415
0.31167596599196856 0.7418784872469883
0.3079013552950581 0.7404630082356469
0.3107428502104452 0.741528568828917
0.31415581532392284 0.7428084307464712
0.3181223789076555 0.744295892090371
0.32257438074258005 0.7459653927784677
0.3273914336014331 0.7477717876005375
0.33240895515322605 0.7496533581824598
0.33240895515322605 0.7496533581824598
0.35269875476017787 0.7410795019040713
0.33962615061276114 0.7193411140104237
0.32163404248708627 0.694735319119189
0.3055358404799035 0.6701295242279544
0.3055222760317904 0.6701230811151005
0.30550955756941695 0.6701170398454732
0.31196647034346797 0.6731840734131473
0.3128577134028926 0.6736074138663741
0.3127563280034805 0.6735592558016534
0.3127668491251824 0.6735642533344618
0.31267177899822296 0.6735190950241561
0.31268190838396087 0.6735239064823816
0.31259270550228696 0.6734815351135864
0.31260245317135327 0.6734861652563929
0.31251870634618634 0.6734463855144387
0.31252808249485636 0.673450839185057
0.3124494139079659 0.673413471606284
0.31245842885588 0.6734177537065432
0.31747008375603575 0.6757982897841173
0.3173566461505188 0.6757444069214966
0.3173287626991191 0.6757311622820817
0.31741011939886454 0.6757698067144609
0.3174186579036948 0.6757738625042552
0.3173112997671063 0.6757228673893756
0.3173195030135709 0.6757267639314464
0.31721821431244057 0.6756786517984095
0.3172260925484092 0.6756823939604946
0.3171305013708498 0.6756369881511538
0.3171380648025106 0.6756405807811927
0.3170478244300542 0.6755977166042759
0.31705508319109543 0.6756011645157705
0.31710351091950306 0.6756241676867641
0.3170180880535308 0.6755835918254273
0.3169914446868581 0.6755709362262576
0.3170695700598137 0.6756080457784116
0.31707643837391747 0.675611308227611
0.31699541381717133 0.6755728215631566
0.3170020014726439 0.6755759506995059
0.32017476741252565 0.6770830145209498
0.35109402393667943 0.6755470119683398
0.3790685893632948 0.6740110094157299
0.3755784609014651 0.6721786919732693
0.40116852621938043 0.6706426894206594
0.3984501191690271 0.6691475655429651
0.3961332938543757 0.6678733116199067
0.3961332938543757 0.6678733116199067
0.42044602163178374 0.6667564624382758
0.41702066084073774 0.6647868799834243
0.41271467119123384 0.6623109359349596
0.40952803216086764 0.660478618492499
0.4059157059544454 0.6584015309238062
0.40231992695438273 0.6563339579987701
0.40231992695438273 0.6563339579987701
0.38689253664412665 0.6474632085703729
0.41243868095062136 0.647463208570373
0.41243868095062136 0.647463208570373
0.3981489204866403 0.6388893522919843
0.3981489204866403 0.6388893522919843
0.3980784294010898 0.638847057640654
0.3980058421036585 0.6388035052621952
0.3979366495274828 0.6387619897164898
0.3979470667988567 0.6387682400793142
0.3978797327472251 0.6387278396483352
0.3978797327472251 0.6387278396483352
0.3978157455111351 0.6386894473066812
0.39774979993207926 0.6386498799592477
0.39768694525813064 0.6386121671548786
0.3976270395528564 0.638576223731714
0.3802503594524635 0.6281502156714783
0.38023700891872075 0.6281422053512327
0.38005851852048395 0.6280351111122905
0.38003554519669386 0.6280213271180164
0.3800355191696043 0.6280213115017628
0.3800202754282837 0.6280121652569705
0.38002008097779577 0.6280120485866776
0.38000483546725017 0.6280029012803503
0.3800046674313656 0.6280028004588194
0.37998946235181275 0.6279936774110878
0.37998931645987966 0.6279935898759279
0.379974189496999 0.6279845136981995
0.37997406226469316 0.627984437358816
0.37995904694714566 0.6279754281682876
0.3799589355162191 0.6279753613097316
0.38004895170079855 0.6280293710204793
0.3800338459497388 0.6280203075698434
0.380033747963257 0.6280202487779544
0.3800188118598818 0.6280112871159294
0.38001872536451714 0.6280112352187105
0.38685246892618397 0.6321114813557106
0.3868762783044996 0.6321257669827001
0.38688985836859036 0.6321339150211545
0.38688477920640957 0.632130867523846
0.3869054717256918 0.6321432830354153
0.3869054717256918 0.6321432830354153
0.41082615398896666 0.6464956923933802
0.41082615398896666 0.6464956923933802
0.4070912597291823 0.6442547558375096
0.4023076587821055 0.6413845952692635
0.4023076587821055 0.6413845952692635
0.39845052237273865 0.6390703134236434
0.4015926280378768 0.6409555768227263
0.40462099901954796 0.642772599411729
0.4018757964817303 0.6411254778890384
0.3948590219010894 0.6369154131406538
0.3948590219010894 0.6369154131406538
0.40617159387137564 0.6437029563228256
0.406165083809731 0.6436990502858388
0.40317133381458614 0.6419028002887519
0.4031649293249949 0.6418989575949972
0.4031649293249949 0.6418989575949972
0.4008086921055956 0.6404852152633576
0.40335856470703674 0.6420151388242222
0.40572739186377293 0.643436435118264
0.40573958318899395 0.6434437499133966
0.40560452768421357 0.6433627166105284
0.40564233207282463 0.643385399243695
0.4054337788322716 0.6432602672993631
0.4054138809408649 0.6432483285645192
0.4053477802370829 0.64320866814225
0.40528531467407897 0.6431711888044476
0.4052262663943413 0.643135759836605
0.40517043187204305 0.643102259123226
0.4052281595173649 0.6431368957104191
0.40520932552443856 0.6431255953146633
0.40526472631617083 0.6431588357897027
0.40526897129627487 0.6431613827777651
0.40507262890826257 0.6430435773449578
0.41000135842073687 0.6460008150524423
0.40993545790544594 0.6459612747432677
0.4099886019560962 0.6459931611736579
0.4100510641267388 0.6460306384760435
0.4099885282816549 0.6459931169689932
0.41003948619344405 0.6460236917160666
0.41009907292339487 0.646059443754037
0.41003972439450914 0.6460238346367057
0.41008856689146433 0.6460531401348788
0.410145404791271 0.6460872428747628
0.41008907629337493 0.6460534457760251
0.40887285798264983 0.64532371478959
0.40495239001425254 0.6429714340085517
0.3990387316040307 0.6394232389624186
0.3905984319851816 0.6343590591911091
0.38623584620215623 0.6317415077212939
0.38062428837724516 0.6283745730263472
0.4028308540537566 0.6267692837835981
0.42332910236960686 0.6251639165402446
0.44230895064971903 0.6235585416885605
0.4599330954812517 0.6219531668368764
0.45728558085605603 0.6200999065992394
0.45463819623185403 0.6182467373622981
0.45199209892276554 0.6163944692459361
0.4493447346814601 0.6145413142770223
0.44621537679535783 0.6123507637567507
0.44308424523854784 0.6101589716669837
0.4392528458113101 0.6074769920679173
0.43431345967645524 0.6040194217735189
0.431182299583678 0.6018276097085747
0.4242219231398714 0.5969553461979101
0.41232676921573364 0.5886287384510138
0.40849438069568106 0.5859460664869769
0.40536302193815055 0.5837541153567056
0.4236534351793397 0.5821487405050215
0.4199531186546097 0.5794660110245923
0.41518258103241257 0.5760073712484994
0.4126263477716917 0.5741541021344767
0.4059026977824901 0.5692794558923056
0.4011323191967064 0.5658209314176124
0.3944093236082807 0.5609467596160037
0.41626152053643833 0.5767896023889181
0.412580809796737 0.5741210871026345
0.40610924649202135 0.5694292037067157
0.4013713761198983 0.5659942476869266
0.3906268053035236 0.5582044338450549
0.38393361540423104 0.5533518711680678
0.3725308414651437 0.5450848600622294
0.3942267271647707 0.560814377194459
0.41459614331403577 0.5755822039026761
0.4268383107700491 0.5844577753082858
0.4240636286368899 0.5824461307617453
0.4240582863214335 0.5824422575830395
0.42394984244918593 0.58236363577566
0.4238486456229259 0.5822902680766215
0.435045579020435 0.5904080447898157
0.4349060069137966 0.5903068550125028
0.43488838148249315 0.5902940765748078
0.434888363761871 0.5902940637273567
0.4345792725625643 0.5900699726078594
0.43457921250436327 0.5900699290656637
0.43666630122977507 0.5915830683915873
0.43668733643108726 0.5915983189125386
0.43669764250515625 0.5916057908162385
0.43670778313171 0.59161314277049
0.43671292237022025 0.59161686871841
0.43670878316082934 0.5916138677916016
0.4367184224449237 0.59162085627257
0.43661083363978126 0.5915428543888417
0.4366406820737716 0.5915644945034847
0.4364870965074046 0.5914531449678686
0.43644309584156393 0.5914212444851341
0.4364048197063995 0.5913934942871399
0.4363686434995158 0.5913672665371493
0.43633444063980875 0.5913424694638616
0.4364111501465128 0.5913980838562221
0.4364558531702315 0.5914304935484183
0.4364137260099637 0.591399951357224
0.4364879348199436 0.5914537527444594
0.4364908265073821 0.5914558492178523
0.4363462119722985 0.5913510036799167
0.4363888477664534 0.5913819146306791
0.4363488244263467 0.5913528977091017
0.43642053846642737 0.5914048903881601
0.43646120239808195 0.5914343717386098
0.43642319758531095 0.5914068182493507
0.43649243239890156 0.5914570134892039
0.4365312119080404 0.5914851286333296
0.4364951221503708 0.5914589635590192
0.43656190174931786 0.5915073787682557
0.43659888074762704 0.5915341885420299
0.436564608104735 0.5915093408759332
0.43662896389307637 0.5915559988224807
0.43666422287211776 0.5915815615822856
0.43663167460918584 0.59155796409166
0.43669364438150365 0.5916028921765903
0.4367272605212906 0.591627263877936
0.436696348805878 0.5916048528842618
0.43675597582120984 0.5916480824703774
0.43678802309864956 0.5916713167465212
0.4367586647186878 0.5916500319210489
0.43681599684954747 0.5916915977159223
0.4368186350284269 0.5916935103956098
0.4366817822566732 0.5915942921360884
0.43671232889329054 0.5916164384476359
0.4367414907755351 0.5916375808122633
0.4367693229730624 0.5916577591554706
0.4367412280893639 0.5916373903647891
0.4367051527487443 0.5916112357428399
0.4366710008920216 0.591586475646716
0.4367254649375462 0.5916259620797213
0.4357464966611375 0.5909162100793249
0.43574125273579994 0.5909124082334553
0.43563773950150597 0.5908373611385922
0.4355424467149732 0.5907682738683558
0.43553440030349677 0.5907624402200355
0.43540250937273484 0.590666819295233
0.4353861547508593 0.5906549621943733
0.43538613972487616 0.5906549513005356
0.43534976378920603 0.5906285787471747
0.43531364991068344 0.5906023961852458
0.43527794057986996 0.590576506920406
0.4352427551015964 0.5905509974486577
0.43551909817047496 0.5907513461735947
0.43551904677191877 0.5907513089096413
0.4356859877878383 0.5908723411461831
0.43568594167486174 0.5908723077142751
0.4357523619230585 0.5909204623942178
0.43575232043423556 0.5909204323148212
0.4357298720673073 0.5909041572487981
0.4357298344533842 0.5909041299787039
0.43563163622464407 0.5908329362628673
0.435631601994518 0.5908329114460258
0.43547113476227867 0.5907165727026523
0.4354711035454173 0.5907165500704278
0.43526137078486193 0.5905644938190251
0.4352613422581836 0.5905644731371834
0.4352966142853051 0.5905900453568466
0.43505668411076565 0.5904160959803054
0.43505665799177445 0.5904160770440368
0.4347889422332735 0.5902219831191235
0.434788918274291 0.5902219657488612
0.4348354744877174 0.5902557190035954
0.43455417559768883 0.5900517773083246
0.43455415358099103 0.5900517613462187
0.4346031637357967 0.5900872937084529
0.434314081975003 0.5898777094318775
0.43431406170870906 0.5898776947388142
0.43401859338959603 0.5896634802074574
0.43401857470418154 0.5896634666605319
0.4337218596678222 0.5894483482591714
0.4337218424131539 0.5894483357495368
0.43342790604343107 0.5892352318814877
0.4334278900862384 0.5892352203125231
0.4334889006590429 0.5892794529778064
0.43354648685813657 0.5893212029721493
0.433261654454356 0.5891146994794083
0.4332616396760683 0.5891146887651498
0.43298404378790034 0.588913431746228
0.4329840300827932 0.5889134218100253
0.43271542244852573 0.5887186812751815
0.4327166711469058 0.5887195865815069
0.43272556834300907 0.5887260370486819
0.4327346443040794 0.5887326171204579
0.43273985724077946 0.5887363964995653
0.4327357689716976 0.588733432504481
0.43274497810904367 0.5887401091290568
0.43064207239613145 0.5872155024871956
0.4323992595314998 0.5884894631603377
0.4339238045615248 0.5895947583071057
0.43137207942646566 0.5877447575841879
0.43269530795368427 0.5887040982664213
0.43380019918894874 0.5895051444119881
0.433806327187929 0.5895095872112488
0.4337068355534113 0.5894374557762234
0.43357809501351086 0.5893441188847957
0.43355490845069106 0.5893273086267513
0.43352227834487267 0.589303651800033
0.4334913705335555 0.589281243636828
0.43346208713967876 0.5892600131762673
0.4334343364248451 0.5892398939080129
0.43340803236195324 0.5892208234624163
0.43345908201212996 0.5892578344587945
0.43352540906172515 0.589305921569751
0.4335028436439845 0.5892895616418891
0.4335518564674086 0.5893250959388716
0.433615633790581 0.5893713344981715
0.43359405085271685 0.58935568686822
0.43364108182577155 0.5893897843236846
0.43370236766276393 0.5894342165555042
0.43368173156949213 0.5894192553878821
0.4337268371755722 0.5894519569522901
0.43378569295617786 0.5894946273932293
0.43376596867270095 0.5894803272877085
0.4338092064586284 0.5895116746825059
0.43386569614621057 0.589552629706003
0.43384684929924916 0.589538965741956
0.43388827748138087 0.5895690011740015
0.43394246698204075 0.5896082885619799
0.43392446391312534 0.5895952363370162
0.4339641410294862 0.5896240022463779
0.4340160976625502 0.5896616708053493
0.4339989054737236 0.58964920646845
0.434036890078546 0.5896767453069461
0.4340866821044001 0.5897128445256904
0.4341344683342768 0.589747489542351
0.4341179325150572 0.5897355010734169
0.4340915313943572 0.5897163602609092
0.4341277379460094 0.5897426100108571
0.4341734882081503 0.5897757789509093
0.4341576429276011 0.5897642911225112
0.4331947525483905 0.5890661955975836
0.433189614864429 0.5890624707767114
0.4330908190974671 0.588990843845664
0.4330007549247607 0.5889255473204519
0.4330045055976085 0.5889282665582665
0.4328798566163887 0.5888378960468822
0.4328646664403427 0.5888268831692487
0.4328646508914643 0.588826871896312
0.4329248045837153 0.5888704833231939
0.432680241266468 0.5886931749181896
0.4326800881013552 0.5886930638734829
0.43273826414543554 0.588735241505441
0.4325035827553146 0.5885650974976034
0.432503449754637 0.5885650010721122
0.4325595771157418 0.5886056934089131
0.4323348641890734 0.5884427765370785
0.43233474818991746 0.5884426924376904
0.4321198874379912 0.588286918392544
0.4321197858429608 0.5882868447361469
0.4319148629729783 0.5881382756554097
0.431914773638194 0.5881382108876909
0.431719732394843 0.5879968059862616
0.43171965354206004 0.587996748817994
0.4317751156809317 0.5880369588686759
0.4318278540368512 0.5880751941767175
0.431642096627211 0.5879405200547284
0.43164202677448144 0.5879404694114994
0.43169246331243527 0.587977035901516
0.431515812685804 0.5878489641972082
0.4315157505924778 0.5878489191795468
0.4313481168854544 0.5877273847419547
0.43134806150832916 0.5877273445935389
0.43118914049072216 0.5876121268557739
0.4311890909489074 0.5876120909379582
0.43103854750198434 0.587502946938939
0.43103850304861246 0.5875029147102444
0.4308959829856762 0.5873995876646156
0.43089594298502043 0.5873995586641402
0.43076108226933696 0.5873017846452697
0.4307610461782186 0.587301758479209
0.4308094959308946 0.587336884549899
0.4306815328037021 0.5872441112826845
0.430681500156318 0.587244087613331
0.43056045887591377 0.587156332685038
0.43056042927140215 0.587156311221767
0.43044595634077704 0.5870733183470638
0.43044592943298593 0.5870732988389152
0.4304918739264662 0.5871066085966884
0.43038324088091023 0.5870278496386604
0.4303832163699452 0.5870278318682107
0.4356380436867723 0.5908375816729103
0.43565579578829244 0.5908504519465124
0.4356749585043407 0.5908643449156473
0.4356857503011458 0.5908721689683312
0.4356905635931517 0.5908756586050354
0.43568839920175284 0.5908740894212713
0.43568839920175284 0.5908740894212713
0.43559340199195185 0.5908052164441655
0.4354714970881747 0.5907168353889272
0.4354564833543678 0.5907059504319172
0.4354353121957804 0.5906906013419413
0.4354152409894966 0.5906760497173855
0.43539620856880934 0.5906622512123872
0.4354676837138308 0.5907140706925278
0.43545326945620577 0.5907036203557496
0.43543493718398957 0.5906903294583928
0.4355037784693778 0.5907402393902994
0.4355474234826823 0.5907718820249451
0.4355336141606932 0.5907618702665031
0.4356001111341036 0.5908100805722256
0.43564187184555647 0.590840357088029
0.435628699418188 0.5908308070781868
0.4356928690577699 0.5908773300668837
0.435695330172549 0.5908791143750985
0.4357237046536468 0.5908996858738945
0.4356086311854655 0.5908162576094631
0.4355961374968597 0.5908071996852238
0.4356580044822649 0.5908520532496425
0.4356978944618245 0.5908809734848233
0.43568597811875776 0.5908723341360999
0.43574557383686685 0.5909155410317289
0.43578371808681593 0.5909431956129421
0.4357723547736971 0.590934957210931
0.4358297163948353 0.5909765443862561
0.4358661795090806 0.5910029801440839
0.43585534569492596 0.5909951256288218
0.435910515320052 0.5910351236070382
0.43594536076175 0.5910603865522693
0.435935033700481 0.5910528994328492
0.4359880575786018 0.5910913417444869
0.4360213475444565 0.5911154769697315
0.43605316827034357 0.5911385469959997
0.4360432808531595 0.5911313786185411
0.436024146616875 0.5911175062972349
0.4360749007612723 0.591154303051923
0.4361052835649671 0.5911763305846017
0.4360958086737925 0.5911694612885001
0.4361445279013498 0.5912047827284791
0.4361735307929184 0.5912258098248664
0.436164505783824 0.591219266693273
0.43528521492704964 0.5905817808221115
0.43528018995474943 0.5905781377171938
0.4351859047900179 0.5905097809727635
0.4351010384479411 0.5904482528747579
0.43510214088795546 0.5904490521437682
0.4349843179985284 0.5903636305489336
0.43497018873042603 0.5903533868295594
0.4349701753510545 0.590353377129515
0.4349822501711642 0.5903621313740945
0.43499347162346913 0.5903702669270157
0.43481350942412644 0.5902397943324923
0.43481348904634387 0.5902397795585999
0.4348275913743656 0.5902500037464156
0.4346174929800117 0.590097682410509
0.43461747417381835 0.5900976687760189
0.43438273332790234 0.5899274816627298
0.434382715945862 0.5899274690607503
0.4341309242386721 0.5897449200730378
0.4341309081496944 0.589744908408529
0.4338684693949754 0.5895546403113576
0.4338684544822482 0.5895546294996304
0.4336006498593378 0.5893604711480204
0.4336006360185501 0.5893604611134492
0.433627975578312 0.5893802822942766
0.43336041731423286 0.5891863025528192
0.43336040445204405 0.5891862932277323
0.43338822017595247 0.5892064596275659
0.4331237275851711 0.5890147024992495
0.43312371561788876 0.5890146938229698
0.43286361617500735 0.5888261217268808
0.43286360502744275 0.5888261136448965
0.43289312063884916 0.5888475124631661
0.43264008741079424 0.5886640633728263
0.4326400770152697 0.5886640558360711
0.4323947487950346 0.5884861928764006
0.43239473909051984 0.5884861858406274
0.4321581685714439 0.5883146722142973
0.43215815950280395 0.5883146656395335
0.4319310399325013 0.5881500039510639
0.43193103144983935 0.588149997801134
0.4317137702024127 0.5879924833967497
0.4317137622604951 0.5879924776388595
0.4315065425652182 0.5878422433597837
0.43150653512297055 0.5878422379641541
0.43130936714220397 0.5876992911780985
0.43130936016226806 0.5876992861176449
0.43112212275664613 0.587563538998569
0.43112211620499014 0.5875635342486184
0.4309445907253306 0.5874348282758652
0.43094458457090523 0.5874348238139069
0.4352320793884737 0.590543257556644
0.43524699004129447 0.5905540677799391
0.435263903823576 0.5905663302720932
0.4352735939991025 0.5905733556493499
0.4352784759346508 0.5905768950526225
0.43527632540807004 0.5905753359208514
0.4352836491228825 0.5905806456140904
0.4351924754413936 0.590514544695011
0.43508384766457625 0.5904357895568183
0.43507528574013254 0.5904295821615967
0.4350598625593517 0.5904184003555306
0.43504522834680914 0.5904077905514372
0.43503134029567136 0.5903977217143623
0.4350181581402665 0.5903881646516937
0.43500564398656466 0.59037909189026
0.43499376215545 0.5903704775627019
0.4350703376976591 0.5904259948308035
0.43506193273088145 0.5904199012298896
0.4351362521006329 0.5904737827729594
0.4351638994872146 0.5904938271282312
0.43515589384292536 0.5904880230361215
0.4352279309793267 0.5905402499600125
0.4352543126592447 0.590559376677953
0.4352466884002428 0.5905538490901767
0.4353164294269621 0.5906044113345482
0.4353415982164783 0.5906226587069474
0.43533433810664723 0.5906173951273199
0.4354017801199911 0.5906662905869942
0.43542578716325847 0.590683695693363
0.4354188746511782 0.5906786841221049
0.4354840245555361 0.5907259178027643
0.43550691931759794 0.5907425165052592
0.435500338519244 0.5907377454264525
0.4355632119187191 0.590783328641072
0.43558504218725724 0.5907991555857622
0.4355787778679843 0.5907946139542893
0.4356393980204374 0.5908385635648178
0.43566020991508236 0.5908536521884354
0.4356542474710672 0.5908493294165243
0.4357126443085911 0.5908916671237292
0.4357324822967267 0.5909060496651275
0.43572680773602707 0.5909019356086203
0.43578301695401606 0.5909426872916622
0.43580192387212197 0.5909563948072891
0.43579652379548944 0.5909524797517305
0.4358505860109425 0.590991674857934
0.4358686030906188 0.5910047372406992
0.43586346467218634 0.5910010118873357
0.4359154246506517 0.5910386828717231
0.43593259154856234 0.5910511288727084
0.43496943152334405 0.5903528378544252
0.43496432407321844 0.590349134953084
0.4348743517174455 0.5902839049951487
0.43479435632800584 0.590225908337805
0.4347931632535966 0.5902250433588583
0.4346817732520725 0.5901442856077533
0.4346686190314078 0.5901347487977713
0.43466860696147464 0.5901347400470698
0.43466925090378666 0.5901352069052461
0.434669756792608 0.5901355736746415
0.4346701418340024 0.5901358528296525
0.43462705014149955 0.590104611352588
0.4346270456256457 0.5901046080785939
0.4346298897210954 0.5901066700477948
0.43463250359992633 0.5901085651099474
0.434634907278187 0.5901103077766863
0.4345386922563016 0.5900405518858193
0.434538687922336 0.5900405487436944
0.4343930329261399 0.589934948871452
0.43439302876735497 0.589934945856333
0.4342082493648576 0.5898009807895225
0.4342082453746933 0.5898009778966534
0.4339936962609164 0.5896454297891651
0.4339936924329734 0.5896454270139063
0.4337575983280423 0.5894742587878314
0.43375759465609187 0.5894742561256674
0.4337714727076865 0.5894843177130735
0.43378457562010597 0.5894938173245775
0.4335367461864223 0.589314140985157
0.43353674266441333 0.5893141384317003
0.4332798569806444 0.5891278963109678
0.43327985360270854 0.5891278938619644
0.43301877462261507 0.5889386116013966
0.43301877138306966 0.5889386092527262
0.4327574049501185 0.5887491185888367
0.43275740184346784 0.5887491163365149
0.43249881774357607 0.5885616428640933
0.4324988147645117 0.5885616407042716
0.43224536889088094 0.5883778924458893
0.43224536603428015 0.5883778903748539
0.43199881618514746 0.5881991417342325
0.43199881344607155 0.5881991397484025
0.4317604245363448 0.5880263077888506
0.4317604219100361 0.5880263058847769
0.43153105867503794 0.5878600175394032
0.4315310561569165 0.5878600157137651
0.43131126294938915 0.5877006656383077
0.43131126053504876 0.587700663887911
0.4311013287561872 0.5875484633482364
0.431101326441391 0.5875484616700092
0.43462145737096813 0.5901005565939526
0.4346338531798803 0.590109543555414
0.4346084205576668 0.5900911049043092
0.434625996171756 0.5901038472245238
0.4346346983857139 0.5901101563296434
0.4346392116783305 0.5901134284667904
0.4346368032781637 0.5901116823766694
0.4346437496161477 0.5901167184717078
0.4346437496161477 0.5901167184717078
0.43237540067274166 0.5884721654877384
0.4332661120432464 0.5891179312313544
0.43327136859049675 0.5891217422281109
0.4331899962954731 0.5890627473142187
0.4362367844274856 0.5912716687099278
0.4361088839430587 0.5911789408587182
0.4361046897585584 0.5911759000749555
0.43609136220395334 0.5911662375978668
0.4360787002713539 0.5911570576967322
0.43606666930428617 0.5911483352456082
0.43605523657662876 0.5911400465180565
0.436044371174321 0.5911321691013833
0.436093716002934 0.5911679441021278
0.43615078373409716 0.5912093182072211
0.43614660088533946 0.5912062856418718
0.43619397040210606 0.5912406285415276
0.4362489052626503 0.5912804563154221
0.4362448946517143 0.5912775486224935
0.43629034090653773 0.5913104971572405
0.4363431825168549 0.5913488073247205
0.436339339010149 0.5913460207823588
0.43638291577506677 0.5913776139369241
0.436433707724792 0.5914144381004749
0.43643002613282905 0.5914117689463018
0.4364717884409711 0.5914420466197047
0.43647412288206766 0.5914437390894997
0.43635325378184586 0.5913561089918389
0.43640203954610607 0.5913914786709276
0.4364488935994015 0.5914254478595666
0.4364453384097892 0.5914228703470978
0.4364345726449853 0.591415065167615
0.43647450123037246 0.5914440133920207
0.43651945176863527 0.5914766025322612
0.4365160220624857 0.5914741159953028
0.43655425225836264 0.5915018328873136
0.4365973527052244 0.5915330807112883
0.436594073121827 0.5915307030133252
0.43663066128717454 0.5915572294332022
0.4366719664111416 0.5915871756480783
0.43666883150353575 0.591584902840064
0.4367038338902752 0.5916102795704502
0.43586452747667626 0.591001782420591
0.43586452747667626 0.591001782420591
0.4357786776539558 0.5909395412991186
0.43570324001608096 0.5908848490116594
0.43570018984196407 0.5908826376354246
0.43575136243171264 0.5909197377629922
0.4356456369118065 0.5908430867610603
0.43563337845097927 0.5908341993769607
0.4356333672682113 0.5908341912694539
0.43563124836293643 0.5908326550631295
0.4356291890131093 0.5908311620345049
0.4356271902290151 0.5908297129160367
0.43562525261352986 0.5908283081448099
0.43562337641518245 0.590826947901008
0.435680299338516 0.5908682170204248
0.4356802981675579 0.5908682161714801
0.43566360314322317 0.5908561122788375
0.4356636019694522 0.5908561114278535
0.43566470399915064 0.5908569103993849
0.43558670931591525 0.5908003642540394
0.4355867081213823 0.5908003633880028
0.43558933199370625 0.5908022656954378
0.4354607967467395 0.5907090776413868
0.4354607955371686 0.590709076764448
0.43529060032939376 0.5905856852388112
0.4352905991099435 0.5905856843547097
0.43508824854335953 0.5904389801939364
0.4350882473186648 0.5904389793060327
0.4348621730683715 0.59027507547457
0.4348621718425835 0.5902750745858738
0.43461965238606887 0.5900992479799007
0.4346196511628929 0.5900992470930981
0.4343668207929586 0.5899159450748958
0.4343668195756898 0.5899159441923758
0.4341087362693606 0.5897288337952871
0.4341087350609173 0.5897288329191657
0.43384948268323603 0.5895408749453468
0.43384948148619135 0.5895408740774895
0.43359228800071103 0.5893544088005163
0.4335922868173222 0.5893544079425593
0.4333396457381554 0.5891712431601634
0.4333396445703911 0.5891712423135342
0.43309343142829637 0.5889927377855155
0.4330934302778622 0.5889927369514508
0.4328550093172971 0.5888198817550411
0.43285500818565925 0.5888198809346037
0.43262532696868733 0.5886533620522991
0.43262532585709446 0.5886533612463942
0.4324049971033334 0.5884936228999175
0.4324049960128368 0.5884936221093074
0.43557334292187533 0.5907906736183604
0.43558356703212053 0.5907980860982881
0.43559910465967544 0.5908093508782655
0.4356080722780196 0.5908158524015649
0.4356122475490465 0.5908188794730593
0.43561029252068073 0.5908174620774942
0.43630732799861827 0.5913228127989989
0.4363110843012567 0.5913255361184118
0.4362331035996689 0.5912690001097606
0.43611889321683145 0.5911861975822035
0.4361163550294323 0.591184357396339
0.43610585504147353 0.5911767449050689
0.43609587189501425 0.5911695071238859
0.4360863793597485 0.5911626250358182
0.43607735260734154 0.5911560806403232
0.43606876813036427 0.5911498568945147
0.4361019755234461 0.591173932254499
0.4360994579748375 0.5911721070317577
0.4361312044626438 0.5911951232354173
0.4362012394596561 0.5912458986082513
0.43619881238809416 0.5912441389813688
0.4362291519009113 0.5912661351281614
0.4362970196455863 0.5913153392430507
0.436294681677307 0.5913136442160482
0.4363236672787259 0.5913346587770768
0.4363893575037651 0.5913822841902302
0.4363871070834315 0.5913806526354884
0.4364147908417334 0.5914007233602574
0.4364783032792941 0.5914467698774889
0.4364761386936403 0.5914452005528898
0.43650257157498873 0.5914643643918674
0.436563914886088 0.5915088382924144
0.4365618342865143 0.5915073298577236
0.4365870660676461 0.591525622899044
0.43664625682502833 0.5915685361981462
0.43664425824896896 0.5915670872305032
0.43666833744725997 0.5915845446492641
0.4367253991768872 0.591625914403244
0.43672348056782934 0.5916245234116769
0.4367464543867822 0.5916411794304178
0.43680141667118233 0.5916810270866077
0.43679957589726115 0.591679692525515
0.4368214901856308 0.591695580384583
0.4368743878307358 0.5917339311772841
0.4368726227018702 0.5917326514588566
0.4368935219248003 0.5917478033954808
0.43694439419058567 0.5917846857881752
0.43694270247415 0.5917834592937594
0.4369626296948431 0.591797906528762
0.4370115195890198 0.59183335170204
0.4393264239952072 0.5935116573965259
0.4393263748134917 0.5935116217397821
0.4393213164015243 0.5935079543911058
0.43923940620001706 0.5934485694950131
0.43916798230693865 0.5933967871725312
0.4391668340073412 0.5933959546553231
0.4390668340445366 0.5933234546822898
0.4390553989009211 0.5933151642031685
0.4390553885130238 0.5933151566719429
0.43905320303092815 0.5933135721974236
0.4390511016507472 0.5933120486967924
0.43914558218354377 0.59338054708307
0.4391455820535255 0.5933805469888067
0.4391619389462271 0.5933924057360154
0.4391619387995876 0.5933924056297017
0.4391622549329871 0.5933926348264164
0.4391122365210559 0.5933563714777662
0.4391122363012329 0.5933563713183946
0.43900557611443114 0.5932790426829634
0.43900557582928246 0.5932790424762305
0.4388529043703572 0.5931683556685098
0.4388529040271742 0.593168355419702
0.4386641185852668 0.5930314859743193
0.4386641181908007 0.5930314856883314
0.4384481155146466 0.5928748837481196
0.438448115075135 0.5928748834294737
0.4382126625097965 0.5927041803196034
0.4382126620309909 0.5927041799724692
0.4379643722093726 0.592524169851796
0.43796437169656544 0.5925241694800107
0.43770874835078516 0.5923388425543201
0.43770874780883673 0.5923388421614074
0.4374502755905761 0.5921514498031685
0.43745027502394085 0.592151449392358
0.43719253243074135 0.5919645860122882
0.4371925318434937 0.5919645855865336
0.4369383122425723 0.5917802763758656
0.43693831163843133 0.5917802759378634
0.43668974236917985 0.5916000632176561
0.43668974175153313 0.5916000627698622
0.43644839518647993 0.5914250865101988
0.43644839455840645 0.5914250860548455
0.436215387858044 0.5912561561970826
0.43621538722233594 0.5912561557361944
0.4359914694901209 0.5910938153803384
0.4359914688493043 0.5910938149157463
0.436011455158423 0.5911083049898573
0.4357972041471299 0.5909529730066699
0.4357972035034843 0.5909529725400269
0.4355926659532119 0.5908046828160793
0.4355934254850308 0.590805233476648
0.4356096114601201 0.5908169683085879
0.43561767795930734 0.5908228165204986
0.4356215434102205 0.5908256189724106
0.4356202719604182 0.590824697171304
0.4356197119824264 0.5908242911872599
0.43561844540519645 0.5908233729187682
0.4321388412442062 0.5883006599020503
0.43213762994378535 0.5882997817092452
0.4327189774844251 0.588721258676209
0.4331539473635642 0.5890366118385848
0.43346359038462007 0.5892611030288503
0.43366893515079424 0.5894099779843266
0.4336692339763694 0.5894101946328686
0.4335948887424942 0.589356294338309
0.43349749260955134 0.5892856821419254
0.4333621884046108 0.5891875865933436
0.43335360457679173 0.5891813633181748
0.43336827980092035 0.5891920028556681
0.43342475416286286 0.5892329467680764
0.43329729080632345 0.5891405358345854
0.4333114848252968 0.5891508264983409
0.43390614233789787 0.5895819531949767
0.43390614233789787 0.5895819531949767
0.4338352966086597 0.5895305900412791
0.43374218986392976 0.5894630876513498
0.43361070130764057 0.5893677584480402
0.43360250068466705 0.5893618129963843
0.43361620794174927 0.5893717507577689
0.43366850316193845 0.5894096647924061
0.4335446258854122 0.5893198537669246
0.4366170035606159 0.5915473275814472
0.43650071127170575 0.5914630156719873
0.4365127475002157 0.5914717419376571
0.4365622666810029 0.5915076433437279
0.43645262745915003 0.5914281549078845
0.4364642464547035 0.5914365786796607
0.4365113707371418 0.5914707437844285
0.43640796323302 0.5913957733439402
0.43644777959223763 0.591424640204373
0.43635057072748173 0.591354163777425
0.436361910855061 0.5913623853699199
0.4364065693319976 0.591394762765699
0.4363148066789099 0.5913282348422104
0.43632573890541554 0.5913361607064271
0.43636824863833495 0.5913669802627937
0.4362815977899264 0.5913041583976975
0.4362921342648719 0.5913117973420329
0.43633260111192834 0.5913411358061488
0.43625075107723377 0.5912817945309952
