1.0 1
0.936107922511204 0.9984026980627801
0.862070955695286 0.9965517738923821
0.8989451190555384 0.994947255952777
0.862070955695286 0.9931035477847644
0.8202147944311853 0.9910107397215592
0.8652518738657108 0.9898938905399284
0.8835788798731835 0.9883578879873184
0.8659435245814178 0.9865943524581418
0.8394046041559828 0.9839404604155982
0.8175071168926157 0.9817507116892615
0.8411695499972508 0.9801461937496564
0.8197341315807709 0.9774667664475963
0.8049171189319404 0.9756146398664924
0.7774410636118935 0.9721801329514866
0.7502902458912633 0.9687862807364078
0.7140262563232723 0.964253282040409
0.6981617830276139 0.9622702228784517
0.684774931785576 0.960596866473197
0.684774931785576 0.960596866473197
0.7298667819437736 0.959480017291566
0.7181270304298474 0.9577190545644771
0.6998715041302417 0.9549807256195363
0.6847672586243863 0.9527150887936578
0.6748814342855807 0.9512322151428372
0.6748814342855807 0.9512322151428372
0.6667695783709587 0.9500154367556437
0.6557292654288496 0.9483593898143274
0.6376767428537666 0.945651511428065
0.6104711422154471 0.9415706713323171
0.5585390499363027 0.9337808574904454
0.5261766417131738 0.928926496256976
0.5115742925246042 0.9267361438786906
0.45646088515234867 0.9184691327728522
0.5613243327005457 0.9341986499050818
0.6597765107553268 0.9489664766132989
0.7029621233319143 0.9554443184997872
0.7029870252833463 0.955448053792502
0.7029870252833463 0.955448053792502
0.7029870252833463 0.955448053792502
0.6941326145298202 0.9541198921794731
0.6941326145298202 0.9541198921794731
0.6941326145298202 0.9541198921794731
0.6941326145298202 0.9541198921794731
0.630638463062996 0.9445957694594493
0.5591850375188671 0.9228573815658017
0.5055949683607704 0.9011189936721541
0.5054340849609259 0.9010868169921851
0.5052821682550499 0.9010564336510101
0.5051386617894873 0.9010277323578976
0.5105696670452714 0.9021139334090543
0.5581241371397526 0.9005779308564443
0.5978443266992535 0.8994610816748134
0.5978443266992535 0.8994610816748134
0.6032262741688172 0.8908872253964247
0.6077112303934538 0.8823133691180362
0.6075660557985912 0.8822698167395775
0.6093041200300148 0.8827912360090044
0.609256222686931 0.8827768668060794
0.6092071030607228 0.8827621309182169
0.6091615692264525 0.8827484707679358
0.6091148205665533 0.882734446169966
0.6090700390038697 0.882721011701161
0.5797577217397095 0.873927316521913
0.5451967034715852 0.8521889286282652
0.5528603143293046 0.8546796021570241
0.5529200826254665 0.8546990268532767
0.5527332535563326 0.8546383074058082
0.5528058880857676 0.8546619136278746
0.566510721198265 0.8591159843894361
0.5607930881564082 0.8572577536508328
0.5218627393131371 0.8326519587595982
0.5218443304192693 0.8326455156467443
0.5218270696489052 0.8326394743771169
0.5218108734233025 0.832633805698156
0.5217956653671765 0.832628482878512
0.5217813755853046 0.8326234814548567
0.5217679400214057 0.8326187790074921
0.5217552998889525 0.8326143549611336
0.5217434011649842 0.8326101904077448
0.5308409475158223 0.8357943316305378
0.49650276463814175 0.8111885367393032
0.4963906274998106 0.811146485312429
0.49636773751855034 0.8111379015694565
0.49626164696561376 0.8110981176121053
0.49624031365201465 0.8110901176195057
0.496139918542425 0.8110524694534096
0.4961200160937708 0.8110450060351642
0.4960249870351857 0.8110093701381947
0.4960064017302338 0.8110024006488379
0.49591642975252465 0.8109686611571968
0.49589905860773215 0.8109621469778997
0.4958138538919617 0.8109301952094858
0.5174620572892085 0.8190482714834534
0.5173816275422239 0.8190181103283342
0.5173584109136324 0.8190094040926124
0.5174656662120667 0.8190496248295253
0.517388813446296 0.8190208050423611
0.5174087374479308 0.8190282765429743
0.5173361503932298 0.8190010563974613
0.5172661577930177 0.8189748091723817
0.5172857872298607 0.8189821702111979
0.5172949793734878 0.818985617265058
0.5172949793734878 0.818985617265058
0.5172847253245514 0.8189817719967069
0.5170817059837366 0.8189056397439014
0.5170017298626088 0.8188756486984785
0.516754014537504 0.8187827554515641
0.5165224245794375 0.8186959092172892
0.5163057433811264 0.8186146537679224
0.5161028597390857 0.8185385724021572
0.5159127577681986 0.8184672841630747
0.5157345078234158 0.8184004404337811
0.5155672583324075 0.8183377218746528
0.5154102284498416 0.8182788356686908
0.5142904607679635 0.8178589227879864
0.4903013372358466 0.7961205348943388
0.49023235675147503 0.7960929427005901
0.49011176226873765 0.7960447049074952
0.4900463846138305 0.7960185538455323
0.48993311669967715 0.795973246679871
0.48987113833803 0.7959484553352121
0.4897646883203913 0.7959058753281567
0.4897059184322092 0.7958823673728838
0.48960581863041036 0.7958423274521642
0.48955007823590946 0.795820031294364
0.4894558981808105 0.7957823592723243
0.4894030193276931 0.7957612077310774
0.4893143623679551 0.7957257449471822
0.48926418737831584 0.7957056749513265
0.4891806876306168 0.7956722750522468
0.4891330684030434 0.7956532273612175
0.48905438800881346 0.7956217552035255
0.4890091853716726 0.7956036741486692
0.4911550818894683 0.7964620327557875
0.4912245804415959 0.7964898321766386
0.4911507478757763 0.7964602991503107
0.49103537258816654 0.7964141490352667
0.4909263457716931 0.7963705383086774
0.4908232892702261 0.7963293157080906
0.49072584918596623 0.7962903396743867
0.49063369430686044 0.7962534777227444
0.49054651461494536 0.7962186058459783
0.49046401987772775 0.7961856079510913
0.4903859383227567 0.7961543753291028
0.49031201539411323 0.7961248061576455
0.4903748474797702 0.7961499389919082
0.4903034048244691 0.7961213619297878
0.49023307204242444 0.79609322881697
0.4902929394605286 0.7961171757842116
0.4941274480405257 0.7976509792162104
0.4897186092175843 0.7958874436870339
0.515976804117209 0.794290141749814
0.511621688422155 0.792439217579416
0.5352042569826577 0.7908419156421961
0.5303405478130465 0.7886532465158711
0.52622738298994 0.7868023223454731
0.5213861176826501 0.7846237529571927
0.5154634847587674 0.7819585681414454
0.5081597105837562 0.7786718697626904
0.5050142016696642 0.777256390751349
0.5021825262850902 0.7759821368282906
0.4978056763854203 0.7740125543734392
0.4926009559808124 0.7716704301913657
0.48252762554525935 0.7671374314953667
0.4783242830209248 0.7652459273594162
0.4783242830209248 0.7652459273594162
0.4783242830209248 0.7652459273594162
0.4794194486954013 0.7657387519129306
0.4793613745989385 0.7657126185695224
0.4792145228504064 0.765646535282683
0.47915737719534707 0.7656208197379063
0.479140234263667 0.7656131054186502
0.4790860148452576 0.7655887066803659
0.47906755871474105 0.7655804014216334
0.4790161054893613 0.7655572474702126
0.4789966097788583 0.7655484744004862
0.47908064314478427 0.7655862894151529
0.4790314066328252 0.7655641329847713
0.4790111115663123 0.7655550002048406
0.47896436675963494 0.7655339650418358
0.4789881640170989 0.7655446738076945
0.47894395516790705 0.7655247798255582
0.47892550769735753 0.7655164784638109
0.478883511139589 0.7654975800128151
0.47886452744848873 0.76548903735182
0.47882462597460707 0.7654710816885733
0.47880527271575235 0.7654623727220886
0.4787673558454409 0.7654453101304485
0.47874777787049694 0.7654365000417237
0.4787117414295522 0.7654202836432986
0.4786920641379461 0.7654114288620758
0.4786578098650311 0.7653960144392641
0.4786381413295822 0.765387163598312
0.4786055765090799 0.7653725094290861
0.47858600939553897 0.7653637042279926
0.47855504651481795 0.7653497709316681
0.4785356598120126 0.7653410469154057
0.4785062162414949 0.7653277973086727
0.47848707681809116 0.7653191845681411
0.483329907141047 0.7674984582134712
0.48333698150700155 0.7675016416781508
0.4833369604495191 0.7675016322022836
0.4833285709256319 0.7674978569165344
0.48316767211914585 0.7674254524536157
0.4830719816065122 0.7673823917229307
0.48279961959026685 0.7672598288156202
0.482843571411134 0.7672796071350104
0.482588972641075 0.7671650376884839
0.48252926877989555 0.7671381709509532
0.4824726984913112 0.7671127143210901
0.4825147090114082 0.7671316190551337
0.48227634176290607 0.7670243537933079
0.4822225378112059 0.7670001420150427
0.49709588759643863 0.7736931494183975
0.4970682672066834 0.7736807202430077
0.49706590663601313 0.7736796579862061
0.4970614037509261 0.7736776316879169
0.49705507755720774 0.7736747849007436
0.4970319828508708 0.773664392282892
0.4970094326529777 0.7736542446938401
0.49698745347904333 0.7736443540655695
0.4969828629527495 0.7736422883287374
0.4969624717918703 0.7736331123063417
0.49695736854071526 0.7736308158433219
0.49695099414816885 0.7736279473666761
0.496943557259381 0.7736246007667216
0.4969263095455483 0.7736168392954968
0.49691876434744814 0.7736134439563518
0.4969027036081556 0.7736062166236701
0.4968951003077581 0.7736027951384912
0.49688685216042366 0.7735990834721906
0.49687808996387367 0.7735951404837433
0.49686892873496347 0.7735910179307337
0.4968594693160947 0.7735867611922427
0.496849799839135 0.7735824099276108
0.49683774571194766 0.7735769855703765
0.49682842398753146 0.7735727907943892
0.4968190095865482 0.7735685543139468
0.4968081437159106 0.7735636646721599
0.49679910722545245 0.7735595982514537
0.49678888368152646 0.773554997656687
0.49678021417817325 0.773551096380178
0.4967705904505479 0.7735467657027466
0.4967611900928484 0.7735425355417819
0.49675202427910725 0.7735384109255984
0.4967443399175816 0.7735349529629117
0.4967366619539177 0.773531497879263
0.4967290268178395 0.7735280620680278
0.49672097934619536 0.773524440705788
0.4961093939448 0.7732492272751601
0.48901661471877184 0.7700574766234475
0.4796609152779173 0.7658474118750629
0.4796609152779173 0.7658474118750629
0.4796609152779173 0.7658474118750629
0.47965907640119354 0.7658465843805372
0.47735456932602144 0.7648095561967097
0.47735277526015807 0.7648087488670712
0.477291252036443 0.7647810634163994
0.47723377256588406 0.764755197654648
0.4771069525587855 0.7646981286514535
0.4767994664322659 0.7645597598945197
0.4768328686408158 0.7645747908883672
0.4765427879398196 0.7644442545729189
0.4765720635472491 0.7644574285962621
0.4762986607237104 0.7643343973256698
0.4763242031942191 0.7643458914373986
0.4760667045473267 0.764230017046297
0.4760888754335673 0.7642399939451053
0.4758464851379997 0.7641309183120999
0.4758656160852197 0.7641395272383489
0.4756375342422759 0.7640368904090242
0.47565392896171016 0.7640442680327697
0.4754393649269892 0.7639477142171452
0.4754296029629978 0.7639433213333492
0.47522766817526535 0.7638524506788695
0.47524257284142146 0.7638591577786398
0.47505264605198466 0.7637736907233932
0.4750436013226166 0.7637696205951775
0.4748648548397738 0.7636891846778984
0.47485576880681635 0.7636850959630674
0.4746875322218287 0.7636093894998229
0.47467843979424296 0.7636052979074094
0.47452007596433865 0.7635340341839525
0.47451100811058317 0.7635299536497625
0.47436191377022374 0.7634628611966008
0.4743528978552265 0.763458804034852
0.4742125035214192 0.7633956265846387
0.47420356361919885 0.7633916036286396
0.47407133298328114 0.7633320998424766
0.4740624901665921 0.7633281205749665
0.47393791912178396 0.7632720636048028
0.47392919173013437 0.7632681362785606
0.4738118071499811 0.7632153132174915
0.47380321103734074 0.7632114449668034
0.4736925693931939 0.7631616562269373
0.47368411815666484 0.7631578531704992
0.47357980404113187 0.7631109118185094
0.47357150923181046 0.7631071791543148
0.47347313383847645 0.7630629102273144
0.4731020836741647 0.7628959376533742
0.4731020425070222 0.76289591912816
0.4730938210093552 0.7628922194542099
0.47311245630195764 0.762900605335881
0.47313020007695217 0.7629085900346285
0.47313020007695217 0.7629085900346285
0.4774117636464964 0.7648352936409235
0.49198622392881114 0.771393800767965
0.49176166475897476 0.7712927491415387
0.49186541981661547 0.771339438917477
0.49183698293920974 0.7713266423226445
0.4918097816519818 0.7713144017433919
0.49190356734036134 0.7713566053031627
0.49187852204488675 0.7713453349201991
0.4919621621263084 0.7713829729568389
0.4919391077204449 0.7713725984742003
0.4919170574196153 0.7713626758388269
0.4918959723055091 0.7713531875374791
0.49197203196737593 0.7713874143853193
0.4919526249219932 0.771378681214897
0.492020142298617 0.7714090640343777
0.4920792146222398 0.771435646580008
0.492130653223939 0.7714587939507727
0.4921141191103105 0.7714513535996398
0.49209830297348783 0.7714442363380696
0.49212152744739907 0.7714546873513296
0.49191095288174685 0.7713599287967862
0.4918958070597901 0.7713531131769056
0.4918813254624076 0.7713465964580835
0.4918674817818059 0.7713403668018126
0.49191481263261705 0.7713616656846777
0.49190207148901155 0.7713559321700553
0.4919435896467141 0.7713746153410213
0.49193186196352373 0.7713693378835857
0.4919681450765663 0.7713856652844548
0.49199931724994206 0.771399692762474
0.4920259150143159 0.7714116617564422
0.4920484281348265 0.771421792660672
0.49206730256224873 0.771430286153012
0.4920580018973082 0.7714261008537887
0.4920491057565862 0.7714220975904638
0.4920405984244987 0.7714182692910245
0.4920620037630245 0.7714279016933612
0.4918646738786165 0.7713391032453775
0.4918811897904618 0.7713465354057079
0.49187333329512484 0.7713429999828062
0.4918872233518205 0.7713492505083193
0.4918799763224047 0.7713459893450821
0.4918730479393296 0.7713428715726984
0.49186642546267967 0.7713398914582059
0.49030586767092393 0.7706376404519159
0.505389296964639 0.7774251836340875
0.5053892759071565 0.7774251741582205
0.5053874017708854 0.7774243307968984
0.5053270285043886 0.7773971628269749
0.5052703284657445 0.7773716478095851
0.5051418443076179 0.777313829938428
0.50505184806904 0.777273331631068
0.5051472150187769 0.7773162467584497
0.5050623350476006 0.7772780507714202
0.5050179317351071 0.7772580692807983
0.5051010660008329 0.7772954797003748
0.5050202332561415 0.7772591049652637
0.5051067120302147 0.7772980204135966
0.5051858995344277 0.7773336547904924
0.5052616136517913 0.7773677261433061
0.5051843499676342 0.7773329574854354
0.5051438664857599 0.777314739918592
0.5050707293830764 0.7772818282223843
0.505030854009266 0.7772638843041697
0.5049616074278187 0.7772327233425184
0.5050431321999387 0.7772694094899725
0.5049777264978197 0.7772399769240188
0.5050486919241627 0.7772719113658733
0.504986899649813 0.7772441048424159
0.504953301041456 0.7772289854686552
0.5050244518470581 0.7772610033311762
0.5049655250942531 0.7772344862924139
0.5049324144811628 0.7772195865165232
0.5048765531028199 0.777194448896269
0.5048440193721978 0.777179808717489
0.5047910535102361 0.7771559740796062
0.5047591699595592 0.7771416264818016
0.5047089399327859 0.7771190229697537
0.5047807105350326 0.7771513197407647
0.5048479625633455 0.7771815831535055
0.5048001678361898 0.7771600755262854
0.5048629693217905 0.7771883361948058
0.5048177562086023 0.7771679902938711
0.5047907828499898 0.7771558522824954
0.5047478649787285 0.7771365392404278
0.5048046814273203 0.7771621066422941
0.5047640674829386 0.7771438303673224
0.504813529726299 0.7771660883768347
0.5047750893880598 0.7771487902246269
0.504817947175033 0.7771680762287648
0.5047815580614522 0.7771517011276534
0.5048184975005386 0.7771683238752424
0.5047840446431114 0.7771528200894001
0.5048156918614604 0.7771670613376571
0.5097825143456817 0.7794021314555568
0.5097912000703089 0.7794060400316389
0.5097911417469725 0.7794060137861376
0.5097831409836511 0.7794024134426429
0.5097383801167364 0.7793822710525313
0.5097126856529411 0.7793707085438235
0.5095278769006404 0.7792875446052883
0.5097132026534762 0.7793709411940644
0.5097368043545043 0.779381561959527
0.50985955767981 0.7794368009559145
0.5096849653011447 0.7793582343855151
0.5096724939490711 0.779352622277082
0.5098406602102193 0.7794282970945987
0.5098291293156638 0.7794231081920487
0.5098181357556449 0.7794181610900403
0.5099708780506876 0.7794868951228094
0.509960722212097 0.7794823249954437
0.5100987813779561 0.7795444516200802
0.5102229305944769 0.7796003187675146
0.5103342486881969 0.7796504119096885
0.5104337718340548 0.7796951973253247
0.5105224873558408 0.7797351193101283
0.5105143053730092 0.7797314374178542
0.5105934395500966 0.7797670477975436
0.5106635700579417 0.7797986065260738
0.5106562980162453 0.7797953341073104
0.5106493614822926 0.7797922126670317
0.5107118215222949 0.7798203196850327
0.510766846899149 0.779845081104617
0.5108151472399308 0.7798668162579689
0.5108092013906983 0.7798641406258142
0.5108516462802605 0.7798832408261173
0.510888617036713 0.7798998776665209
0.5109089522394965 0.7799090285077734
0.5107451945450382 0.7798353375452672
0.510739905574322 0.7798329575084451
0.5107720339156051 0.7798474152620223
0.5107671632934121 0.7798452234820354
0.5107950491817976 0.779857772131809
0.510790562783874 0.7798557532527434
0.5107862825821546 0.7798538271619696
0.5108105165130321 0.7798647324308645
0.5108065729280409 0.7798629578176184
0.5108273932644706 0.7798723269690118
0.5108237586949628 0.7798706914127334
0.5108415316013163 0.7798786892205924
0.5108564761600405 0.7798854142720183
0.5108532365249824 0.7798839564362421
0.5108657773523463 0.7798895998085559
0.5108627881121476 0.7798882546504664
0.5116989900854365 0.7802645455384465
0.5116989489176491 0.7802645270129421
0.5116970219704454 0.7802636598867005
0.5116383866438009 0.7802372739897105
0.5115825936615852 0.7802121671477135
0.5114712612047739 0.7801620675421483
0.5115385282825818 0.7801923377271619
0.5112242515154531 0.780050913181954
0.5112100910776148 0.7800445409849267
0.5109125608711149 0.7799106523920019
0.510898418776749 0.7799042884495371
0.5106170984056932 0.779777694282562
0.5106030135947481 0.7797713561176367
0.5103372855882291 0.7796517785147031
0.5103655588929014 0.7796645015018057
0.5101148736301679 0.7795516931335756
0.5101017638994226 0.7795457937547402
0.5098652913808305 0.7794393811213738
0.5098522700945843 0.779433521542563
0.509629303052811 0.7793331863737649
0.5096164000176129 0.7793273800079258
0.5094062331251297 0.7792328049063084
0.5093934746448834 0.7792270635901977
0.5091954141445316 0.7791379363650393
0.5092243998746364 0.7791509799435865
0.509037869667131 0.779067041350209
0.5090632415489789 0.7790784586970405
0.5088875785034342 0.7789994103265455
0.5089096933915022 0.7790093620261761
0.508744261902059 0.7789349178559266
0.5087634459113701 0.7789435506601167
0.5086076398430232 0.7788734379293605
0.5086241905433289 0.778880885744498
0.5084774342082411 0.7788148453937086
0.508491622734429 0.7788212302304931
0.5083533711403073 0.7787590170131383
0.5083654442070525 0.7787644498931737
0.5082351827672861 0.7787058322452788
0.5082453645801251 0.7787104140610565
0.5081226084339056 0.7786551737952576
0.5081311024922633 0.7786589961215185
0.5081957096026096 0.7786880693211744
0.5080795155633834 0.7786357820035226
0.5080865063537363 0.7786389278591814
0.5079769501027136 0.7785896275462212
0.5079712598355535 0.7785870669259991
0.507867839094088 0.7785405275923396
0.5078741480063566 0.7785433666028605
0.5077765925768691 0.7784994666595912
0.507781678640335 0.7785017553881508
0.5129427544310715 0.7808242394939822
0.5129494075139693 0.7808272333812862
0.5129493338426045 0.7808272002291721
0.512941184127749 0.7808235328574871
0.5128973817104429 0.7808038217696993
0.5128708550685918 0.7807918847808664
0.5127212187197616 0.7807245484238928
0.512745320621299 0.7807353942795846
0.5126875786364579 0.7807094103864062
0.5127075829726021 0.7807184123376711
0.5126543810292439 0.7806944714631598
0.5126025258474985 0.7806711366313743
0.5125520703567195 0.7806484316605239
0.5125030533557174 0.7806263740100728
0.512527504150186 0.7806373768675838
0.5124823544754318 0.7806170595139443
0.5124385591967355 0.7805973516385312
0.5124612631688735 0.7806075684259932
0.5124825206218414 0.7806171342798288
0.5123409457731313 0.7805534255979092
0.5123005449017597 0.7805352452057921
0.5122614108752697 0.7805176348938716
0.512282177998743 0.7805269800994346
0.5123024041191423 0.7805360818536142
0.5121692779217584 0.7804761750647915
0.5121331691228878 0.7804599261052996
0.5120982370199189 0.7804442066589636
0.512117068331614 0.7804526807492265
0.5120848697978517 0.7804381914090335
0.5121004709559966 0.7804452119301987
0.5121118348533192 0.7804503256839939
0.5120835075654326 0.7804375784044448
0.5120924671335239 0.780441610210086
0.5121113307808165 0.7804500988513675
0.5119858884604735 0.7803936498072133
0.5119597007256216 0.78038186532653
0.511966449869259 0.7803849024411667
0.511942261152238 0.7803740175185073
0.5119471567108204 0.7803762205198692
0.5119494472752528 0.7803772512738639
0.5119494806890572 0.780377266310076
0.5119475688670041 0.7803764059901521
0.5119280279481414 0.7803676125766639
0.5119090986704395 0.780359094401698
0.5118907819402104 0.7803508518730948
0.5118730757774587 0.7803428840998567
0.5118726605608132 0.7803426972523662
0.5118706673671735 0.7803418003152283
0.5118549352404551 0.780334720858205
0.5118397356575799 0.7803278810459112
0.5106975171724801 0.7798138827276164
0.510697456902197 0.7798138556059889
0.510697456902197 0.7798138556059889
0.5106398756410573 0.779787944038476
0.5105851252130956 0.7797633063458933
0.510483185148761 0.7797174333169428
0.5105398412248492 0.7797429285511824
0.5101646101853627 0.7795740745834134
0.510161295519177 0.7795725829836299
0.5098031506273849 0.7794114177823234
0.5097997278722838 0.7794098775425279
0.5098558980833228 0.7794351541374954
0.5095150962747153 0.779281793323622
0.5095115788152627 0.7792802104668684
0.5091878303175985 0.7791345236429195
0.5091922750262404 0.7791365237618084
0.5088853798872558 0.7789984209492653
0.508882010645675 0.7789969047905538
0.5089376773048826 0.7790219547871974
0.5102819201538066 0.7796268640692132
0.5101820995470389 0.7795819447961676
0.5102029626662006 0.7795913331997905
0.5101089900801207 0.7795490455360545
0.5097777139081364 0.7793999712586616
0.509774268262468 0.7793984207181108
0.5094614257103238 0.7792576415696459
0.5094658651884288 0.7792596393347931
0.5091707531683438 0.779126838925755
0.5091744733259743 0.7791285129966887
0.5088962625754241 0.7790033181589411
0.508899331421464 0.7790046991396591
0.5086371776857371 0.778886729958582
0.5086396579681716 0.7788878460856774
0.508392718115468 0.7787767231519609
0.5083946676622858 0.7787776004480289
0.5084478758808627 0.7788015441463885
0.5082149841600998 0.7786967428720452
0.5082164562044628 0.7786974052920085
0.5082672768086707 0.7787202745639019
0.5080476176860743 0.7786214279587337
0.5080455341303612 0.7786204903586628
0.5078385643603833 0.7785273539621727
0.5078363700939638 0.7785263665422839
0.5076413590104115 0.7784386115546853
0.5076429607840022 0.7784393323528012
0.5074592891100941 0.7783566800995426
0.5074604696578788 0.7783572113460456
0.5072874633995488 0.7782793585297971
0.5072882677902861 0.7782797205056289
0.5071252878563789 0.7782063795353708
0.5057389952269515 0.7775825478521284
0.505738917675906 0.7775825129541578
0.5057309045177298 0.7775789070329786
0.5056881139638788 0.7775596512837456
0.5056608547248511 0.7775473846261832
0.5055423551577503 0.7774940598209878
0.5055063573625641 0.7774778608131541
0.5056617555144584 0.7775477899815064
0.49829399560269005 0.7742322980212106
0.47207690915535766 0.749236531848795
0.4485570942988278 0.7242785471494141
0.4485569005304754 0.7242784502652378
0.4494396850889777 0.724719842544489
0.4280378697875026 0.699719881638439
0.4085816740588889 0.6747199207323892
0.4085816711770866 0.6747199191473978
0.40858166854054545 0.6747199176973002
0.4085816661237847 0.6747199163680818
0.4085816639044524 0.674719915147449
0.4085816618628869 0.674719914024588
0.4085816599817474 0.6747199129899613
0.40858165824570014 0.6747199120351353
0.4085816566411524 0.6747199111526341
0.41566276653169315 0.6786145215924314
0.3975905403241414 0.6536145606863815
0.3974113928527081 0.6535115508903073
0.3974113897049061 0.6535115490803212
0.3972433157633955 0.6534149065639525
0.39724331290154746 0.6534149049183899
0.39708561076788945 0.6533242261915365
0.3970856081602738 0.6533242246921576
0.39693761111327125 0.653239126390131
0.39693760873230727 0.6532391250210768
0.3967986865019436 0.6531592447386176
0.3967986843235775 0.6531592434860573
0.3966682434732758 0.6530842399971337
0.39666824147646773 0.653084238848969
0.39654572501207486 0.6530137918819431
0.39654572317836867 0.6530137908275621
0.3964306096105289 0.6529476005260542
0.39643060792369006 0.6529475995561219
0.3963224099566946 0.6528853857250996
0.39632240840240446 0.6528853848313826
0.39622067138067285 0.6528268860438871
0.3962206699462699 0.6528268852191054
0.39612497015694986 0.6527718578402463
0.39612496883120984 0.6527718570779457
0.396034911736044 0.6527200742482254
0.3960349105089926 0.6527200735426708
0.3959501289590408 0.6526713241514486
0.3959502928739694 0.6526714184025326
0.4184435485996387 0.6510661291597833
0.43913721906628767 0.64946076191643
0.4361720255150868 0.6476075159469294
0.4326649372879156 0.6454155858049474
0.45201572086399044 0.6438102185615939
0.44788849122687713 0.6411275192974702
0.4450373099253884 0.6392742514515026
0.4416650774172787 0.6370823003212314
0.45996581551044 0.6354769254695471
0.4559913995896311 0.6327941947230011
0.453245815717005 0.6309409256089785
0.4481219043123653 0.6274822854108468
0.44487456817509907 0.6252903335181921
0.4376528687880649 0.620415686431944
0.43252903511775564 0.6169570987044852
0.4201835357486492 0.6086238866303384
0.4129619880785134 0.6037493419529968
0.4006177527435694 0.5954169831019096
0.39787218389974305 0.5935637241323267
0.42136091221995703 0.6094186157484712
0.4181135971230072 0.60722667805803
0.4181135971230072 0.60722667805803
0.41413941329208553 0.604544103972158
0.4090185549026489 0.6010875245592882
0.4050738670510009 0.5984248602594258
0.3935334021000799 0.590635046417554
0.38843143513980904 0.5871912187193712
0.381215798308944 0.5823206638585373
0.3740379268457671 0.5774756006208929
0.36170261607827137 0.5691492658528332
0.3851734942603666 0.5849921086257476
0.37295933673945514 0.5767475522991324
0.37295933673945514 0.5767475522991324
0.39618769644331386 0.5924266950992371
0.39618769644331386 0.5924266950992371
0.4180659582332652 0.6071945218074541
0.41806591875513155 0.6071944951597139
0.41457770421157636 0.6048399503428141
0.4145776654040443 0.60483992414773
0.41158358378725335 0.6028189190563962
0.41157821360312236 0.6028152941821078
0.41154096628254544 0.6027901522407183
0.41151127148215844 0.6027701082504571
0.41144806418428775 0.6027274433243944
0.41134569227547546 0.6026583422859462
0.4114465914316616 0.6027264492163719
0.4113501209071504 0.6026613316123267
0.41144150037362154 0.6027230127521948
0.4113505734465951 0.6026616370764518
0.4121861329199833 0.6032256397209889
0.4121860837915241 0.6032256065592789
0.41218085442125246 0.6032220767343455
0.4121530325210993 0.6032032969517422
0.41213470858076173 0.6031909282920143
0.4122086840909816 0.6032408617614127
0.4121149193644203 0.6031775705709838
0.41193825804144074 0.6030583241779726
0.4119380556977675 0.6030581875959932
0.41191257415902516 0.603040987557342
0.411912571426778 0.6030409857130753
0.4118567016632109 0.6030032736226675
0.4118566842031591 0.6030032618371324
0.4118033005858765 0.6029672278954668
0.4118032855860602 0.6029672177705907
0.41175227613899323 0.6029327863938205
0.4117522631884481 0.6029327776522025
0.41170352070164223 0.6028998764736085
0.411703509467334 0.6028998688904506
0.4116569313716238 0.6028684286758461
0.4116569215821278 0.6028684220679363
0.41161240981220526 0.6028383766232387
0.41161240124509413 0.6028383708404387
0.4115698620942063 0.6028096569135893
0.41156985456624284 0.602809651832214
0.41152919853522774 0.6027822090112789
0.4115291918946937 0.6027822045289184
0.41149033353761116 0.6027559751378877
0.4114903276582727 0.6027559711693342
0.41145318542649606 0.6027309001628851
0.4114531802028298 0.6027308966369103
0.4114176762891303 0.6027069314951631
0.4114176716325268 0.6027069283519557
0.4113837318163958 0.6026840189760673
0.41138372765212516 0.6026840161651846
0.4113512811473361 0.6026621147744521
0.4113512774121095 0.6026621122531741
0.4113202567173136 0.6026411732841869
0.41132025335731554 0.6026411710161881
0.4112905941102911 0.6026211510244467
0.41129059107958355 0.602621148978719
0.41126223191561 0.602602006543037
0.41126222917483196 0.6026020046930117
0.4112351115895361 0.602583700322937
0.41123510910484024 0.6025836986457673
0.41120917732175855 0.6025661946921871
0.4112091750639373 0.6025661931681577
0.4111843759069524 0.602549453737193
0.4111843738507169 0.6025494523492341
0.4111606566214543 0.6025334432194818
0.41116084050929375 0.6025335673437734
0.4111820044011299 0.6025478529707627
0.4111981194696964 0.6025587306420451
0.411209024712387 0.6025660916808613
0.4112145583185361 0.6025698268650119
0.4112145214441718 0.602569801974816
0.4112093147268157 0.6025662874406008
0.4111733329767077 0.6025419997592778
0.4111435001271454 0.6025218625858232
0.41108335936851315 0.6024812675737465
0.41100368721778924 0.6024274888720078
0.4110046126805646 0.6024281135593812
0.41092944629074146 0.6023773762462505
0.4109208738934947 0.602371589878109
0.4108495898871868 0.6023234731738512
0.41085034803300374 0.6023239849222776
0.41078306791663277 0.6022785708437273
0.41077837968588776 0.6022754062879743
0.41071463171750816 0.6022323764093181
0.4107120940545247 0.6022306634868043
0.4107444722916528 0.6022525187968657
0.4106840099970998 0.6022117067480425
0.41067969421422956 0.602208793594605
0.4106223691547178 0.6021700991794346
0.41061382877294683 0.6021643344217391
0.41055937446352014 0.6021275777628763
0.4105472469833209 0.6021193917137417
0.410495511304476 0.6020844701305215
0.4104803656577997 0.602074246819015
0.41051109878013003 0.6020949916765879
0.41046179658959986 0.60206171269798
0.41044413862887175 0.6020497935744885
0.4103972810834975 0.6020181647313609
0.4103775589621029 0.6020048522994196
0.41033301801043454 0.6019747871570434
0.41035133364314064 0.6019871502091201
0.4103092176472495 0.6019587219118935
0.41032233341772056 0.6019675750569615
0.4102825026038698 0.6019406892576121
0.4102910660358942 0.6019464695742286
0.41025338928850646 0.6019210377697419
0.41024202372886065 0.6019133660169811
0.41020615088857104 0.6018891518497855
0.41021382108461507 0.6018943292321153
0.410179876874468 0.601871416890266
0.41018395746926256 0.6018741712917522
0.4101518326571858 0.6018524870436005
0.41015280260640685 0.6018531417593247
0.41012239460688127 0.6018326163596449
0.4101206837002575 0.6018314614976739
0.41395544772671367 0.6044199272155317
0.4139608698404356 0.6044235871422942
0.4139608231838904 0.6044235556491261
0.4139557146647445 0.6044201073987026
0.41396373624486427 0.6044255219652834
0.41393662832175043 0.6044072241171816
0.41392841862981494 0.6044016825751252
0.41384025001149966 0.6043421687577624
0.41367363656949596 0.6042297046844098
0.41367344991438537 0.6042295786922102
0.4136499729639631 0.6042137317506752
0.4136499704531602 0.6042137300558832
0.413638084804603 0.6042057072431071
0.4136380589818416 0.604205689812743
0.4136260050319982 0.6041975533965989
0.4136259831561422 0.604197538630396
0.41361381176469986 0.6041893229411723
0.41361379312693325 0.6041893103606799
0.41360155021707273 0.6041810463965241
0.41360153425209556 0.6041810356201646
0.4135892611769062 0.6041727512944117
0.41358924743100206 0.6041727420159264
0.41357698131936327 0.6041644623905702
0.4135769694261454 0.6041644543626482
0.41356474350836514 0.6041562018681466
0.4135647331702291 0.6041561948899047
0.4135525770838916 0.6041479895316269
0.4135525680577384 0.6041479834389735
0.4135405081343383 0.6041398429906784
0.41354050022051514 0.6041398376488477
0.4135285597535495 0.6041317778336459
0.41352855278723083 0.6041317731313809
0.4135167522824881 0.6041238077906794
0.4135167461269186 0.6041238036356701
0.41350510353575054 0.6041159448866316
0.41350509807691815 0.6041159412019198
0.4134936290133095 0.6041081995839839
0.41349362415572266 0.6041081963051129
0.41348234209798745 0.6041005809161415
0.41348233776130966 0.604100577988884
0.41347125423924513 0.6040930966114905
0.4134712503555997 0.6040930939900298
0.41346037512392164 0.6040857532086472
0.413460371635722 0.6040857508541124
0.4134497128345915 0.6040785561633493
0.41344970969278677 0.6040785540426311
0.4134392739962152 0.6040715099474453
0.4134392711588645 0.6040715080322336
0.41342906391176204 0.6040646181404394
0.413429061342871 0.6040646164064378
0.42009479562233815 0.6085639870450782
0.4435852431283628 0.6244200391116449
0.4436112954937742 0.6244376244582975
0.4436338888581466 0.6244528749792488
0.4436508109614629 0.6244642973989875
0.44366207619855735 0.6244719014340261
0.44366770003464656 0.6244756975233864
0.44366765275988485 0.6244756656129222
0.44366256357823003 0.6244722304153052
0.443626799642088 0.6244480897584094
0.4435935980975363 0.6244256787158369
0.4435426577851546 0.6243912940049793
0.44329918187078826 0.624226947762782
0.4432956475104311 0.6242245620695408
0.4430646736496293 0.6240686547134997
0.44306456476169126 0.6240685812141415
0.44309129701087335 0.6240866254823395
0.44287272649708137 0.6239390903855299
0.4428707475009645 0.623937754563151
0.4428966121126343 0.6239552131760281
0.4426897945458077 0.6238156113184201
0.44268619168963796 0.6238131793905055
0.4424905843607473 0.6236811444435043
0.44249086677314964 0.6236813350718758
0.4423062068345262 0.6235566896133051
0.4423047926258778 0.6235557350224674
0.4421304851546717 0.6234380774794033
0.442127598573024 0.6234361290367911
0.4419630074284628 0.6233250300142122
0.4419588504874037 0.6233222240789974
0.4418034828306141 0.6232173509106644
0.44179823713783695 0.6232138100680398
0.44165160768772604 0.6231148351892151
0.44164543617290053 0.6231106694167078
0.4415070718580476 0.6230172735041821
0.441500120392396 0.6230125812648672
0.4413695636514749 0.6229244554647455
0.4413619625587531 0.6229193247271583
0.4412387735807214 0.6228361721669868
0.4412306390411648 0.6228306813527862
0.4411143971803659 0.6227522180967469
0.44110583253055025 0.6227464369581213
0.44099613708558466 0.6226723925327695
0.4409872340181565 0.6226663829622556
0.4410142272856494 0.6226846034178133
0.44091052612316306 0.6226146051331349
0.44090136579108885 0.6226084219089849
0.4408034725102996 0.6225423439444522
0.44081482149422085 0.622550004508599
0.440722515112266 0.6224876977007796
0.4402648837973106 0.6221787965631845
0.44026483946318085 0.622178766637647
0.4402598343396357 0.6221753881792541
0.44023339945182166 0.6221575446299796
0.4402241181283265 0.6221512797366204
0.44014117450697343 0.622095292792207
0.43998401349922595 0.6219892091119774
0.43998384105379756 0.6219890927113132
0.43996217780554897 0.6219744700187455
0.4399621757439982 0.6219744686271987
0.43959067870934876 0.6217237081288104
0.4395906765969606 0.6217237067029484
0.43971342119618806 0.621806559307427
0.4393524017878125 0.6215628712067734
0.4393523998476348 0.6215628698971535
0.43900098366522083 0.6213256639740241
0.4390009818801336 0.6213256627690902
0.4386618508064217 0.6210967492943347
0.43866184916131373 0.6210967481838867
0.43878718875762385 0.6211813524113962
0.43846286956191055 0.6209624369542897
0.43846286804341095 0.6209624359293023
0.43815310790144124 0.6207533478334728
0.4381531064976908 0.6207533468859413
0.4378585911851871 0.6205545490500013
0.4378585898856429 0.620554548172809
0.4375795771833838 0.620366214598784
0.4375795759786522 0.6203662137855902
0.4373160036391361 0.6201883024564168
0.43731600252082914 0.6201883017015597
0.43706757479295144 0.6200206129852421
0.43706757375356314 0.6200206122836551
0.4368338297115972 0.6198628350553281
0.4368338287443972 0.6198628344024681
0.43661419552303143 0.6197145819780463
0.43661419462197265 0.6197145813698316
0.43640802835022013 0.6195754191363987
0.43640802750985885 0.6195754185691549
0.4365266798030512 0.6196555088670597
0.4363316672902635 0.619523875420928
0.4363316665056899 0.6195238748913408
0.43614870740212497 0.6194003774964344
0.43614870666890254 0.6194003770015092
0.43626023414185233 0.6194756580457504
0.436087106693665 0.6193587970182239
0.436087106007778 0.6193587965552502
0.4359246834224671 0.6192491613101654
0.435924682780274 0.619249160876685
0.43577232508534325 0.6191463194326067
0.43577232448353664 0.6191463190263873
0.4420978144114646 0.6234160247277386
0.44211886527684136 0.6234302340618679
0.44214293085707507 0.6234464783285257
0.4421576561798187 0.6234564179213777
0.44216928675668143 0.62346426856076
0.44217447866511844 0.623467773098955
0.4421744172537099 0.6234677316462542
0.44216921350610516 0.6234642191166211
0.44213506028324495 0.6234411656911905
0.442106564145181 0.6234219307979971
0.4420529326473016 0.6233857295369287
0.44196728771166316 0.6233279192053727
0.4419250358749188 0.6232993992155702
0.4418440511986818 0.6232447345591103
0.4419330929307219 0.6233048377282373
0.4418566787756168 0.6232532581735414
0.44181806823715397 0.6232271960600789
0.44184398369140365 0.6232446889916975
0.44177154456853135 0.6231957925837587
0.4417336924270231 0.6231702423882406
0.4416651423292696 0.623123971072257
0.4417488307201521 0.6231804607361027
0.44168410740762276 0.6231367725001454
0.4416495315463405 0.6231134337937799
0.44158824960933757 0.6230720684863029
0.4416642698385815 0.6231233821410426
0.4416063852193273 0.623084310023046
0.44167303283138254 0.6231292971611833
0.44161834563597985 0.6230923833042865
0.44167649027236966 0.6231316309338496
0.44162481308626517 0.623096748833229
0.4416752687479344 0.6231308064048557
0.44162642585099593 0.6230978374494223
0.44166995009647736 0.6231272163151222
0.44162377671783126 0.6230960492845361
0.44166107100943247 0.623121222931367
0.4416174126229019 0.6230917535204588
0.44164912355707386 0.623113158401025
0.44167383966651075 0.6231298417748947
0.4416324534517313 0.6231019060799186
0.4416134315570279 0.6230890663009939
0.4415741358028493 0.6230625416669232
0.4416027796687831 0.6230818762764285
0.44156560302504494 0.6230567820419053
0.4415897156281575 0.6230730580490064
0.44155453762958247 0.6230493128999681
0.44157461582793206 0.6230628656838542
0.4415413233541167 0.6230403932640287
0.4415578192993389 0.6230515280270538
0.4415263060951369 0.6230302566142174
