1.0 1
0.9358192824157908 0.9983954820603949
0.9358038563529121 0.9967901928176456
0.8987415079507091 0.9949370753975355
0.91108944205576 0.9933317081541819
0.8863792041095248 0.9914784403082143
0.898730647330348 0.9898730647330348
0.9061415190508054 0.9882676898813507
0.891315365173964 0.9864144206467454
0.8737798338955024 0.9842224792369378
0.8562451917762176 0.9820306489720272
0.838712149194909 0.9798390186493636
0.8172649508215133 0.9771581188526891
0.8024397110702028 0.9753049638837753
0.7747791487150157 0.9718473935893769
0.7533175546020265 0.9691646943252532
0.7318557086296582 0.9664819635787072
0.7170295557174774 0.9646286944646846
0.6893605896598013 0.9611700737074752
0.6616934858682474 0.9577116857335308
0.6227153777829304 0.9528394222228662
0.5561500659515128 0.9445187582439392
0.5387051840358131 0.9423381480044766
0.6049389737817116 0.9407408460672567
0.5931321867293741 0.9389698280094061
0.6421287204124927 0.9373725260721862
0.6297132108367649 0.9351998118964339
0.6144006557705477 0.9325201147598458
0.704897221513091 0.948357013764791
0.6770430990546563 0.9434825423345649
0.6491878617565403 0.9386078758073946
0.6366624165819784 0.9364159229018462
0.6213325107099389 0.9337331893742393
0.6606390689952987 0.9321278137990598
0.6433458456167703 0.9286691691233541
0.6189724184214473 0.9237944836842894
0.6097060676342131 0.9219412135268426
0.5987463013395518 0.9197492602679104
0.5570796933623068 0.9114159386724614
0.5154136329915725 0.9030827265983146
0.4737504737329859 0.8947500947465972
0.5530249318137082 0.9106049863627416
0.5530249318137082 0.9106049863627416
0.5357660046336006 0.9071532009267201
0.5114611589247736 0.9022922317849547
0.47025228280063497 0.8940504565601269
0.45757987845698206 0.8915159756913964
0.4511644645890439 0.8902328929178088
0.505319512734217 0.8886968903651988
0.49902849490603296 0.8872814113538574
0.46037449139427167 0.8785842605637111
0.5143370422548446 0.8785842605637111
0.5273105610375364 0.8700104042853225
0.44826187778790855 0.8482720163916749
0.4217787616600906 0.8265336284980271
0.42167150606019427 0.8265014518180582
0.421570228256277 0.8264710684768831
0.4434060910862886 0.8330218273258867
0.443384390507918 0.8330153171523754
0.4433623051325821 0.8330086915397746
0.4433400103718932 0.833002003111568
0.4433191285037639 0.8329957385511293
0.4432980877456656 0.8329894263236997
0.4432769576799651 0.8329830873039896
0.44325845493739896 0.8329775364812196
0.4432385619171061 0.8329715685751319
0.44322100306611256 0.8329663009198338
0.4432033271138669 0.8329609981341601
0.4431856397328428 0.8329556919198529
0.443168904645603 0.8329506713936808
0.4431521919809831 0.8329456575942948
0.44313553593767796 0.8329406607813035
0.44311900261928855 0.8329357007857865
0.443104775143372 0.8329314325430117
0.443090512948243 0.8329271538844729
0.4430756911028746 0.8329227073308625
0.44306102306446277 0.8329183069193389
0.4430481235906151 0.8329144370771845
0.44303429893562374 0.8329102896806871
0.4430220159947559 0.8329066047984268
0.4430089804660758 0.8329026941398228
0.4429972845242763 0.8328991853572829
0.4429856693971197 0.832895700819136
0.44297418030201685 0.8328922540906051
0.4429628647726713 0.8328888594318015
0.442951966627473 0.832885589988242
0.4429412493809133 0.8328823748142741
0.44293070387688094 0.8328792111630643
0.4429203524057013 0.8328761057217104
0.44291073537470615 0.8328732206124119
0.4429009555794266 0.8328702866738279
0.4428917978850554 0.8328675393655166
0.44288255491975165 0.8328647664759256
0.4428738346457547 0.8328621503937264
0.44286509606578767 0.8328595288197362
0.44285679234473274 0.8328570377034199
0.44284864990777556 0.8328545949723326
0.4428406390297593 0.8328521917089278
0.4428328200244519 0.8328498460073355
0.44282529037559454 0.8328475871126784
0.4427937027293141 0.8328381108187942
0.4427937027293141 0.8328381108187942
0.4592746293550942 0.8242642545404056
0.43578819041930844 0.8025258666467578
0.40778685801472875 0.7779200717555232
0.38240521764035573 0.7529620870561422
0.35992075502053333 0.7279663208837267
0.3399345660251356 0.702970554711311
0.3399342976717704 0.7029704339522966
0.33993404914149916 0.7029703221136746
0.33993381866409644 0.7029702183988433
0.33993360465755545 0.7029701220958999
0.33993340570501895 0.7029700325672585
0.3477864616966569 0.7065039077634955
0.3294908244022736 0.68150814159108
0.3293444646228851 0.6814386206958704
0.329344159795927 0.6814384759030653
0.3292064261423601 0.6813730524176209
0.32920614558418476 0.6813729191524878
0.3290764897996156 0.6813113326548174
0.32907623116064766 0.6813112098013077
0.3289541398327221 0.6812532164205429
0.32895390103337896 0.6812531029908551
0.32883889401151034 0.6811984746554673
0.3288386732066289 0.6811983697731487
0.3287303018983286 0.6811468934017061
0.3287300974468209 0.68114679628724
0.32862794305684795 0.6810982729520028
0.3286277534957438 0.6810981829104783
0.3285314252551353 0.6810524269961893
0.328531249277317 0.6810523434067256
0.32866503570156047 0.6811158919582413
0.3285728461904874 0.6810721019404815
0.3285726826255399 0.6810720242471314
0.32848567367084724 0.6810306949936524
0.34578030623864764 0.6892456454633576
0.34569841448013294 0.6892067468780632
0.3457603405491147 0.6892361617608295
0.34568323688302943 0.689199537519439
0.345733952279403 0.6892236273327164
0.34566133075130184 0.6891891321068684
0.34570207010776255 0.6892084833011872
0.3456336462139663 0.6891759819516341
0.3456655433137187 0.6891911330740164
0.34560105241451866 0.6891604998968963
0.3456251435620575 0.6891719431919773
0.3455643394042867 0.6891430612170362
0.34558156780882243 0.6891512447091908
0.3455242211539367 0.68912400504812
0.3455354419950337 0.6891293349476411
0.3527018344310991 0.6925333713547721
0.38185770683033365 0.6909288534151669
0.4082505742437084 0.689331551477947
0.4322309700697122 0.6877270335383416
0.42888095716857444 0.685884526442716
0.4256587654081766 0.6841123209744971
0.4486877770310716 0.6829954717928661
0.469099115400427 0.6814594692402564
0.46707115142177147 0.680242690853063
0.46413621354328993 0.6784817281259741
0.46086581995441545 0.6765194919726494
0.4574012487620358 0.6744407492572215
0.45366635450225146 0.6721998127013509
0.44910247292735006 0.6694614837564101
0.4453264115508862 0.6671958469305318
0.4428549554661848 0.6657129732797109
0.4428549554661848 0.6657129732797109
0.4427097237132265 0.665625834227936
0.4426542928002729 0.6655925756801638
0.43716784782441753 0.6623007086946506
0.42489971328160464 0.640562320801003
0.4248241927901521 0.6405151204938451
0.42474701232120016 0.6404668827007501
0.42467527262159255 0.6404220453884955
0.42460278115653444 0.6403767382228341
0.42453462464659014 0.640334140404119
0.42446649663530134 0.6402915603970634
0.4244017364755045 0.6402510852971903
0.42523604591363046 0.640772528696019
0.4251644679949967 0.640727792496873
0.4250968624098687 0.6406855390061679
0.4251513517715158 0.6407195948571974
0.42505322201819773 0.6406582637613736
0.42498895254588287 0.6406180953411769
0.4249282075531929 0.6405801297207456
0.4248707768668854 0.6405442355418035
0.42481646402333 0.6405102900145814
0.42476508532471907 0.6404781783279495
0.42471646895601584 0.64044779309751
0.42467045416060456 0.6404190338503779
0.4247204042057371 0.6404502526285858
0.424626178465759 0.6403913615410994
0.4245823402808711 0.6403639626755446
0.42462999274429536 0.6403937454651848
0.42466237925442396 0.6404139870340151
0.42457303304872807 0.6403581456554551
0.4246187267929511 0.6403867042455946
0.4245342955070815 0.640333934691926
0.42449229434203134 0.6403076839637697
0.4245358686217563 0.6403349178885979
0.42855588403360595 0.6428474275210039
0.4260549729009382 0.6412843580630865
0.4273146229521342 0.6420716393450839
0.4271752004692942 0.641984500293309
0.42709814756574105 0.6419363422285882
0.4270844390049004 0.6419277743780628
0.4270825564349636 0.6419265977718523
0.43224659793885145 0.6451541237117822
0.43212957126846135 0.6450809820427884
0.43177697774630913 0.6448606110914433
0.4317811549057477 0.6448632218160923
0.4314428503312692 0.6446517814570434
0.43143914090499313 0.6446494630656208
0.4311160649960311 0.6444475406225194
0.43111989960560276 0.6444499372535017
0.4308129104182431 0.6442580690114019
0.4308142413201628 0.6442589008251017
0.43052353522258713 0.644077209514117
0.4305222752006453 0.6440764220004034
0.43024751327014393 0.64390469579384
0.43024873330619895 0.6439054583163744
0.42998980568400413 0.6437436285525026
0.42998897309187606 0.6437431081824225
0.4297451811710167 0.6435907382318854
0.42974597324027813 0.6435912332751739
0.42951689076729754 0.6434480567295611
0.42951612795636795 0.64344757997273
0.4293009123723311 0.643313070232707
0.4292984805163658 0.6433115503227287
0.4290964188363498 0.6431852617727187
0.42909253549391413 0.6431828346836964
0.42890291801324965 0.6430643237582812
0.4288977798217871 0.643061112388617
0.42871989729796955 0.642949935811231
0.4287257137339808 0.6429535710837381
0.4288368896218808 0.6430230560136756
0.42866871155120684 0.6429179447195044
0.428672502767068 0.6429203142294175
0.4285148411069672 0.6428217756918546
0.4285168494148721 0.6428230308842952
0.4283690453286093 0.6427306533303809
0.4283672352364747 0.6427295220227968
0.42822850446355437 0.6426428152897216
0.428225538009143 0.6426409612557145
0.4283281375866988 0.6427050859916867
0.42819660174356305 0.642622876089727
0.4281926389925457 0.6426203993703412
0.4280690920406885 0.6425431825254304
0.42807355284478305 0.6425459705279895
0.4279576155800766 0.6424735097375479
0.4250782429366816 0.640673901835426
0.4215773375295128 0.6384858359559455
0.41861234965733657 0.6366327185358355
0.43850360566792496 0.6350273436841511
0.4569214353073587 0.6334219688324672
0.45417585018424667 0.6315686988743665
0.47137617717526054 0.6299633240226824
0.4682448323041067 0.6277713826128747
0.4655973049983601 0.6259181134988522
0.4617648343120327 0.6232353840184229
0.4568239481189313 0.619776763683252
0.4536927594901122 0.6175849316430786
0.45056185902916424 0.615393301320415
0.44672987897804795 0.6127109152846336
0.44289746667451185 0.6100282266721584
0.4379569124260201 0.6065698386982141
0.4330196494898894 0.6031137546429226
0.4291955017945766 0.6004368512562037
0.42223473538100315 0.5955643147667024
0.41527120476639445 0.5906898433364762
0.4083074383067891 0.5858152068147525
0.3964044585100964 0.5774831209570677
0.38450969455572553 0.569156786189008
0.40714232708846027 0.5849996289619224
0.4022178545856384 0.581552498209947
0.39528690545941253 0.5767008338215889
0.38347303695805607 0.5684311258706394
0.38347303695805607 0.5684311258706394
0.405943775718384 0.5841606430028689
0.40218290728065625 0.5815280350964593
0.40218290728065625 0.5815280350964593
0.39758735893712976 0.5783111512559909
0.3917575873717756 0.574230311160243
0.38517813290073155 0.5696246930305122
0.3744113290276221 0.5620879303193356
0.39484500681753454 0.5763915047722742
0.3948555225872719 0.5763988658110903
0.3948555225872719 0.5763988658110903
0.4041095824251121 0.5828767076975785
0.4041149185575618 0.5828804429902934
0.4041149185575618 0.5828804429902934
0.4041137302338624 0.5828796111637038
0.4039949714237632 0.5827964799966343
0.4039338529563546 0.5827536970694484
0.4040060794704494 0.5828042556293147
0.4037339504662548 0.5826137653263783
0.40369823290407914 0.5825887630328553
0.40366438750502 0.582565071253514
0.40363230918847015 0.5825426164319291
0.4036018993303866 0.5825213295312706
0.40593403668562156 0.5841538256799351
0.4021189525997547 0.5814832668198283
0.3973269830440809 0.5781288881308566
0.3906242924784825 0.5734370047349377
0.4130950312388105 0.5891665218671672
0.40262994325796303 0.5818409602805741
0.39807029946980205 0.5786492096288613
0.3920559212578241 0.5744391448804769
0.4124895990477366 0.5887427193334156
0.41250011481747395 0.5887500803722319
0.41250011481747395 0.5887500803722319
0.4125133252816364 0.5887593276971455
0.4135652908266189 0.5894957035786332
0.4115492799216507 0.5880844959451554
0.4125263453471688 0.5887684417430181
0.41241099685139904 0.5886876977959793
0.4217538916465778 0.5952277241526044
0.4217424678894678 0.5952197275226274
0.42174090973943934 0.5952186368176076
0.42183440855595233 0.5952840859891666
0.421727349141939 0.5952091443993573
0.42163018363553645 0.5951411285448756
0.42157654511009657 0.5951035815770677
0.42148519688196884 0.5950396378173781
0.421433764294179 0.5950036350059253
0.4213478586457335 0.5949435010520135
0.4212985612538483 0.5949089928776938
0.4212177477327454 0.5948524234129218
0.42117051424071744 0.5948193599685023
0.4210944654778178 0.5947661258344725
0.4213677617755054 0.5949574332428538
0.421296264721321 0.5949073853049247
0.42155001141958476 0.5950850079937094
0.42148276969060683 0.5950379387834248
0.4214391807777924 0.5950074265444547
0.42137582696356235 0.5949630788744937
0.4213340326105495 0.5949338228273847
0.4212743211987328 0.5948920248391131
0.4212342630409139 0.5948639841286398
0.42117796522434064 0.5948245756570385
0.42141661605141534 0.5949916312359909
0.4213635960646284 0.59495451724524
0.42132608027229007 0.5949282561906031
0.42127605296977144 0.5948932370788402
0.42124009813709773 0.5948680686959685
0.42119287911535847 0.594835015380751
0.4211584322306749 0.5948109025614725
0.4211138495406921 0.5947796946784846
0.42108085785702454 0.5947566004999173
0.4210387511173198 0.5947271257821238
0.42330933683978256 0.5963165357878479
0.42332019974698076 0.5963241398228866
0.4233256229797338 0.5963279360858137
0.4233256093750936 0.5963279265625656
0.4209579962574891 0.5946705973802424
0.4209579962574891 0.5946705973802424
0.4208446052039717 0.5945912236427804
0.42078681297058484 0.5945507690794095
0.4205381617313595 0.5943767132119518
0.42037841647294216 0.5942648915310598
0.4202279172342248 0.5941595420639575
0.4200861376129334 0.5940602963290535
0.4199525709398009 0.5939667996578608
0.41982673249229113 0.5938787127446039
0.41970816078529866 0.5937957125497093
0.41959641816059806 0.5937174927124188
0.41963444879598155 0.5937441141571872
0.4193957358912965 0.5935770151239076
0.4192900691568532 0.5935030484097974
0.41932634558193876 0.5935284419073573
0.4191003210864887 0.5933702247605422
0.41900037223782755 0.5933002605664794
0.4190349783444989 0.5933244848411494
0.4188210751112022 0.5931747525778418
0.4187265089382806 0.5931085562567966
0.41875952468329664 0.5931316672783078
0.4248596793880032 0.5974017755716025
0.4247701820120749 0.5973391274084527
0.4246857089985837 0.5972799962990087
0.4247193069793464 0.5973035148855427
0.4246597838574353 0.5972618487002049
0.4246919706731289 0.5972843794711904
0.42463412239680437 0.5972438856777632
0.4245538653445198 0.5971877057411641
0.42447806325484205 0.5971346442783896
0.4244064504634642 0.5970845153244252
0.42433877785212903 0.5970371444964905
0.4243687174468684 0.597058102212808
0.4243657158592487 0.5970560011014743
0.42430154700357825 0.5970110829025049
0.42432989778077534 0.5970309284465429
0.424275743992508 0.5969930207947558
0.4242148860656196 0.5969504202459339
0.4241573256715596 0.5969101279700919
0.42418414193873705 0.5969288993571161
0.424131332473991 0.5968919327317938
0.4241570207838547 0.5969099145486985
0.42415481588097054 0.5969083711166795
0.424179295824398 0.5969255070770787
0.42413057264258164 0.5968914008498073
0.4266110771415049 0.5986277539990535
0.42662243168363545 0.598635702178545
0.4243102866057528 0.5970172006240271
0.42432088084522435 0.5970246165916571
0.4257218089166638 0.5980052662416646
0.42570471413188865 0.5979932998923221
0.4256940416641971 0.597985829164938
0.4256925950865634 0.5979848165605944
0.42559014563974945 0.5979131019478248
0.4255581730261161 0.5978907211182813
0.42553105453924184 0.5978717381774694
0.42550039847233395 0.5978502789306338
0.42545839547147424 0.5978208768300319
0.425429002945621 0.5978003020619347
0.4254743131199192 0.5978320191839435
0.42544653317051917 0.5978125732193635
0.4254085684465212 0.5977859979125648
0.4253819082172639 0.5977673357520847
0.4254228582214198 0.5977960007549938
0.42539765104399874 0.5977783557307992
0.42542029946332577 0.597794209624328
0.4253964609842224 0.5977775226889557
0.42537648563171604 0.5977635399422013
0.42535356300282073 0.5977474941019747
0.4253225464078036 0.5977257824854626
0.4253005072766662 0.5977103550936664
0.42526027822567736 0.5976821947579742
0.42523909113393393 0.597667363793754
0.4251912833169228 0.5976338983218461
0.42517091770304444 0.5976196423921312
0.4252280667842275 0.5976596467489593
0.42520879317344734 0.5976461552214133
0.42525006928999226 0.5976750485029947
0.42523182587479236 0.5976622781123547
0.42519895800388663 0.5976392706027207
0.4251813884213672 0.5976269718949572
0.42521869211212 0.5976530844784842
0.42520205703963226 0.5976414399277428
0.4251723499335591 0.5976206449534915
0.4251563153469482 0.5976094207428638
0.42519002553279256 0.597633017872955
0.42517483992809163 0.5976223879496643
0.42519708964542857 0.5976379627518001
0.42518270594978996 0.5976278941648532
0.42519494324869317 0.5976364602740853
0.4251813171951396 0.5976269220365978
0.4251848679772778 0.5976294075840947
0.42517194600818553 0.59762036220573
0.4251680155875237 0.5976176109112668
0.42515550717381984 0.597608855021674
0.42290439819291903 0.5960330787350434
0.42291413800449257 0.596039896603145
0.42291914478654896 0.5960434013505844
0.4229126824867544 0.5960388777407284
0.4229126688987478 0.5960388682291237
0.42290964608297593 0.5960367522580834
0.42280139394273836 0.595960975759917
0.4227421424407149 0.5959194997085007
0.4227000546198029 0.5958900382338623
0.4225071063901896 0.595754974473133
0.4223247317618672 0.5956273122333072
0.4221524523798655 0.5955067166659059
0.4219897808997249 0.5953928466298076
0.4218362299375874 0.5952853609563113
0.4218628584417392 0.5953040009092175
0.4218205378036024 0.5952743764625218
0.42167543729982165 0.5951728061098753
0.4215385015724281 0.5950769511006998
0.4215635924515548 0.5950945147160885
0.42152218639346056 0.5950655304754225
0.4213927766524267 0.5949749436566989
0.42127064379296736 0.5948894506550773
0.42129427631877153 0.5949059934231402
0.4212538343235248 0.5948776840264676
0.421138385540589 0.5947968698784125
0.4210294049965419 0.5947205834975795
0.4210516646815723 0.5947361652771008
0.4210122274637759 0.5947085592246433
0.4209091746374006 0.5946364222461805
0.4208118630124835 0.5945683041087386
0.4208328365631437 0.5945829855942006
0.4207944367162556 0.5945561057013791
0.4207023792626648 0.5944916654838656
0.4206154148111394 0.5944307903677977
0.42063518701403496 0.5944446309098247
0.4205978496574122 0.5944184947601887
0.4205155429245699 0.594360880047199
0.4204377543928798 0.594306428075016
0.42045640628839526 0.5943194844018768
0.4204648716155666 0.5943254101308968
0.4204826238291942 0.5943378366804362
0.4204478449256752 0.5943134914479729
0.4204648251231687 0.5943253775862182
0.42043140645116267 0.5943019845158141
0.42035752226562156 0.5942502655859352
0.42028765533408885 0.5942013587338624
0.4202215727841549 0.5941551009489086
0.4201590557826042 0.5941113390478231
0.42009989876320425 0.5940699291342432
0.4201156458194841 0.594080952073639
0.4214574195808723 0.5950201937066107
0.4311195177397344 0.6017836624178142
0.43111505154239166 0.6017805360796743
0.43200412983324354 0.6024028908832706
0.43196622982293553 0.6023763608760551
0.4319531013182809 0.6023671709227968
0.43194312149846986 0.6023601850489291
0.43194177677589557 0.6023592437431271
0.4318448317391662 0.6022913822174165
0.43183325338194345 0.6022832773673606
0.43168734999759867 0.6021811449983192
0.4316761125591471 0.6021732787914031
0.431535465360244 0.602074825752171
0.43152456408623796 0.6020671948603666
0.4318682947934821 0.6023078063554376
0.4318579612989446 0.6023005729092613
0.43172712173036 0.6022089852112522
0.4317170890144255 0.602201962310098
0.4320363352027615 0.6024254346419332
0.43202682351415433 0.6024187764599083
0.43231708027943144 0.6026219561956022
0.4323080616693733 0.6026156431685615
0.4321921026363957 0.6025344718454771
0.4321833272733468 0.6025283290913428
0.43245119642243934 0.6027158374957077
0.4324428748204646 0.6027100123743254
0.43233594584474316 0.6026351620913204
0.4323278421853994 0.6026294895297797
0.43222409506097687 0.6025568665426839
0.4322162086569466 0.6025513460598628
0.43246830106583667 0.6027278107460858
0.4324608212051566 0.6027225748436098
0.43268761732056665 0.6028813321243968
0.432680522480453 0.6028763657363172
0.43288312492982356 0.6030181874508767
0.4328763947806969 0.6030134763464879
0.43279148254820304 0.6029540377837422
0.4327849080791938 0.6029494356554357
0.43270197891158846 0.602891385238112
0.43269556164790524 0.6028868931535338
0.4328862916818802 0.6030204041773163
0.4328802034830712 0.60301614243815
0.43304974065485524 0.6031348184583989
0.43304396426571484 0.6031307749860005
0.4331936774196242 0.6032355741937371
0.433263361205484 0.603284352843839
0.4332577981464617 0.6032804587025234
0.43319186443288155 0.6032343051030173
0.4331864126031568 0.60323048882221
0.43332285499882023 0.6033259984991743
0.438157597326077 0.6067103181282542
0.4381731368564804 0.6067211957995365
0.43818187022052457 0.6067273091543675
0.4381874642269997 0.6067312249589001
0.43818134497897276 0.6067269414852812
0.438181318386633 0.6067269228706433
0.438181318386633 0.6067269228706433
0.4380779515434747 0.6066545660804324
0.43802499027536357 0.6066174931927547
0.43806711695242545 0.606646981866698
0.4379798850606024 0.6065859195424219
0.4379238064720308 0.6065466645304217
0.437870716867849 0.6065095018074944
0.4378204459829981 0.6064743121880989
0.4377728339255452 0.6064409837478818
0.4377277305336491 0.6064094113735546
0.4377393043855264 0.6064175130698686
0.4376523326291872 0.6063566328404313
0.4376095424638623 0.6063266797247039
0.43762072859212436 0.6063345100144872
0.43753479606341666 0.6062743572443918
0.43754565376020205 0.6062819576321417
0.43752847543749823 0.606269932806249
0.43748782333748837 0.606241476336242
0.4374492882153658 0.6062145017507563
0.4374127528672503 0.6061889270070754
0.4374229480864562 0.6061960636605195
0.43734331802836585 0.6061403226198563
0.43730863156089667 0.6061160420926278
0.43731849412943746 0.6061229458906064
0.4372401479598603 0.6060681035719024
0.43724972268977136 0.6060748058828401
0.4371729541598411 0.6060210679118889
0.4371399811391577 0.6059979867974106
0.43710870146893716 0.6059760910282561
0.437117923407064 0.605982546384945
0.4371089636556764 0.6059762745589736
0.4370792530619589 0.6059554771433714
0.4370510587607242 0.605935741132507
0.4370597700231124 0.6059418390161788
0.43698864474076504 0.6058920513185356
0.43696185712831065 0.6058732999898175
0.43697028860445475 0.6058792020231184
0.4369007455748588 0.6058305219024012
0.43687529114265 0.6058127037998551
0.43688344943464164 0.6058184146042492
0.4369007252422903 0.6058305076696033
0.4368328333179272 0.6057829833225491
0.4368407483098103 0.6057885238168673
0.43687972104648326 0.6058158047325384
0.43623720550010303 0.6053660438500722
0.43623311549547544 0.6053631808468329
0.43624292317264335 0.6053700462208503
0.43620668305860155 0.6053446781410211
0.4361927363902106 0.6053349154731474
0.43618339601538486 0.6053283772107694
0.4361821444851164 0.6053275011395816
0.43610112777051513 0.6052707894393606
0.43581935220078344 0.6050735465405485
0.43576729199061504 0.6050371043934305
0.43549854366014884 0.6048489805621042
0.43561514347275215 0.6049306004309265
0.4353599548288046 0.6047519683801632
0.43531182822286296 0.6047182797560041
0.43540063878855945 0.6047804471519918
0.4354850810908061 0.6048395567635644
0.435242621243397 0.604669834870378
0.43534937949965496 0.6047445656497585
0.435119948624202 0.6045839640369415
0.4352138490498333 0.6046496943348834
0.43529472805072655 0.6047063096355088
0.43507754144164834 0.604554279009154
0.435159638537141 0.6046117469759988
0.43495471779354317 0.6044683024554803
0.4349166604041127 0.604441662282879
0.4349936968749162 0.6044955878124414
0.43506709062028964 0.6045469634342029
0.4348725780759675 0.6044108046531773
0.43483464808430383 0.6043842536590128
0.4349045249212755 0.6044331674448931
0.43472045626099237 0.6043043193826948
0.4347987957827202 0.6043591570479043
0.43462540424689255 0.6042377829728249
0.4345905720056768 0.6042134004039739
0.43465694023525303 0.6042598581646773
0.4344929291840785 0.6041450504288551
0.4345643679264134 0.6041950575484896
0.4344099968081405 0.6040869977656985
0.43437804855126105 0.6040646339858828
0.4342326372523633 0.6039628460766544
0.434200890292347 0.6039406232046429
0.43406395471712445 0.6038447683019872
0.4340325213129145 0.6038227649190403
0.4339035875177551 0.6037325112624287
0.4338725630627744 0.6037107941439421
0.4337511716414574 0.6036258201490202
0.4338242248730226 0.603676957411116
0.4337100694506365 0.6035970486154457
0.43377428199456436 0.6036419973961952
0.4336669233585608 0.6035668463509927
0.4300866023057943 0.6010606216140562
0.43009695559916694 0.6010678689194171
0.430102124048825 0.6010714868341777
0.43010209813428263 0.601071468693998
0.4300991193741996 0.60106938356194
0.4300004493096737 0.6010003145167717
0.4299487291176585 0.6009641103823611
0.429837701391457 0.6008863909740201
0.4298134875236983 0.6008694412665889
0.42979049526201774 0.6008533466834125
0.4297686600569368 0.6008380620398559
0.4297479210128794 0.6008235447090158
0.42975551255349653 0.6008288587874477
0.4296489050822843 0.6007542335575992
0.4296291860187165 0.6007404302131018
0.4296365275707854 0.6007455692995499
0.42976990144086163 0.6008389310086033
0.42975115039085277 0.6008258052735972
0.42973333416555365 0.6008133339158878
0.42974028359245625 0.6008181985147196
0.42964144829197815 0.600749013804385
0.42962450349334474 0.6007371524453415
0.42963123018049176 0.6007418611263444
0.42975164725409226 0.6008261530778648
0.4297355299181528 0.6008148709427071
0.42972021118148884 0.6008041478270424
0.42972658189294777 0.6008086073250636
0.4296350535083796 0.600744537455866
0.4296204804717837 0.6007343363302488
0.42962665242118475 0.6007386566948295
0.4295390253593224 0.6006773177515259
0.4295251607283511 0.6006676125098459
0.42953113807920296 0.6006717966554422
0.4296424505818756 0.6007497154073131
0.4296292590262832 0.6007404813183983
0.42961671647759564 0.6007317015343171
0.4296223808396644 0.6007356665877652
0.42954129000061925 0.6006789030004336
0.4295293547680509 0.6006705483376357
0.42953484515085133 0.600674391605596
0.42963460798682146 0.6007442255907751
0.42962325000287804 0.6007362750020148
0.4296124482718202 0.6007287137902744
0.4296176531155065 0.6007323571808547
0.42954267680615016 0.6006798737643052
0.429532396339773 0.6006726774378413
0.4295374454583587 0.6006762118208512
0.42957722389569414 0.6007040567269859
0.4295053414599645 0.6006537390219753
0.42949555661576766 0.6006468896310375
0.43191803104378745 0.6023426217306513
0.4319137521625568 0.6023396265137899
0.42933055833088785 0.6005313908316217
0.4301378514685132 0.6010964960279592
0.43010190789325864 0.6010713355252811
0.4300873149050903 0.6010611204335634
0.4300785656274138 0.6010549959391899
0.4300773999515628 0.601054179966094
0.4299952656203966 0.6009966859342777
0.429894286682008 0.6009260006774056
0.43025155839565105 0.6011760908769558
0.4301565645742239 0.6011095952019568
0.4300955734238444 0.6010669013966912
0.43000605972502787 0.6010042418075197
0.4299478114435031 0.6009634680104522
0.4298634439899078 0.6009044107929356
0.4298078277153943 0.6008654794007761
0.4297282923412399 0.600809804638868
0.4296751995998132 0.6007726397198694
0.4296002011473613 0.6007201408031531
0.42954952617922754 0.6006846683254594
0.4296086061085187 0.6007260242759631
0.4295373679575542 0.600676157570288
0.4294890079611215 0.6006423055727851
0.42942178940362785 0.6005952525825394
0.42937564471129336 0.6005629512979054
0.4293122023650575 0.6005185416555403
0.4292681765624484 0.600487723593714
0.42920828242455084 0.6004457976971856
0.4291662824231488 0.6004163976962043
0.4291097229850418 0.6003768060895294
0.42906965905657685 0.6003487613396038
0.42901623443572073 0.6003113641050046
0.42935824861465605 0.6005507740302592
0.42930784887143725 0.6005154942100062
0.429631875147312 0.6007423126031185
0.4295843162813847 0.6007090213969694
0.4298896757065092 0.6009227729945564
0.42984478576734114 0.6008913500371389
0.43013112156830985 0.6010917850978169
0.43008873984356377 0.6010621178904947
0.43035598158246213 0.6012491871077236
0.4303159578335607 0.6012211704834926
0.4305642829214247 0.6013949980449972
0.43052647666607696 0.6013685336662539
0.43075627121031307 0.601529389847219
0.43072055105102036 0.6015043857357142
0.43093237163236825 0.6016526601426578
0.4308986146293914 0.6016290302405739
0.4310931522137966 0.6017652065496577
0.4362005519475085 0.605340386363256
0.4362168696899921 0.6053518087829944
0.43622618058618 0.6053583264103259
0.4362314281852015 0.605361999729641
0.4362314035630378 0.6053619824941265
0.43622842155598535 0.6053598950891897
0.43622842155598535 0.6053598950891897
0.43422939312931935 0.6039605751905237
0.4342264535084188 0.6039585174558932
0.4358965141435282 0.6051275599004697
0.43584677580394454 0.6050927430627613
0.43578664247108795 0.6050506497297616
0.43564856384862216 0.6049539946940357
0.4355180388275163 0.6048626271792614
0.4355240468223322 0.6048668327756326
0.43546574192849924 0.6048260193499495
0.43534233525248456 0.6047396346767393
0.4352256964734008 0.6046579875313807
0.4351154549161564 0.6045808184413095
0.4350112557256688 0.6045078790079683
0.4349127604505151 0.6044389323153607
0.4348196472585861 0.6043737530810104
0.43482524162016317 0.6043776691341144
0.43491880896943746 0.6044431662786064
0.4348307375760318 0.6043815163032222
0.4347474546580267 0.6043232182606187
0.4347527059045794 0.6043268941332057
0.43483428475074604 0.6043839993255224
0.43483927568062486 0.6043874929764375
0.4347847295730571 0.6043493107011401
0.43470590004447696 0.604294130031134
0.4346313297858594 0.6042419308501017
0.4345607758936735 0.6041925431255716
0.4345655277516095 0.6041958694261268
0.43463796510299985 0.6042465755721
0.43457117179761584 0.6041998202583312
0.43450795131202685 0.6041555659184189
0.4345124173346043 0.6041586921342231
0.43454931093641963 0.6041845176554939
0.4344977925646123 0.6041484547952287
0.4344379181672443 0.6041065427170711
0.434381223783968 0.6040668566487778
0.4343855115136575 0.6040698580595605
0.4343358764546314 0.6040351135182421
0.4342821610254272 0.6039975127177992
0.43428629932568713 0.6040004095279812
0.43435182565944275 0.6040462779616101
0.43430092262571873 0.6040106458380032
0.4342526941498256 0.6039768859048781
0.4342565897301568 0.6039796128111099
0.43653204047083877 0.6055724283295872
0.4365256562500704 0.6055679593750494
0.4365217055045377 0.6055651938531765
0.4372726725821671 0.6060908708075171
0.43723777193873004 0.6060664403571112
0.43722462697378295 0.6060572388816482
0.4372164247966222 0.6060514973576356
0.43721533768201115 0.6060507363774079
0.43714555779893355 0.6060018904592536
0.4368513298482725 0.6057959308937908
0.43682915343685913 0.6057804074058014
0.4365424038990931 0.6055796827293652
0.4365206132060023 0.6055644292442016
0.43657490740615523 0.6056024351843087
0.4366263035305648 0.6056384124713954
0.43635056588478377 0.6054453961193487
0.4363291755600448 0.6054304228920314
0.43606346971571514 0.6052444288010006
0.4362351031624235 0.6053645722136964
0.4362865584139343 0.6054005908897541
0.4360322222623055 0.6052225555836139
0.4360114445646967 0.6052080111952878
0.4357683773835664 0.6050378641684965
0.4359272831690148 0.6051490982183104
0.43597792257981527 0.6051845458058708
0.4357465194364696 0.6050225636055288
0.43589211788203924 0.6051244825174276
0.43567223147639533 0.6049705620334768
0.43565256013506554 0.6049567920945458
0.43544401803649874 0.604810812625549
0.43542482183558473 0.6047973752849093
0.4352273917212513 0.6046591742048759
0.4352086719870225 0.6046460703909158
0.4350220282191346 0.6045154197533942
0.43500378507871057 0.6045026495550975
0.43482753737991253 0.6043792761659388
0.43480976985797287 0.6043668389005811
0.4346434857228227 0.6042504400059758
0.43462619183425766 0.6042383342839803
0.4346764512434129 0.6042735158703891
0.4345192704610784 0.6041634893227549
0.4345024472994449 0.6041517131096115
0.4343542847774075 0.6040479993441853
0.4343379285991088 0.6040365500193762
0.43419832056668184 0.6039388243966772
0.43433982227592277 0.604037875593146
0.43420835649946915 0.6039458495496285
0.434192807561566 0.6039349652930962
0.4340689820524495 0.6038482874367147
0.4340538903980423 0.6038377232786296
0.438969314960543 0.6072785204723801
0.438983514378903 0.6072884600652321
0.438991903983546 0.6072943327884822
0.43897889442811533 0.6072852260996807
0.43898373665986135 0.607288615661903
0.438983688809834 0.6072885821668838
0.43898080433441855 0.607286563034093
0.43894536149194063 0.6072617530443585
0.4485022945777302 0.6139516062044111
0.44840617080086526 0.6138843195606057
0.4483604499009314 0.6138523149306521
0.44831711456200257 0.6138219801934018
0.4482760327116152 0.6137932228981307
0.4482370801075202 0.6137659560752642
0.4482001398531949 0.6137400978972364
0.44816510194116854 0.613715571358818
0.4481318628234114 0.613692303976388
0.44810032500783253 0.6136702275054828
0.44807039667979626 0.6136492776758574
0.4480692391126792 0.6136484673788754
0.4479701242908989 0.6135790870036292
0.4479417226744605 0.6135592058721224
0.4479409407945548 0.6135586585561884
0.44784019926806434 0.613488139487645
0.44781324139259754 0.6134692689748183
0.44781279860706485 0.6134689590249455
0.4477111871340437 0.6133978309938306
0.4476855949784684 0.6133799164849278
0.44768545766844325 0.6133798203679103
0.44758363441124144 0.6133085440878691
0.44755933457715136 0.613291534204006
0.44755947186176176 0.6132916303032332
0.4474580045483414 0.613220603183839
0.4474349279559217 0.6132044495691453
0.44743531147564053 0.6132047180329485
0.4473346855751272 0.6131342799025891
0.44731276718044 0.613118937026308
0.4473133708981581 0.6131193596287108
0.4472929703028251 0.6131050792119777
0.4472721488350637 0.6130905041845447
0.4472523684583552 0.6130766579208486
0.44725293924477855 0.613077057471345
0.4472255353491391 0.6130578747443975
0.4472067405513278 0.6130447183859296
0.4471888814872588 0.6130322170410812
0.4566573472915669 0.6196601431040969
0.45666281569878237 0.6196639709891476
0.4566517909318804 0.6196562536523164
0.45664119338688436 0.6196488353708192
0.45664578259194466 0.6196520478143613
0.45713622582250585 0.6199953580757542
0.4571328084432896 0.6199929659103027
0.4578280059258734 0.6204796041481114
0.45779427721119903 0.6204559940478394
0.4577805616631516 0.6204463931642061
0.457772866470835 0.6204410065295846
0.45777185190018727 0.6204402963301312
0.45770917644137565 0.6203964235089631
0.45744461422305077 0.6202112299561356
0.45743983219999274 0.6202078825399949
0.4571607646256915 0.6200125352379842
0.4572832430810526 0.6200982701567369
0.45699617483132166 0.6198973223819253
0.4571087517113276 0.6199761261979294
0.45681894043381643 0.6197732583036716
0.45681282109575694 0.61976897476703
0.45652440656029014 0.6195670845922032
0.4566284886251625 0.6196399420376139
0.4563447016344694 0.6194412911441287
0.45633803488426444 0.6194366244189852
0.4560612642254523 0.6192428849578168
0.4560544135736194 0.6192380895015337
0.4557864093031874 0.6190504865122313
0.45577940669298955 0.6190455846850929
0.45552138166029643 0.6188649671622076
0.4555142564781855 0.6188599795347299
0.4552669934235916 0.6186868953965142
0.4552597726791948 0.6186818408754364
0.45502371517100165 0.6185166006197013
0.4550164236619427 0.61851149656336
0.45479175192897614 0.6183542263502834
0.4548913594626737 0.6184239516238716
0.4546780789276888 0.6182746552493823
0.4546706886893277 0.6182694820825295
0.45446859900326037 0.6181280193022823
0.4545601759365109 0.6181921231555577
0.45436902314946526 0.6180583162046258
0.4544524824347507 0.6181167377043256
0.4545000567285156 0.618150039709961
0.4543191955410349 0.6180234368787245
0.4543118687860903 0.6180183081502634
0.4541411000987863 0.6178987700691504
0.4542176371927464 0.6179523460349226
0.4540565561896929 0.617839589332785
0.454126098338041 0.6178882688366288
0.45397424947724696 0.6177819746340729
0.4540373465749454 0.6178261426024618
0.45408301815786395 0.6178581127105048
0.45393956283488424 0.617757693984419
0.45393265730971794 0.6177528601168026
0.45868973119236783 0.6210828118346575
0.45866378471413993 0.621064649299898
0.45867859880991135 0.621075019166938
0.45868614627225773 0.6210803023905804
0.4586910593648679 0.6210837415554076
0.45869101389593275 0.6210837097271529
0.4548083864970223 0.6183658705479157
0.45480833679997434 0.6183658357599822
0.4548032121322977 0.6183622484926085
0.4547713383247974 0.6183399368273582
0.4547543157854834 0.6183280210498385
0.4546691259858205 0.6182683881900743
0.45462082618867206 0.6182345783320705
0.45457378486914046 0.6182016494083984
0.4545979182937292 0.6182185428056105
0.4546160794419931 0.6182312556093953
0.45462895146117727 0.6182402660228241
0.45459019251623745 0.6182131347613662
0.45455239148123683 0.6181866740368658
0.45451559083150656 0.6181609135820546
0.4545299928875774 0.6181709950213042
0.4544960660317401 0.6181472462222181
0.4545079024292481 0.6181555317004737
0.45447661368787234 0.6181336295815106
0.45448617547299897 0.6181403228310993
0.4544922460631757 0.6181445722442229
0.45446485215147964 0.6181253965060358
0.4544692862912944 0.6181285004039061
0.4544709990465904 0.6181296993326133
0.4544469804113881 0.6181128862879717
0.45442359383240455 0.6180965156826833
0.4544253451612581 0.6180977416128807
0.45440372102750515 0.6180826047192536
0.4544043837170404 0.6180830686019283
0.4544048435450753 0.6180833904815527
0.45431946498857745 0.6180236254920043
0.4543182187024788 0.6180227530917353
0.45431533323707946 0.6180207332659557
0.4543110483511586 0.618017733845811
0.45430557830610524 0.6180139048142738
0.4542991140642279 0.6180093798449595
0.45429182536444646 0.6180042777551126
0.45428386266840387 0.6179987038678828
0.45427535897414534 0.6179927512819019
0.4542619416468575 0.6179833591528003
0.45426248867488656 0.6179837420724207
0.45424055025942106 0.6179683851815948
0.45423226289472024 0.6179625840263043
0.45422362071518607 0.6179565345006303
0.4542147156666555 0.6179503009666589
