start: timesteps=10000, intervals=100, runs=1
run time: 1.7581005096435547 secs
1
1.0 1
1.0 1.0000000000000002
0.977663016367381 0.977663016367381
0.9646286435434545 0.9646286435434545
0.9574984632853919 0.9574984632853919
0.9537107502074338 0.9537107502074338
0.9389706934424277 0.9389706934424277
0.9248829916257162 0.9248829916257162
0.9128235879904477 0.9128235879904478
0.8987358861737362 0.8987358861737362
0.88520985883799 0.88520985883799
0.8687051680443844 0.8687051680443844
0.8454949770867363 0.8454949770867364
0.8282269703383127 0.8282269703383127
0.8461538803302662 0.8461538803302662
0.8589588160388043 0.8589588160388043
0.8483688390702299 0.8483688390702299
0.8592958979696839 0.859295897969684
0.8500295587398456 0.8500295587398456
0.8595579417612667 0.8595579417612667
0.8513211863919306 0.8513211863919307
0.8597675683460011 0.8597675683460011
0.8509998027067702 0.8509998027067702
0.8422320022372588 0.8422320022372588
0.8315010792510746 0.8315010792510747
0.8240879991036175 0.8240879991036175
0.8342422698208175 0.8342422698208177
0.8262715313113024 0.8262715313113026
0.8165161356587227 0.8165161356587227
0.8097769714498251 0.809776971449825
0.801806231982739 0.8018062319827389
0.7920508357530429 0.7920508357530429
0.7794739504840593 0.7794739504840593
0.7668971477305702 0.76689714773057
0.7571423135063651 0.7571423135063651
0.7491720942711446 0.7491720942711446
0.7394169815925782 0.7394169815925782
0.7268403635026437 0.7268403635026437
0.7091157715009299 0.7091157715009299
0.6965393511431605 0.6965393511431605
0.6662387748497629 0.6662387748497628
0.6485128207923075 0.6485128207923075
0.7061669721237419 0.7061669721237419
0.6884525919092259 0.6884525919092259
0.6817477316297599 0.6817477316297599
0.6726076317177447 0.6726076317177448
0.659495228016903 0.659495228016903
0.6493638292946838 0.6493638292946838
0.6429199453577438 0.6429199453577438
0.6429199453577438 0.6429199453577438
0.5664913936641935 0.5664913936641935
0.5205977945547285 0.5205977945547285
0.4905875399162181 0.4905875399162181
0.49057428781898726 0.49057428781898726
0.49042586384023357 0.49042586384023357
0.49041335649894785 0.49041335649894785
0.49027394983537453 0.4902739498353746
0.4902621398126205 0.4902621398126205
0.4901311244062959 0.4901311244062959
0.49011996779375816 0.4901199677937582
0.49172440902092346 0.49172440902092346
0.49158675917739697 0.49158675917739697
0.4914567484367663 0.4914567484367663
0.49133391474435373 0.49133391474435373
0.49143794053163603 0.49143794053163603
0.4914211113757838 0.4914211113757838
0.4913042940821492 0.4913042940821492
0.4911938504546349 0.4911938504546348
0.4910894026785669 0.4910894026785669
0.4909905974889305 0.4909905974889304
0.4908971044721935 0.4908971044721934
0.4908086144810179 0.49080861448101787
0.49072483815706536 0.4907248381570653
0.49082036871963436 0.4908203687196343
0.4908043563585094 0.49080435635850933
0.49089599678845214 0.49089599678845214
0.49088098762303256 0.49088098762303256
0.490800671149896 0.490800671149896
0.49072458827576637 0.49072458827576637
0.490652499337014 0.490652499337014
0.49058417955828526 0.4905841795582852
0.49067035313955054 0.49067035313955054
0.4906561708145779 0.4906561708145779
0.4905910316549075 0.4905910316549074
0.4905292701688726 0.4905292701688726
0.49061118469422427 0.4906111846942243
0.4905978304445054 0.4905978304445054
0.4905389332158585 0.49053893321585856
0.4904830667214284 0.4904830667214284
0.4905609703246786 0.49056097032467866
0.4905483906791128 0.4905483906791128
0.49062303664461415 0.49062303664461415
0.49061121779199834 0.4906112177919984
0.4905576650099326 0.49055766500993264
0.4905068473023914 0.49050684730239147
0.4904586170643386 0.49045861706433863
0.4904128353272519 0.49041283532725194
0.49048338290512644 0.4904833829051265
0.49047220522230983 0.4904722052223099
0.4904285296629977 0.49042852966299777
