start: timesteps=10000, intervals=100, runs=1
run time: 1.6870965957641602 secs
1
1.0 1
0.9357849769928175 0.9357849769928177
0.9357849769928175 0.9357849769928177
0.8987195923007141 0.8987195923007141
0.9110748316224301 0.9110748316224301
0.9172532312893309 0.9172532312893309
0.9209596470846371 0.9209596470846371
0.9061336793286328 0.906133679328633
0.8885991970111478 0.888599197011148
0.8737810520802524 0.8737810520802525
0.884115615115216 0.884115615115216
0.8695040183036669 0.8695040183036667
0.8516195562960833 0.8516195562960833
0.8392644964988646 0.8392644964988646
0.8162075779040197 0.8162075779040197
0.8015945889566776 0.8015945889566775
0.783709745194735 0.7837097451947348
0.7606521790889773 0.7606521790889772
0.7460391579631084 0.7460391579631082
0.7336840235801293 0.7336840235801292
0.7190710018539141 0.719071001853914
0.7011861190526014 0.7011861190526013
0.6686885422411099 0.6686885422411097
0.6361920660396027 0.6361920660396025
0.5806371413510056 0.5806371413510055
0.5575795101796346 0.5575795101796345
0.5250816072525374 0.5250816072525372
0.5071967135346519 0.5071967135346517
0.4841390764735487 0.4841390764735484
0.4285835622568926 0.4285835622568923
0.4285835622568926 0.4285835622568923
0.5342917181771067 0.5342917181771064
0.639998698191156 0.6399986981911557
0.6401372133562853 0.640137213356285
0.6401372133562853 0.640137213356285
0.5845899743050527 0.5845899743050524
0.5667072187387077 0.5667072187387073
0.6724028562194544 0.6724028562194543
0.6724028562194544 0.6724028562194543
0.6493619925621927 0.6493619925621924
0.6370697487165051 0.6370697487165048
0.6801397700278046 0.6801397700278046
0.7124422860112791 0.7124422860112791
0.7032806987989763 0.7032806987989763
0.6940770945229059 0.6940770945229059
0.6831274513652903 0.6831274513652902
0.658765678875468 0.658765678875468
0.6171609945381589 0.6171609945381589
0.6037692561137132 0.6037692561137132
0.5865125770064274 0.5865125770064274
0.5204163352575794 0.5204163352575794
0.4626111150182233 0.4626111150182233
0.416518064718877 0.41651806471887703
0.4165176771821722 0.41651767718217225
0.4165129614764288 0.4165129614764288
0.41651260030876597 0.4165126003087659
0.41650823316709173 0.41650823316709173
0.42901153710134304 0.4290115371013431
0.4288250748240049 0.4288250748240049
0.43069980915759176 0.43069980915759176
0.3915454232121745 0.3915454232121745
0.35891665008675894 0.3589166500867589
0.3313076882114073 0.33130768821140727
0.33130768769015956 0.33130768769015945
0.3313076872161755 0.3313076872161754
0.34188804017697483 0.3418880401769747
0.31746747628627575 0.3174674762862756
0.31779352194451993 0.31779352194451976
0.31747607474889467 0.31747607474889455
0.31747607420480317 0.317476074204803
0.3171797002120082 0.3171797002120081
0.3171796997203652 0.3171796997203651
0.31690293114538 0.3169029311453799
0.3169029307000179 0.3169029307000178
0.31664438613063883 0.3166443861306387
0.3166443857262396 0.31664438572623954
0.31693928581593567 0.31693928581593556
0.31669215675744317 0.3166921567574431
0.31833267171968577 0.31833267171968566
0.29711049449732196 0.2971104944973219
0.2970413983099348 0.29704139830993476
0.2970413982579903 0.2970413982579903
0.29697831876497366 0.29697831876497366
0.2969783187183231 0.29697831871832303
0.29692062505113415 0.29692062505113415
0.29692062500912075 0.29692062500912075
0.29686776294208855 0.2968677629420886
0.2968677629041507 0.2968677629041506
0.29681924447622793 0.2968192444762279
0.2968192444418833 0.29681924444188323
0.29677463909788243 0.2967746390978824
0.29677463906671564 0.2967746390667156
0.2967335660835949 0.29673356608359486
0.2967335660552469 0.29673356605524687
0.2966956880560829 0.2966956880560828
0.2966956880302422 0.29669568803024216
0.29666070541982814 0.29666070541982814
0.3181758898517454 0.31817588985174533
0.31814362871575846 0.3181436287157584
0.3183364719266029 0.3183364719266028
