start: timesteps=10000, intervals=100, runs=1
run time: 1.7330992221832275 secs
1
1.0 1
1.6476052891376547e-05 1.6476052891376547e-05
1.5906837856963226e-05 1.5906837856963226e-05
1.5382878665675717e-05 1.5382878665675717e-05
1.4899796116644775e-05 1.4899796116644775e-05
1.445371394966226e-05 1.445371394966226e-05
1.4041192633332757e-05 1.4041192633332757e-05
1.3659172876591639e-05 1.3659172876591639e-05
1.330492729931104e-05 1.330492729931104e-05
1.2976018971100936e-05 1.2976018971100936e-05
0.15178948241724438 0.15178948241724438
0.07590297923506788 0.07590297923506788
0.07416207207403591 0.07416207207403591
0.07416174029795293 0.07416174029795293
0.07252551174069466 0.07252551174069466
0.07252520824860623 0.07252520824860623
0.07098705084088744 0.07098705084088744
0.07098677269053154 0.07098677269053155
0.06954045198662046 0.06954045198662047
0.06954019659754059 0.06954019659754059
0.06817984806534053 0.06817984806534053
0.0681796131681294 0.06817961316812941
0.0668997336077404 0.06689973360774042
0.06689951720119779 0.0668995172011978
0.0656949523575821 0.06569495235758212
0.06569475267243922 0.06569475267243924
0.06456068232570807 0.06456068232570808
0.06456049779381792 0.06456049779381794
0.0634924192992866 0.06349241929928662
0.06349224852737942 0.06349224852737943
0.06248595953442443 0.06248595953442444
0.06248580128168741 0.06248580128168743
0.06153738217143666 0.06153738217143668
0.06153723533030688 0.061537235330306896
0.06064303176589012 0.060643031765890136
0.060642895345556065 0.06064289534555608
0.059799501215956244 0.05979950121595626
0.05979937432814819 0.05979937432814821
0.05900361528036758 0.0590036152803676
0.05900349712708794 0.05900349712708795
0.058252414815629316 0.05825241481562933
0.05825230467853203 0.05825230467853205
0.057543141811573904 0.057543141811573925
0.057543039042748705 0.05754303904274872
0.05687322526725403 0.056873225267254045
0.05687312928121089 0.05687312928121091
0.0562402679217668 0.05624026792176682
0.05624017818844854 0.056240178188448564
0.055642033834655685 0.055642033834655706
0.05564194987333305 0.05564194987333307
0.1364138129813806 0.13641381298138064
0.4028708772984655 0.4028708772984655
0.5360994855403146 0.5360994855403146
0.5175667944000886 0.5175667944000886
0.49903410749963273 0.49903410749963273
0.5863842813982696 0.5863842813982697
0.5715581275214282 0.5715581275214283
0.5540225171287328 0.5540225171287331
0.5364868917776902 0.5364868917776903
0.6030365726468779 0.6030365726468782
0.5851516814047851 0.5851516814047854
0.5620940463696386 0.5620940463696388
0.5497389119866595 0.5497389119866597
0.5351258902604443 0.5351258902604447
0.5026279996379026 0.502627999637903
0.48474313474688574 0.484743134746886
0.4616856630321556 0.4616856630321558
0.4470734494309998 0.447073449431
0.5168898752680046 0.5168898752680048
0.5062998982994301 0.5062998982994305
0.49097102908956547 0.49097102908956575
0.4784457748590811 0.4784457748590813
0.45868277786083433 0.4586827778608346
0.4308288075679255 0.43082880756792574
0.38321704054245886 0.38321704054245903
0.36789591473916816 0.36789591473916833
0.43888633569874597 0.43888633569874613
0.42962570279322687 0.4296257027932271
0.41866854198356085 0.41866854198356107
0.4013881217071036 0.4013881217071038
0.38804824156469175 0.38804824156469186
0.44921620337923723 0.44921620337923746
0.49790537529243395 0.4979053752924341
0.4908615243840782 0.4908615243840783
0.4857291932897277 0.48572919328972786
0.5324810848088434 0.5324810848088435
0.5714409944081064 0.5714409944081066
0.5677181638026698 0.56771816380267
0.56259815529397 0.5625981552939702
0.5559879580874456 0.5559879580874457
0.5504101034032631 0.5504101034032634
0.5504101034032631 0.5504101034032634
0.5504101034032631 0.5504101034032634
0.5463541754459522 0.5463541754459523
0.5421066623690912 0.5421066623690914
0.5421066623690912 0.5421066623690914
0.5421066623690912 0.5421066623690914
0.5114888400389626 0.5114888400389627
0.549066621574427 0.5490666215744271
0.549066621574427 0.5490666215744271
