1
q_values: {}
states: set()
1.0 1

q_values: {((5, 0), 5): 6}
states: {(5, 0)}
0.05748392070576289 0.05748392070576289

q_values: {((6, 0), 4): 7, ((5, 0), 5): 6}
states: {(6, 0), (5, 0)}
0.040947568819331245 0.04094756881933124

q_values: {((6, 0), 4): 7, ((7, 0), 4): 8, ((5, 0), 5): 6}
states: {(7, 0), (6, 0), (5, 0)}
0.030678674978293005 0.030678674978293

q_values: {((6, 0), 4): 7, ((7, 0), 4): 8, ((8, 0), 6): 8, ((5, 0), 5): 6}
states: {(8, 0), (7, 0), (6, 0), (5, 0)}
0.025544228057773885 0.025544228057773878

q_values: {((6, 0), 4): 7, ((7, 0), 4): 8, ((8, 0), 6): 8.02, ((5, 0), 5): 6}
states: {(8, 0), (7, 0), (6, 0), (5, 0)}
0.025499657982442876 0.025499657982442872

q_values: {((6, 0), 4): 7, ((7, 0), 4): 8, ((8, 0), 6): 8.03905, ((5, 0), 5): 6}
states: {(8, 0), (7, 0), (6, 0), (5, 0)}
0.025457920662590693 0.025457920662590686

q_values: {((6, 0), 4): 7, ((7, 0), 4): 8, ((8, 0), 6): 8.057195125, ((5, 0), 5): 6}
states: {(8, 0), (7, 0), (6, 0), (5, 0)}
0.025418804754999115 0.025418804754999108

q_values: {((6, 0), 4): 7, ((7, 0), 4): 8, ((8, 0), 6): 8.0744783565625, ((5, 0), 5): 6}
states: {(8, 0), (7, 0), (6, 0), (5, 0)}
0.02538211762641502 0.025382117626415013

q_values: {((8, 0), 0): 7, ((6, 0), 4): 7, ((7, 0), 4): 8, ((8, 0), 6): 8.0744783565625, ((5, 0), 5): 6}
states: {(8, 0), (7, 0), (6, 0), (5, 0)}
0.09268188000040814 0.09268188000040815

q_values: {((8, 0), 0): 7, ((6, 0), 4): 7, ((7, 0), 4): 8.020186195891407, ((8, 0), 6): 8.0744783565625, ((5, 0), 5): 6}
states: {(8, 0), (7, 0), (6, 0), (5, 0)}
0.09263689862207751 0.09263689862207751

q_values: {((8, 0), 0): 7.020050465489729, ((6, 0), 4): 7, ((7, 0), 4): 8.020186195891407, ((8, 0), 6): 8.0744783565625, ((5, 0), 5): 6}
states: {(8, 0), (7, 0), (6, 0), (5, 0)}
0.09311882126599298 0.09311882126599298

q_values: {((8, 0), 0): 7.020050465489729, ((6, 0), 4): 7, ((7, 0), 4): 8.039363081988244, ((8, 0), 6): 8.0744783565625, ((5, 0), 5): 6}
states: {(8, 0), (7, 0), (6, 0), (5, 0)}
0.093076815074334 0.09307681507433402

q_values: {((8, 0), 0): 7.039146349920213, ((6, 0), 4): 7, ((7, 0), 4): 8.039363081988244, ((8, 0), 6): 8.0744783565625, ((5, 0), 5): 6}
states: {(8, 0), (7, 0), (6, 0), (5, 0)}
0.09353152149201024 0.09353152149201026

q_values: {((8, 0), 0): 7.039146349920213, ((6, 0), 4): 7, ((7, 0), 4): 8.057581123780238, ((8, 0), 6): 8.0744783565625, ((5, 0), 5): 6}
states: {(8, 0), (7, 0), (6, 0), (5, 0)}
0.09349226035139403 0.09349226035139405

q_values: {((8, 0), 0): 7.0573329852336535, ((6, 0), 4): 7, ((7, 0), 4): 8.057581123780238, ((8, 0), 6): 8.0744783565625, ((5, 0), 5): 6}
states: {(8, 0), (7, 0), (6, 0), (5, 0)}
0.09392127307454012 0.09392127307454014

q_values: {((8, 0), 0): 7.0573329852336535, ((6, 0), 4): 7, ((7, 0), 4): 8.074888263482633, ((8, 0), 6): 8.0744783565625, ((5, 0), 5): 6}
states: {(8, 0), (7, 0), (6, 0), (5, 0)}
0.09388454793625389 0.0938845479362539

q_values: {((8, 0), 0): 7.074653556630677, ((6, 0), 4): 7, ((7, 0), 4): 8.074888263482633, ((8, 0), 6): 8.0744783565625, ((5, 0), 5): 6}
states: {(8, 0), (7, 0), (6, 0), (5, 0)}
0.09428931846547477 0.09428931846547478

q_values: {((8, 0), 0): 7.074653556630677, ((6, 0), 4): 7, ((7, 0), 4): 8.091330046199907, ((8, 0), 6): 8.0744783565625, ((5, 0), 5): 6}
states: {(8, 0), (7, 0), (6, 0), (5, 0)}
0.09425493911762435 0.09425493911762436

q_values: {((8, 0), 0): 7.091149203914643, ((6, 0), 4): 7, ((7, 0), 4): 8.091330046199907, ((8, 0), 6): 8.0744783565625, ((5, 0), 5): 6}
states: {(8, 0), (7, 0), (6, 0), (5, 0)}
0.09463684826558555 0.09463684826558556

q_values: {((8, 0), 0): 7.091149203914643, ((6, 0), 4): 7, ((7, 0), 4): 8.106949739781317, ((8, 0), 6): 8.0744783565625, ((5, 0), 5): 6}
states: {(8, 0), (7, 0), (6, 0), (5, 0)}
0.09460464135476594 0.09460464135476597

q_values: {((8, 0), 0): 7.106859118068364, ((6, 0), 4): 7, ((7, 0), 4): 8.106949739781317, ((8, 0), 6): 8.0744783565625, ((5, 0), 5): 6}
states: {(8, 0), (7, 0), (6, 0), (5, 0)}
0.09496500020617667 0.0949650002061767

q_values: {((8, 0), 0): 7.106859118068364, ((6, 0), 4): 7, ((7, 0), 4): 8.121788448683658, ((8, 0), 6): 8.0744783565625, ((5, 0), 5): 6}
states: {(8, 0), (7, 0), (6, 0), (5, 0)}
0.0949348074946296 0.09493480749462961

q_values: {((8, 0), 0): 7.121820633286655, ((6, 0), 4): 7, ((7, 0), 4): 8.121788448683658, ((8, 0), 6): 8.0744783565625, ((5, 0), 5): 6}
states: {(8, 0), (7, 0), (6, 0), (5, 0)}
0.09527485885800113 0.09527485885800115

q_values: {((8, 0), 0): 7.121820633286655, ((6, 0), 4): 7, ((7, 0), 4): 8.135885222140882, ((8, 0), 6): 8.0744783565625, ((5, 0), 5): 6}
states: {(8, 0), (7, 0), (6, 0), (5, 0)}
0.09524653568524705 0.09524653568524706

q_values: {((8, 0), 0): 7.136069314677674, ((6, 0), 4): 7, ((7, 0), 4): 8.135885222140882, ((8, 0), 6): 8.0744783565625, ((5, 0), 5): 6}
states: {(8, 0), (7, 0), (6, 0), (5, 0)}
0.09556745592876857 0.09556745592876859

q_values: {((8, 0), 0): 7.136069314677674, ((6, 0), 4): 7, ((7, 0), 4): 8.149277156925244, ((8, 0), 6): 8.0744783565625, ((5, 0), 5): 6}
states: {(8, 0), (7, 0), (6, 0), (5, 0)}
0.0955408698511456 0.09554086985114561

q_values: {((8, 0), 0): 7.149639041836103, ((6, 0), 4): 7, ((7, 0), 4): 8.149277156925244, ((8, 0), 6): 8.0744783565625, ((5, 0), 5): 6}
states: {(8, 0), (7, 0), (6, 0), (5, 0)}
0.09584377103069369 0.0958437710306937

q_values: {((8, 0), 0): 7.149639041836103, ((6, 0), 4): 7, ((7, 0), 4): 8.161999494970388, ((8, 0), 6): 8.0744783565625, ((5, 0), 5): 6}
states: {(8, 0), (7, 0), (6, 0), (5, 0)}
0.0958188006159964 0.09581880061599642

q_values: {((8, 0), 0): 7.162562088481724, ((6, 0), 4): 7, ((7, 0), 4): 8.161999494970388, ((8, 0), 6): 8.0744783565625, ((5, 0), 5): 6}
states: {(8, 0), (7, 0), (6, 0), (5, 0)}
0.09610473281729097 0.09610473281729098

q_values: {((8, 0), 0): 7.162562088481724, ((6, 0), 4): 7, ((7, 0), 4): 8.174085716113275, ((8, 0), 6): 8.0744783565625, ((5, 0), 5): 6}
states: {(8, 0), (7, 0), (6, 0), (5, 0)}
0.09608126657488744 0.09608126657488744

q_values: {((8, 0), 0): 7.1748691983479205, ((6, 0), 4): 7, ((7, 0), 4): 8.174085716113275, ((8, 0), 6): 8.0744783565625, ((5, 0), 5): 6}
states: {(8, 0), (7, 0), (6, 0), (5, 0)}
0.0963512204042027 0.0963512204042027

q_values: {((8, 0), 0): 7.1748691983479205, ((6, 0), 4): 7, ((7, 0), 4): 8.185567626199017, ((8, 0), 6): 8.0744783565625, ((5, 0), 5): 6}
states: {(8, 0), (7, 0), (6, 0), (5, 0)}
0.09632915583371628 0.09632915583371628

q_values: {((8, 0), 0): 7.186589657496022, ((6, 0), 4): 7, ((7, 0), 4): 8.185567626199017, ((8, 0), 6): 8.0744783565625, ((5, 0), 5): 6}
states: {(8, 0), (7, 0), (6, 0), (5, 0)}
0.09658406500245019 0.09658406500245019

q_values: {((8, 0), 0): 7.186589657496022, ((6, 0), 4): 7, ((7, 0), 4): 8.196475440780473, ((8, 0), 6): 8.0744783565625, ((5, 0), 5): 6}
states: {(8, 0), (7, 0), (6, 0), (5, 0)}
0.09656330774639603 0.09656330774639603

q_values: {((8, 0), 0): 7.197751363223172, ((6, 0), 4): 7, ((7, 0), 4): 8.196475440780473, ((8, 0), 6): 8.0744783565625, ((5, 0), 5): 6}
states: {(8, 0), (7, 0), (6, 0), (5, 0)}
0.09680405170430856 0.09680405170430856

q_values: {((8, 0), 0): 7.197751363223172, ((6, 0), 4): 7, ((7, 0), 4): 8.206837864632856, ((8, 0), 6): 8.0744783565625, ((5, 0), 5): 6}
states: {(8, 0), (7, 0), (6, 0), (5, 0)}
0.09678451479204112 0.09678451479204113

q_values: {((8, 0), 0): 7.208380889723595, ((6, 0), 4): 7, ((7, 0), 4): 8.206837864632856, ((8, 0), 6): 8.0744783565625, ((5, 0), 5): 6}
states: {(8, 0), (7, 0), (6, 0), (5, 0)}
0.09701192137221297 0.09701192137221298

q_values: {((8, 0), 0): 7.208380889723595, ((6, 0), 4): 7, ((7, 0), 4): 8.21668216729262, ((8, 0), 6): 8.0744783565625, ((5, 0), 5): 6}
states: {(8, 0), (7, 0), (6, 0), (5, 0)}
0.09699352454422068 0.0969935245442207

q_values: {((8, 0), 0): 7.218503550655647, ((6, 0), 4): 7, ((7, 0), 4): 8.21668216729262, ((8, 0), 6): 8.0744783565625, ((5, 0), 5): 6}
states: {(8, 0), (7, 0), (6, 0), (5, 0)}
0.09720837258988448 0.09720837258988449

q_values: {((8, 0), 0): 7.218503550655647, ((6, 0), 4): 7, ((7, 0), 4): 8.226034254819394, ((8, 0), 6): 8.0744783565625, ((5, 0), 5): 6}
states: {(8, 0), (7, 0), (6, 0), (5, 0)}
0.09719104169290749 0.0971910416929075

q_values: {((8, 0), 0): 7.228143458759914, ((6, 0), 4): 7, ((7, 0), 4): 8.226034254819394, ((8, 0), 6): 8.0744783565625, ((5, 0), 5): 6}
states: {(8, 0), (7, 0), (6, 0), (5, 0)}
0.09739406364237958 0.0973940636423796

q_values: {((8, 0), 0): 7.228143458759914, ((6, 0), 4): 7, ((7, 0), 4): 8.234918737969831, ((8, 0), 6): 8.0744783565625, ((5, 0), 5): 6}
states: {(8, 0), (7, 0), (6, 0), (5, 0)}
0.09737773008706126 0.09737773008706127

q_values: {((8, 0), 0): 7.237323582666843, ((6, 0), 4): 7, ((7, 0), 4): 8.234918737969831, ((8, 0), 6): 8.0744783565625, ((5, 0), 5): 6}
states: {(8, 0), (7, 0), (6, 0), (5, 0)}
0.09756961449817342 0.09756961449817345

q_values: {((8, 0), 0): 7.237323582666843, ((6, 0), 4): 7, ((7, 0), 4): 8.243358996962746, ((8, 0), 6): 8.0744783565625, ((5, 0), 5): 6}
states: {(8, 0), (7, 0), (6, 0), (5, 0)}
0.0975542147720187 0.09755421477201871

q_values: {((8, 0), 0): 7.246065801025908, ((6, 0), 4): 7, ((7, 0), 4): 8.243358996962746, ((8, 0), 6): 8.0744783565625, ((5, 0), 5): 6}
states: {(8, 0), (7, 0), (6, 0), (5, 0)}
0.09773560877182086 0.09773560877182087

q_values: {((8, 0), 0): 7.246065801025908, ((6, 0), 4): 7, ((7, 0), 4): 8.251377243006015, ((8, 0), 6): 8.0744783565625, ((5, 0), 5): 6}
states: {(8, 0), (7, 0), (6, 0), (5, 0)}
0.09772108400114932 0.09772108400114933

q_values: {((8, 0), 0): 7.254390954082127, ((6, 0), 4): 7, ((7, 0), 4): 8.251377243006015, ((8, 0), 6): 8.0744783565625, ((5, 0), 5): 6}
states: {(8, 0), (7, 0), (6, 0), (5, 0)}
0.09789259565032378 0.0978925956503238

q_values: {((8, 0), 0): 7.254390954082127, ((6, 0), 4): 7, ((7, 0), 4): 8.25899457674712, ((8, 0), 6): 8.0744783565625, ((5, 0), 5): 6}
states: {(8, 0), (7, 0), (6, 0), (5, 0)}
0.09787889120569537 0.09787889120569539

q_values: {((8, 0), 0): 7.262318892819889, ((6, 0), 4): 7, ((7, 0), 4): 8.25899457674712, ((8, 0), 6): 8.0744783565625, ((5, 0), 5): 6}
states: {(8, 0), (7, 0), (6, 0), (5, 0)}
0.09804109177018952 0.09804109177018953

q_values: {((8, 0), 0): 7.262318892819889, ((6, 0), 4): 7, ((7, 0), 4): 7.496044847909765, ((8, 0), 6): 8.0744783565625, ((5, 0), 5): 6}
states: {(8, 0), (7, 0), (6, 0), (5, 0)}
0.09998279297454084 0.09998279297454085

q_values: {((8, 0), 0): 7.262318892819889, ((-7, 1), 4): -8, ((5, 0), 5): 6, ((6, 0), 4): 7, ((7, 0), 4): 7.496044847909765, ((8, 0), 6): 8.0744783565625}
states: {(-7, 1), (8, 0), (7, 0), (6, 0), (5, 0)}
0.26718471047197107 0.267184710471971

q_values: {((8, 0), 0): 7.262318892819889, ((-7, 1), 4): -8, ((-8, 1), 0): -7, ((5, 0), 5): 6, ((6, 0), 4): 7, ((7, 0), 4): 7.496044847909765, ((8, 0), 6): 8.0744783565625}
states: {(7, 0), (8, 0), (6, 0), (-7, 1), (5, 0), (-8, 1)}
0.37870160563102734 0.3787016056310273

q_values: {((8, 0), 0): 7.262318892819889, ((-7, 1), 4): -8, ((-8, 1), 0): -7, ((5, 0), 5): 6, ((6, 0), 4): 7, ((7, 0), 4): 7.496044847909765, ((-7, 1), 2): -7, ((8, 0), 6): 8.0744783565625}
states: {(7, 0), (8, 0), (6, 0), (-7, 1), (5, 0), (-8, 1)}
0.3664496567730056 0.36644965677300556

q_values: {((8, 0), 0): 7.262318892819889, ((-7, 1), 4): -8, ((-8, 1), 0): -7, ((5, 0), 5): 6, ((-7, 1), 0): -6, ((6, 0), 4): 7, ((7, 0), 4): 7.496044847909765, ((-7, 1), 2): -7, ((8, 0), 6): 8.0744783565625}
states: {(7, 0), (8, 0), (6, 0), (-7, 1), (5, 0), (-8, 1)}
0.35214204901214463 0.3521420490121446

q_values: {((8, 0), 0): 7.262318892819889, ((-6, 1), 3): -7, ((-7, 1), 4): -8, ((-8, 1), 0): -7, ((5, 0), 5): 6, ((-7, 1), 0): -6, ((6, 0), 4): 7, ((7, 0), 4): 7.496044847909765, ((-7, 1), 2): -7, ((8, 0), 6): 8.0744783565625}
states: {(7, 0), (-6, 1), (8, 0), (6, 0), (-7, 1), (5, 0), (-8, 1)}
0.4355911964998823 0.43559119649988226

q_values: {((8, 0), 0): 7.262318892819889, ((-6, 1), 3): -7, ((-7, 1), 4): -8, ((-8, 1), 0): -7, ((5, 0), 5): 6, ((-7, 1), 0): -6, ((-7, 1), 1): -6, ((6, 0), 4): 7, ((7, 0), 4): 7.496044847909765, ((-7, 1), 2): -7, ((8, 0), 6): 8.0744783565625}
states: {(7, 0), (-6, 1), (8, 0), (6, 0), (-7, 1), (5, 0), (-8, 1)}
0.4206534738012477 0.4206534738012476

q_values: {((-6, 1), 3): -7, ((-7, 1), 0): -6, ((-7, 1), 1): -6, ((6, 0), 4): 7, ((7, 0), 4): 7.496044847909765, ((-7, 1), 2): -7, ((-6, 1), 0): -5, ((5, 0), 5): 6, ((8, 0), 0): 7.262318892819889, ((-7, 1), 4): -8, ((-8, 1), 0): -7, ((8, 0), 6): 8.0744783565625}
states: {(7, 0), (-6, 1), (8, 0), (6, 0), (-7, 1), (5, 0), (-8, 1)}
0.4105375551511844 0.4105375551511844

q_values: {((-6, 1), 3): -7, ((-5, 1), 2): -5, ((-7, 1), 0): -6, ((-7, 1), 1): -6, ((6, 0), 4): 7, ((7, 0), 4): 7.496044847909765, ((-7, 1), 2): -7, ((-6, 1), 0): -5, ((5, 0), 5): 6, ((8, 0), 0): 7.262318892819889, ((-7, 1), 4): -8, ((-8, 1), 0): -7, ((8, 0), 6): 8.0744783565625}
states: {(-5, 1), (7, 0), (-6, 1), (8, 0), (6, 0), (-7, 1), (5, 0), (-8, 1)}
0.47654034799423656 0.4765403479942365

q_values: {((-6, 1), 3): -7, ((-5, 1), 2): -5, ((-5, 1), 3): -6, ((-7, 1), 0): -6, ((-7, 1), 1): -6, ((6, 0), 4): 7, ((7, 0), 4): 7.496044847909765, ((-7, 1), 2): -7, ((-6, 1), 0): -5, ((5, 0), 5): 6, ((8, 0), 0): 7.262318892819889, ((-7, 1), 4): -8, ((-8, 1), 0): -7, ((8, 0), 6): 8.0744783565625}
states: {(-5, 1), (7, 0), (-6, 1), (8, 0), (6, 0), (-7, 1), (5, 0), (-8, 1)}
0.4675051853863085 0.46750518538630836

q_values: {((-6, 1), 3): -7, ((-5, 1), 2): -5, ((-5, 1), 3): -6, ((-7, 1), 0): -6, ((-7, 1), 1): -6, ((6, 0), 4): 7, ((7, 0), 4): 7.496044847909765, ((-7, 1), 2): -7, ((-6, 1), 0): -5, ((5, 0), 5): 6, ((8, 0), 0): 7.262318892819889, ((-7, 1), 4): -8, ((-6, 1), 2): -6, ((-8, 1), 0): -7, ((8, 0), 6): 8.0744783565625}
states: {(-5, 1), (7, 0), (-6, 1), (8, 0), (6, 0), (-7, 1), (5, 0), (-8, 1)}
0.4568487488813748 0.4568487488813747

q_values: {((-6, 1), 3): -7, ((-5, 1), 2): -5, ((-6, 1), 7): -5, ((-5, 1), 3): -6, ((-7, 1), 0): -6, ((-7, 1), 1): -6, ((6, 0), 4): 7, ((7, 0), 4): 7.496044847909765, ((-7, 1), 2): -7, ((-6, 1), 0): -5, ((5, 0), 5): 6, ((8, 0), 0): 7.262318892819889, ((-7, 1), 4): -8, ((-6, 1), 2): -6, ((-8, 1), 0): -7, ((8, 0), 6): 8.0744783565625}
states: {(-5, 1), (7, 0), (-6, 1), (8, 0), (6, 0), (-7, 1), (5, 0), (-8, 1)}
0.4442335484829696 0.4442335484829695

q_values: {((-6, 1), 3): -7, ((-5, 1), 2): -5, ((-5, 1), 1): -4, ((-6, 1), 7): -5, ((-5, 1), 3): -6, ((-7, 1), 0): -6, ((-7, 1), 1): -6, ((6, 0), 4): 7, ((7, 0), 4): 7.496044847909765, ((-7, 1), 2): -7, ((-6, 1), 0): -5, ((5, 0), 5): 6, ((8, 0), 0): 7.262318892819889, ((-7, 1), 4): -8, ((-6, 1), 2): -6, ((-8, 1), 0): -7, ((8, 0), 6): 8.0744783565625}
states: {(-5, 1), (7, 0), (-6, 1), (8, 0), (6, 0), (-7, 1), (5, 0), (-8, 1)}
0.4344824390731743 0.4344824390731742

q_values: {((-6, 1), 3): -7, ((-5, 1), 2): -5, ((-5, 1), 1): -4, ((-6, 1), 7): -5, ((-5, 1), 3): -6, ((-7, 1), 0): -6, ((-7, 1), 1): -6, ((6, 0), 4): 7, ((7, 0), 4): 7.496044847909765, ((-7, 1), 2): -7, ((-6, 1), 0): -5, ((5, 0), 5): 6, ((8, 0), 0): 7.262318892819889, ((-7, 1), 4): -8, ((-6, 1), 2): -6, ((-8, 1), 0): -7, ((-4, 1), 7): -3, ((8, 0), 6): 8.0744783565625}
states: {(-5, 1), (7, 0), (-6, 1), (8, 0), (6, 0), (-4, 1), (-7, 1), (5, 0), (-8, 1)}
0.49169348376635813 0.49169348376635813

q_values: {((-6, 1), 3): -7, ((-5, 1), 2): -5, ((-5, 1), 1): -4, ((-6, 1), 7): -5, ((-5, 1), 3): -6, ((-7, 1), 0): -6, ((-7, 1), 1): -6, ((6, 0), 4): 7, ((7, 0), 4): 7.496044847909765, ((-7, 1), 2): -7, ((-6, 1), 0): -5, ((5, 0), 5): 6, ((8, 0), 0): 7.262318892819889, ((-7, 1), 4): -8, ((-6, 1), 2): -6, ((-3, 1), 3): -4, ((-8, 1), 0): -7, ((-4, 1), 7): -3, ((8, 0), 6): 8.0744783565625}
states: {(-5, 1), (7, 0), (-6, 1), (8, 0), (6, 0), (-3, 1), (-4, 1), (-7, 1), (5, 0), (-8, 1)}
0.5367302950065815 0.5367302950065814

q_values: {((-6, 1), 3): -7, ((-5, 1), 2): -5, ((-5, 1), 1): -4, ((-6, 1), 7): -5, ((-5, 1), 3): -6, ((-7, 1), 0): -6, ((-7, 1), 1): -6, ((6, 0), 4): 7, ((7, 0), 4): 7.496044847909765, ((-7, 1), 2): -7, ((-6, 1), 0): -5, ((5, 0), 5): 6, ((8, 0), 0): 7.262318892819889, ((-7, 1), 4): -8, ((-6, 1), 2): -6, ((-4, 1), 6): -4, ((-3, 1), 3): -4, ((-8, 1), 0): -7, ((-4, 1), 7): -3, ((8, 0), 6): 8.0744783565625}
states: {(-5, 1), (7, 0), (-6, 1), (8, 0), (6, 0), (-3, 1), (-4, 1), (-7, 1), (5, 0), (-8, 1)}
0.5302645920917572 0.5302645920917571

q_values: {((-6, 1), 3): -7, ((-5, 1), 2): -5, ((-5, 1), 1): -4, ((-6, 1), 7): -5, ((-5, 1), 3): -6, ((-7, 1), 0): -6, ((-7, 1), 1): -6, ((6, 0), 4): 7, ((7, 0), 4): 7.496044847909765, ((-7, 1), 2): -7, ((-6, 1), 0): -5, ((5, 0), 5): 6, ((-4, 1), 0): -3, ((8, 0), 0): 7.262318892819889, ((-7, 1), 4): -8, ((-6, 1), 2): -6, ((-4, 1), 6): -4, ((-3, 1), 3): -4, ((-8, 1), 0): -7, ((-4, 1), 7): -3, ((8, 0), 6): 8.0744783565625}
states: {(-5, 1), (7, 0), (-6, 1), (8, 0), (6, 0), (-3, 1), (-4, 1), (-7, 1), (5, 0), (-8, 1)}
0.5238057398704519 0.5238057398704518

q_values: {((7, 0), 4): 7.496044847909765, ((-5, 1), 3): -6, ((-7, 1), 1): -6, ((6, 0), 4): 7, ((-5, 1), 1): -4, ((-6, 1), 0): -5, ((5, 0), 5): 6, ((-4, 1), 0): -3, ((8, 0), 0): 7.262318892819889, ((-6, 1), 2): -6, ((-4, 1), 6): -4, ((-8, 1), 0): -7, ((-3, 1), 2): -3, ((-5, 1), 2): -5, ((-6, 1), 7): -5, ((-7, 1), 0): -6, ((-7, 1), 2): -7, ((-4, 1), 7): -3, ((-6, 1), 3): -7, ((-7, 1), 4): -8, ((-3, 1), 3): -4, ((8, 0), 6): 8.0744783565625}
states: {(-5, 1), (7, 0), (-6, 1), (8, 0), (6, 0), (-3, 1), (-4, 1), (-7, 1), (5, 0), (-8, 1)}
0.5180720614699513 0.5180720614699512

q_values: {((7, 0), 4): 7.496044847909765, ((-5, 1), 3): -6, ((-7, 1), 1): -6, ((6, 0), 4): 7, ((-5, 1), 1): -4, ((-6, 1), 0): -5, ((5, 0), 5): 6, ((-4, 1), 0): -3, ((8, 0), 0): 7.262318892819889, ((-6, 1), 2): -6, ((-4, 1), 6): -4, ((-3, 1), 6): -3, ((-8, 1), 0): -7, ((-3, 1), 2): -3, ((-5, 1), 2): -5, ((-6, 1), 7): -5, ((-7, 1), 0): -6, ((-7, 1), 2): -7, ((-4, 1), 7): -3, ((-6, 1), 3): -7, ((-7, 1), 4): -8, ((-3, 1), 3): -4, ((8, 0), 6): 8.0744783565625}
states: {(-5, 1), (7, 0), (-6, 1), (8, 0), (6, 0), (-3, 1), (-4, 1), (-7, 1), (5, 0), (-8, 1)}
0.511613209248646 0.5116132092486458

q_values: {((7, 0), 4): 7.496044847909765, ((-5, 1), 3): -6, ((-7, 1), 1): -6, ((6, 0), 4): 7, ((-5, 1), 1): -4, ((-6, 1), 0): -5, ((5, 0), 5): 6, ((-4, 1), 0): -3, ((8, 0), 0): 7.262318892819889, ((-6, 1), 2): -6, ((-4, 1), 6): -4, ((-3, 1), 6): -3, ((-8, 1), 0): -7, ((-3, 1), 2): -3, ((-5, 1), 2): -5, ((-6, 1), 7): -5, ((-7, 1), 0): -6, ((-3, 1), 0): -2, ((-7, 1), 2): -7, ((-4, 1), 7): -3, ((-6, 1), 3): -7, ((-7, 1), 4): -8, ((-3, 1), 3): -4, ((8, 0), 6): 8.0744783565625}
states: {(-5, 1), (7, 0), (-6, 1), (8, 0), (6, 0), (-3, 1), (-4, 1), (-7, 1), (5, 0), (-8, 1)}
0.5064844509165736 0.5064844509165735

q_values: {((7, 0), 4): 7.496044847909765, ((-5, 1), 3): -6, ((-7, 1), 1): -6, ((6, 0), 4): 7, ((-5, 1), 1): -4, ((-6, 1), 0): -5, ((5, 0), 5): 6, ((-4, 1), 0): -3, ((8, 0), 0): 7.262318892819889, ((-6, 1), 2): -6, ((-4, 1), 6): -4, ((-3, 1), 6): -3, ((-8, 1), 0): -7, ((-3, 1), 2): -3, ((-5, 1), 2): -5, ((-6, 1), 7): -5, ((-7, 1), 0): -6, ((-3, 1), 0): -2, ((-7, 1), 2): -7, ((-4, 1), 7): -3, ((-2, 1), 1): -1, ((-6, 1), 3): -7, ((-7, 1), 4): -8, ((-3, 1), 3): -4, ((8, 0), 6): 8.0744783565625}
states: {(-2, 1), (-5, 1), (7, 0), (-6, 1), (8, 0), (6, 0), (-3, 1), (-4, 1), (-7, 1), (5, 0), (-8, 1)}
0.549933848032117 0.5499338480321169

q_values: {((7, 0), 4): 7.496044847909765, ((-5, 1), 3): -6, ((-7, 1), 1): -6, ((6, 0), 4): 7, ((-5, 1), 1): -4, ((-6, 1), 0): -5, ((5, 0), 5): 6, ((-4, 1), 0): -3, ((8, 0), 0): 7.262318892819889, ((-6, 1), 2): -6, ((-4, 1), 6): -4, ((-3, 1), 6): -3, ((-8, 1), 0): -7, ((-3, 1), 2): -3, ((-5, 1), 2): -5, ((-6, 1), 7): -5, ((-7, 1), 0): -6, ((-3, 1), 0): -2, ((-7, 1), 2): -7, ((-4, 1), 7): -3, ((-2, 1), 1): -1, ((-6, 1), 3): -7, ((-7, 1), 4): -8, ((-3, 1), 3): -4, ((-1, 1), 5): -2, ((8, 0), 6): 8.0744783565625}
states: {(-2, 1), (-5, 1), (7, 0), (-1, 1), (-6, 1), (8, 0), (6, 0), (-3, 1), (-4, 1), (-7, 1), (5, 0), (-8, 1)}
0.5843756986076311 0.584375698607631

q_values: {((7, 0), 4): 7.496044847909765, ((-5, 1), 3): -6, ((-7, 1), 1): -6, ((6, 0), 4): 7, ((-5, 1), 1): -4, ((-6, 1), 0): -5, ((5, 0), 5): 6, ((-4, 1), 0): -3, ((8, 0), 0): 7.262318892819889, ((-6, 1), 2): -6, ((-4, 1), 6): -4, ((-3, 1), 6): -3, ((-8, 1), 0): -7, ((-2, 1), 5): -3, ((-3, 1), 2): -3, ((-5, 1), 2): -5, ((-6, 1), 7): -5, ((-7, 1), 0): -6, ((-3, 1), 0): -2, ((-7, 1), 2): -7, ((-4, 1), 7): -3, ((-2, 1), 1): -1, ((-6, 1), 3): -7, ((-7, 1), 4): -8, ((-3, 1), 3): -4, ((-1, 1), 5): -2, ((8, 0), 6): 8.0744783565625}
states: {(-2, 1), (-5, 1), (7, 0), (-1, 1), (-6, 1), (8, 0), (6, 0), (-3, 1), (-4, 1), (-7, 1), (5, 0), (-8, 1)}
0.5800712917565353 0.5800712917565352

q_values: {((7, 0), 4): 7.496044847909765, ((-5, 1), 3): -6, ((-3, 1), 7): -2, ((-7, 1), 1): -6, ((6, 0), 4): 7, ((-5, 1), 1): -4, ((-6, 1), 0): -5, ((5, 0), 5): 6, ((-4, 1), 0): -3, ((8, 0), 0): 7.262318892819889, ((-6, 1), 2): -6, ((-4, 1), 6): -4, ((-3, 1), 6): -3, ((-8, 1), 0): -7, ((-2, 1), 5): -3, ((-3, 1), 2): -3, ((-5, 1), 2): -5, ((-6, 1), 7): -5, ((-7, 1), 0): -6, ((-3, 1), 0): -2, ((-7, 1), 2): -7, ((-4, 1), 7): -3, ((-2, 1), 1): -1, ((-6, 1), 3): -7, ((-7, 1), 4): -8, ((-3, 1), 3): -4, ((-1, 1), 5): -2, ((8, 0), 6): 8.0744783565625}
states: {(-2, 1), (-5, 1), (7, 0), (-1, 1), (-6, 1), (8, 0), (6, 0), (-3, 1), (-4, 1), (-7, 1), (5, 0), (-8, 1)}
0.5757096000986442 0.575709600098644

q_values: {((7, 0), 4): 7.496044847909765, ((-5, 1), 3): -6, ((-3, 1), 7): -2, ((-7, 1), 1): -6, ((6, 0), 4): 7, ((-5, 1), 1): -4, ((-6, 1), 0): -5, ((5, 0), 5): 6, ((-4, 1), 0): -3, ((8, 0), 0): 7.262318892819889, ((-6, 1), 2): -6, ((-4, 1), 6): -4, ((-2, 1), 2): -2, ((-3, 1), 6): -3, ((-8, 1), 0): -7, ((-2, 1), 5): -3, ((-3, 1), 2): -3, ((-5, 1), 2): -5, ((-6, 1), 7): -5, ((-7, 1), 0): -6, ((-3, 1), 0): -2, ((-7, 1), 2): -7, ((-4, 1), 7): -3, ((-2, 1), 1): -1, ((-6, 1), 3): -7, ((-7, 1), 4): -8, ((-3, 1), 3): -4, ((-1, 1), 5): -2, ((8, 0), 6): 8.0744783565625}
states: {(-2, 1), (-5, 1), (7, 0), (-1, 1), (-6, 1), (8, 0), (6, 0), (-3, 1), (-4, 1), (-7, 1), (5, 0), (-8, 1)}
0.5723664322077923 0.572366432207792

q_values: {((7, 0), 4): 7.496044847909765, ((-5, 1), 3): -6, ((-3, 1), 7): -2, ((-7, 1), 1): -6, ((6, 0), 4): 7, ((-5, 1), 1): -4, ((-6, 1), 0): -5, ((5, 0), 5): 6, ((-4, 1), 0): -3, ((8, 0), 0): 7.262318892819889, ((-6, 1), 2): -6, ((-4, 1), 6): -4, ((-2, 1), 2): -2, ((-3, 1), 6): -3, ((-8, 1), 0): -7, ((-2, 1), 5): -3, ((-3, 1), 2): -3, ((-5, 1), 2): -5, ((-6, 1), 7): -5, ((-7, 1), 0): -6, ((-3, 1), 0): -2, ((-7, 1), 2): -7, ((-4, 1), 7): -3, ((-2, 1), 1): -1, ((-2, 1), 4): -3, ((-6, 1), 3): -7, ((-7, 1), 4): -8, ((-3, 1), 3): -4, ((-1, 1), 5): -2, ((8, 0), 6): 8.0744783565625}
states: {(-2, 1), (-5, 1), (7, 0), (-1, 1), (-6, 1), (8, 0), (6, 0), (-3, 1), (-4, 1), (-7, 1), (5, 0), (-8, 1)}
0.5673196414703373 0.5673196414703371

q_values: {((7, 0), 4): 7.496044847909765, ((-5, 1), 3): -6, ((-3, 1), 7): -2, ((-7, 1), 1): -6, ((6, 0), 4): 7, ((-5, 1), 1): -4, ((-6, 1), 0): -5, ((5, 0), 5): 6, ((-4, 1), 0): -3, ((8, 0), 0): 7.262318892819889, ((-6, 1), 2): -6, ((-4, 1), 6): -4, ((-2, 1), 2): -2, ((-3, 1), 6): -3, ((-8, 1), 0): -7, ((-2, 1), 5): -3, ((-3, 1), 4): -4, ((-3, 1), 2): -3, ((-5, 1), 2): -5, ((-6, 1), 7): -5, ((-7, 1), 0): -6, ((-3, 1), 0): -2, ((-7, 1), 2): -7, ((-4, 1), 7): -3, ((-2, 1), 1): -1, ((-2, 1), 4): -3, ((-6, 1), 3): -7, ((-7, 1), 4): -8, ((-3, 1), 3): -4, ((-1, 1), 5): -2, ((8, 0), 6): 8.0744783565625}
states: {(-2, 1), (-5, 1), (7, 0), (-1, 1), (-6, 1), (8, 0), (6, 0), (-3, 1), (-4, 1), (-7, 1), (5, 0), (-8, 1)}
0.5592364023265652 0.5592364023265651

q_values: {((7, 0), 4): 7.496044847909765, ((-5, 1), 3): -6, ((-3, 1), 7): -2, ((-7, 1), 1): -6, ((6, 0), 4): 7, ((-5, 1), 1): -4, ((-6, 1), 0): -5, ((5, 0), 5): 6, ((-4, 1), 0): -3, ((8, 0), 0): 7.262318892819889, ((-6, 1), 2): -6, ((-4, 1), 6): -4, ((-2, 1), 2): -2, ((-3, 1), 6): -3, ((-8, 1), 0): -7, ((-2, 1), 5): -3, ((-3, 1), 4): -4, ((-3, 1), 2): -3, ((-5, 1), 2): -5, ((-6, 1), 7): -5, ((-7, 1), 0): -6, ((-3, 1), 0): -2, ((-7, 1), 2): -7, ((-4, 1), 7): -3, ((-2, 1), 1): -1, ((-2, 1), 4): -3, ((-6, 1), 3): -7, ((-7, 1), 4): -8, ((-3, 1), 3): -4, ((-4, 1), 2): -4, ((-1, 1), 5): -2, ((8, 0), 6): 8.0744783565625}
states: {(-2, 1), (-5, 1), (7, 0), (-1, 1), (-6, 1), (8, 0), (6, 0), (-3, 1), (-4, 1), (-7, 1), (5, 0), (-8, 1)}
0.5521030650388589 0.5521030650388588

q_values: {((7, 0), 4): 7.496044847909765, ((-5, 1), 3): -6, ((-3, 1), 7): -2, ((-7, 1), 1): -6, ((6, 0), 4): 7, ((-5, 1), 1): -4, ((-6, 1), 0): -5, ((5, 0), 5): 6, ((-4, 1), 0): -3, ((8, 0), 0): 7.262318892819889, ((-6, 1), 2): -6, ((-4, 1), 6): -4, ((-2, 1), 2): -2, ((-3, 1), 6): -3, ((-8, 1), 0): -7, ((-2, 1), 5): -3, ((-3, 1), 4): -4, ((-3, 1), 2): -3, ((-5, 1), 2): -5, ((-6, 1), 7): -5, ((-7, 1), 0): -6, ((-3, 1), 0): -2, ((-7, 1), 2): -7, ((-4, 1), 7): -3, ((-2, 1), 1): -1, ((-2, 1), 4): -3, ((-6, 1), 3): -7, ((-7, 1), 4): -8, ((-3, 1), 3): -4, ((-4, 1), 2): -4, ((-4, 1), 5): -5, ((-1, 1), 5): -2, ((8, 0), 6): 8.0744783565625}
states: {(-2, 1), (-5, 1), (7, 0), (-1, 1), (-6, 1), (8, 0), (6, 0), (-3, 1), (-4, 1), (-7, 1), (5, 0), (-8, 1)}
0.5428906359572795 0.5428906359572794

q_values: {((7, 0), 4): 7.496044847909765, ((-5, 1), 3): -6, ((-3, 1), 7): -2, ((-7, 1), 1): -6, ((6, 0), 4): 7, ((-5, 1), 1): -4, ((-6, 1), 0): -5, ((5, 0), 5): 6, ((-4, 1), 0): -3, ((8, 0), 0): 7.262318892819889, ((-6, 1), 2): -6, ((-4, 1), 6): -4, ((-2, 1), 2): -2, ((-3, 1), 6): -3, ((-8, 1), 0): -7, ((-2, 1), 5): -3, ((-3, 1), 4): -4, ((-3, 1), 2): -3, ((-5, 1), 2): -5, ((-6, 1), 7): -5, ((-7, 1), 0): -6, ((-3, 1), 0): -2, ((-7, 1), 2): -7, ((-4, 1), 7): -3, ((-2, 1), 1): -1, ((-2, 1), 4): -3, ((-6, 1), 3): -7, ((-7, 1), 4): -8, ((-3, 1), 3): -4, ((-4, 1), 2): -4, ((-4, 1), 5): -5, ((-5, 1), 7): -4, ((-1, 1), 5): -2, ((8, 0), 6): 8.0744783565625}
states: {(-2, 1), (-5, 1), (7, 0), (-1, 1), (-6, 1), (8, 0), (6, 0), (-3, 1), (-4, 1), (-7, 1), (5, 0), (-8, 1)}
0.5351461492338215 0.5351461492338213

q_values: {((7, 0), 4): 7.496044847909765, ((-5, 1), 3): -6, ((-3, 1), 7): -2, ((-7, 1), 1): -6, ((6, 0), 4): 7, ((-5, 1), 1): -4, ((-6, 1), 0): -5, ((5, 0), 5): 6, ((-4, 1), 0): -3, ((8, 0), 0): 7.262318892819889, ((-6, 1), 2): -6, ((-4, 1), 6): -4, ((-2, 1), 2): -2, ((-3, 1), 6): -3, ((-8, 1), 0): -7, ((-2, 1), 5): -3, ((-3, 1), 4): -4, ((-3, 1), 2): -3, ((-5, 1), 2): -5, ((-6, 1), 7): -5, ((-4, 1), 3): -5, ((-7, 1), 0): -6, ((-3, 1), 0): -2, ((-7, 1), 2): -7, ((-4, 1), 7): -3, ((-2, 1), 1): -1, ((-2, 1), 4): -3, ((-6, 1), 3): -7, ((-7, 1), 4): -8, ((-3, 1), 3): -4, ((-4, 1), 2): -4, ((-4, 1), 5): -5, ((-5, 1), 7): -4, ((-1, 1), 5): -2, ((8, 0), 6): 8.0744783565625}
states: {(-2, 1), (-5, 1), (7, 0), (-1, 1), (-6, 1), (8, 0), (6, 0), (-3, 1), (-4, 1), (-7, 1), (5, 0), (-8, 1)}
0.5233738148117222 0.5233738148117221

q_values: {((7, 0), 4): 7.496044847909765, ((-5, 1), 3): -6, ((-3, 1), 7): -2, ((-7, 1), 1): -6, ((6, 0), 4): 7, ((-5, 1), 1): -4, ((-6, 1), 0): -5, ((5, 0), 5): 6, ((-4, 1), 0): -3, ((8, 0), 0): 7.262318892819889, ((-6, 1), 2): -6, ((-4, 1), 6): -4, ((-5, 1), 6): -5, ((-2, 1), 2): -2, ((-3, 1), 6): -3, ((-8, 1), 0): -7, ((-2, 1), 5): -3, ((-3, 1), 4): -4, ((-3, 1), 2): -3, ((-5, 1), 2): -5, ((-6, 1), 7): -5, ((-4, 1), 3): -5, ((-7, 1), 0): -6, ((-3, 1), 0): -2, ((-7, 1), 2): -7, ((-4, 1), 7): -3, ((-2, 1), 1): -1, ((-2, 1), 4): -3, ((-6, 1), 3): -7, ((-7, 1), 4): -8, ((-3, 1), 3): -4, ((-4, 1), 2): -4, ((-4, 1), 5): -5, ((-5, 1), 7): -4, ((-1, 1), 5): -2, ((8, 0), 6): 8.0744783565625}
states: {(-2, 1), (-5, 1), (7, 0), (-1, 1), (-6, 1), (8, 0), (6, 0), (-3, 1), (-4, 1), (-7, 1), (5, 0), (-8, 1)}
0.5131556907500964 0.5131556907500963

q_values: {((7, 0), 4): 7.496044847909765, ((-5, 1), 3): -6, ((-3, 1), 7): -2, ((-7, 1), 1): -6, ((6, 0), 4): 7, ((-5, 1), 1): -4, ((-6, 1), 0): -5, ((5, 0), 5): 6, ((-4, 1), 0): -3, ((8, 0), 0): 7.262318892819889, ((-6, 1), 2): -6, ((-4, 1), 6): -4, ((-5, 1), 6): -5, ((-2, 1), 2): -2, ((-3, 1), 6): -3, ((-8, 1), 0): -7, ((-2, 1), 5): -3, ((-3, 1), 4): -4, ((-3, 1), 2): -3, ((-5, 1), 2): -5, ((-6, 1), 7): -5, ((-4, 1), 3): -5, ((-7, 1), 0): -6, ((-5, 1), 0): -4, ((-3, 1), 0): -2, ((-7, 1), 2): -7, ((-4, 1), 7): -3, ((-2, 1), 1): -1, ((-2, 1), 4): -3, ((-6, 1), 3): -7, ((-7, 1), 4): -8, ((-3, 1), 3): -4, ((-4, 1), 2): -4, ((-4, 1), 5): -5, ((-5, 1), 7): -4, ((-1, 1), 5): -2, ((8, 0), 6): 8.0744783565625}
states: {(-2, 1), (-5, 1), (7, 0), (-1, 1), (-6, 1), (8, 0), (6, 0), (-3, 1), (-4, 1), (-7, 1), (5, 0), (-8, 1)}
0.5004479112453315 0.5004479112453314

q_values: {((7, 0), 4): 7.496044847909765, ((-5, 1), 3): -6, ((-3, 1), 7): -2, ((-7, 1), 1): -6, ((6, 0), 4): 7, ((-5, 1), 1): -4, ((-6, 1), 0): -5, ((5, 0), 5): 6, ((-4, 1), 0): -3, ((8, 0), 0): 7.262318892819889, ((-6, 1), 2): -6, ((-4, 1), 6): -4, ((-5, 1), 6): -5, ((-2, 1), 2): -2, ((-3, 1), 6): -3, ((-8, 1), 0): -7, ((-2, 1), 5): -3, ((-3, 1), 4): -4, ((-3, 1), 2): -3, ((-5, 1), 2): -5, ((-4, 1), 4): -5, ((-6, 1), 7): -5, ((-4, 1), 3): -5, ((-7, 1), 0): -6, ((-5, 1), 0): -4, ((-3, 1), 0): -2, ((-7, 1), 2): -7, ((-4, 1), 7): -3, ((-2, 1), 1): -1, ((-2, 1), 4): -3, ((-6, 1), 3): -7, ((-7, 1), 4): -8, ((-3, 1), 3): -4, ((-4, 1), 2): -4, ((-4, 1), 5): -5, ((-5, 1), 7): -4, ((-1, 1), 5): -2, ((8, 0), 6): 8.0744783565625}
states: {(-2, 1), (-5, 1), (7, 0), (-1, 1), (-6, 1), (8, 0), (6, 0), (-3, 1), (-4, 1), (-7, 1), (5, 0), (-8, 1)}
0.48497754209229427 0.4849775420922942

q_values: {((7, 0), 4): 7.496044847909765, ((-5, 1), 3): -6, ((-3, 1), 7): -2, ((-7, 1), 1): -6, ((6, 0), 4): 7, ((-5, 1), 1): -4, ((-6, 1), 0): -5, ((5, 0), 5): 6, ((-4, 1), 0): -3, ((8, 0), 0): 7.262318892819889, ((-6, 1), 2): -6, ((-4, 1), 6): -4, ((-5, 1), 6): -5, ((-2, 1), 2): -2, ((-3, 1), 6): -3, ((-8, 1), 0): -7, ((-5, 1), 4): -6, ((-2, 1), 5): -3, ((-3, 1), 4): -4, ((-3, 1), 2): -3, ((-5, 1), 2): -5, ((-4, 1), 4): -5, ((-6, 1), 7): -5, ((-4, 1), 3): -5, ((-7, 1), 0): -6, ((-5, 1), 0): -4, ((-3, 1), 0): -2, ((-7, 1), 2): -7, ((-4, 1), 7): -3, ((-2, 1), 1): -1, ((-2, 1), 4): -3, ((-6, 1), 3): -7, ((-7, 1), 4): -8, ((-3, 1), 3): -4, ((-4, 1), 2): -4, ((-4, 1), 5): -5, ((-5, 1), 7): -4, ((-1, 1), 5): -2, ((8, 0), 6): 8.0744783565625}
states: {(-2, 1), (-5, 1), (7, 0), (-1, 1), (-6, 1), (8, 0), (6, 0), (-3, 1), (-4, 1), (-7, 1), (5, 0), (-8, 1)}
0.46462858084194386 0.46462858084194375

q_values: {((7, 0), 4): 7.496044847909765, ((-5, 1), 3): -6, ((-3, 1), 7): -2, ((-7, 1), 1): -6, ((6, 0), 4): 7, ((-5, 1), 1): -4, ((-6, 1), 0): -5, ((5, 0), 5): 6, ((-4, 1), 0): -3, ((8, 0), 0): 7.262318892819889, ((-6, 1), 2): -6, ((-4, 1), 6): -4, ((-5, 1), 6): -5, ((-2, 1), 2): -2, ((-3, 1), 6): -3, ((-8, 1), 0): -7, ((-5, 1), 4): -6, ((-2, 1), 5): -3, ((-3, 1), 4): -4, ((-3, 1), 2): -3, ((-5, 1), 2): -5, ((-4, 1), 4): -5, ((-6, 1), 7): -5, ((-4, 1), 3): -5, ((-7, 1), 0): -6, ((-5, 1), 0): -4, ((-3, 1), 0): -2, ((-7, 1), 2): -7, ((-4, 1), 7): -3, ((-2, 1), 1): -1, ((-2, 1), 4): -3, ((-6, 1), 3): -7, ((-7, 1), 4): -8, ((-3, 1), 3): -4, ((-6, 1), 5): -7, ((-4, 1), 2): -4, ((-4, 1), 5): -5, ((-5, 1), 7): -4, ((-1, 1), 5): -2, ((8, 0), 6): 8.0744783565625}
states: {(-2, 1), (-5, 1), (7, 0), (-1, 1), (-6, 1), (8, 0), (6, 0), (-3, 1), (-4, 1), (-7, 1), (5, 0), (-8, 1)}
0.4535454467289522 0.45354544672895214

q_values: {((7, 0), 4): 7.496044847909765, ((-5, 1), 3): -6, ((-3, 1), 7): -2, ((-7, 1), 1): -6, ((6, 0), 4): 7, ((-5, 1), 1): -4, ((-6, 1), 0): -5, ((5, 0), 5): 6, ((-4, 1), 0): -3, ((8, 0), 0): 7.262318892819889, ((-6, 1), 2): -6, ((-4, 1), 6): -4, ((-5, 1), 6): -5, ((-2, 1), 2): -2, ((-3, 1), 6): -3, ((-7, 1), 7): -6, ((-8, 1), 0): -7, ((-5, 1), 4): -6, ((-2, 1), 5): -3, ((-3, 1), 4): -4, ((-3, 1), 2): -3, ((-5, 1), 2): -5, ((-4, 1), 4): -5, ((-6, 1), 7): -5, ((-4, 1), 3): -5, ((-7, 1), 0): -6, ((-5, 1), 0): -4, ((-3, 1), 0): -2, ((-7, 1), 2): -7, ((-4, 1), 7): -3, ((-2, 1), 1): -1, ((-2, 1), 4): -3, ((-6, 1), 3): -7, ((-7, 1), 4): -8, ((-3, 1), 3): -4, ((-6, 1), 5): -7, ((-4, 1), 2): -4, ((-4, 1), 5): -5, ((-5, 1), 7): -4, ((-1, 1), 5): -2, ((8, 0), 6): 8.0744783565625}
states: {(-2, 1), (-5, 1), (7, 0), (-1, 1), (-6, 1), (8, 0), (6, 0), (-3, 1), (-4, 1), (-7, 1), (5, 0), (-8, 1)}
0.4423971602482222 0.4423971602482221

q_values: {((7, 0), 4): 7.496044847909765, ((-5, 1), 3): -6, ((-3, 1), 7): -2, ((-7, 1), 1): -6, ((6, 0), 4): 7, ((-5, 1), 1): -4, ((-6, 1), 0): -5, ((5, 0), 5): 6, ((-4, 1), 0): -3, ((8, 0), 0): 7.262318892819889, ((-6, 1), 2): -6, ((-4, 1), 6): -4, ((-5, 1), 6): -5, ((-2, 1), 2): -2, ((-3, 1), 6): -3, ((-7, 1), 7): -6, ((-8, 1), 0): -7, ((-5, 1), 4): -6, ((-2, 1), 5): -3, ((-3, 1), 4): -4, ((-3, 1), 2): -3, ((-5, 1), 2): -5, ((-4, 1), 4): -5, ((-6, 1), 7): -5, ((-4, 1), 3): -5, ((-7, 1), 0): -6, ((-5, 1), 0): -4, ((-3, 1), 0): -2, ((-7, 1), 2): -7, ((-4, 1), 7): -3, ((-2, 1), 1): -1, ((-2, 1), 4): -3, ((-6, 1), 3): -7, ((-7, 1), 4): -8, ((-3, 1), 3): -4, ((-6, 1), 5): -7, ((-4, 1), 2): -4, ((-4, 1), 5): -5, ((-5, 1), 7): -4, ((-1, 1), 5): -2, ((-6, 1), 1): -5, ((8, 0), 6): 8.0744783565625}
states: {(-2, 1), (-5, 1), (7, 0), (-1, 1), (-6, 1), (8, 0), (6, 0), (-3, 1), (-4, 1), (-7, 1), (5, 0), (-8, 1)}
0.4276856157289289 0.42768561572892877

q_values: {((7, 0), 4): 7.496044847909765, ((-5, 1), 3): -6, ((-3, 1), 7): -2, ((-7, 1), 1): -6, ((6, 0), 4): 7, ((-5, 1), 1): -4, ((-6, 1), 0): -5, ((5, 0), 5): 6, ((-4, 1), 0): -3, ((8, 0), 0): 7.262318892819889, ((-6, 1), 2): -6, ((-4, 1), 6): -4, ((-5, 1), 6): -5, ((-2, 1), 2): -2, ((-3, 1), 6): -3, ((-7, 1), 7): -6, ((-8, 1), 0): -7, ((-5, 1), 4): -6, ((-2, 1), 5): -3, ((-3, 1), 4): -4, ((-3, 1), 2): -3, ((-5, 1), 2): -5, ((-4, 1), 4): -5, ((-6, 1), 7): -5, ((-4, 1), 3): -5, ((-7, 1), 0): -6, ((-5, 1), 0): -4, ((-3, 1), 0): -2, ((-7, 1), 2): -7, ((-4, 1), 7): -3, ((-2, 1), 1): -1, ((-2, 1), 4): -3, ((-6, 1), 3): -7, ((-7, 1), 4): -8, ((-3, 1), 3): -4, ((-6, 1), 5): -7, ((-4, 1), 2): -4, ((-4, 1), 5): -5, ((-5, 1), 7): -4, ((-1, 1), 5): -2, ((-6, 1), 1): -5, ((8, 0), 6): 8.0744783565625, ((-5, 1), 5): -6}
states: {(-2, 1), (-5, 1), (7, 0), (-1, 1), (-6, 1), (8, 0), (6, 0), (-3, 1), (-4, 1), (-7, 1), (5, 0), (-8, 1)}
0.48494299987669504 0.484942999876695

q_values: {((-7, 1), 1): -6, ((7, 0), 4): 7.496044847909765, ((-6, 1), 0): -5, ((5, 0), 5): 6, ((-4, 1), 0): -3, ((-8, 1), 0): -7, ((-5, 1), 4): -6, ((-2, 1), 4): -3, ((-3, 1), 4): -4, ((-6, 1), 3): -7, ((-4, 1), 4): -5, ((-7, 1), 0): -6, ((-5, 1), 0): -4, ((-3, 1), 0): -2, ((-6, 1), 6): -6, ((-2, 1), 1): -1, ((-7, 1), 4): -8, ((-6, 1), 5): -7, ((-4, 1), 5): -5, ((-5, 1), 7): -4, ((-2, 1), 5): -3, ((-5, 1), 1): -4, ((-5, 1), 3): -6, ((-3, 1), 7): -2, ((-4, 1), 2): -4, ((6, 0), 4): 7, ((8, 0), 0): 7.262318892819889, ((-6, 1), 2): -6, ((-4, 1), 6): -4, ((-5, 1), 6): -5, ((-2, 1), 2): -2, ((-6, 1), 7): -5, ((-7, 1), 7): -6, ((-1, 1), 5): -2, ((-5, 1), 2): -5, ((-3, 1), 6): -3, ((-4, 1), 3): -5, ((-7, 1), 2): -7, ((-3, 1), 2): -3, ((-4, 1), 7): -3, ((-3, 1), 3): -4, ((-6, 1), 1): -5, ((8, 0), 6): 8.0744783565625, ((-5, 1), 5): -6}
states: {(-2, 1), (-5, 1), (7, 0), (-1, 1), (-6, 1), (8, 0), (6, 0), (-3, 1), (-4, 1), (-7, 1), (5, 0), (-8, 1)}
0.4607994221250009 0.46079942212500086

q_values: {((-6, 1), 4): -7, ((-7, 1), 1): -6, ((7, 0), 4): 7.496044847909765, ((-6, 1), 0): -5, ((5, 0), 5): 6, ((-4, 1), 0): -3, ((-8, 1), 0): -7, ((-5, 1), 4): -6, ((-2, 1), 4): -3, ((-3, 1), 4): -4, ((-6, 1), 3): -7, ((-4, 1), 4): -5, ((-7, 1), 0): -6, ((-5, 1), 0): -4, ((-3, 1), 0): -2, ((-6, 1), 6): -6, ((-2, 1), 1): -1, ((-7, 1), 4): -8, ((-6, 1), 5): -7, ((-4, 1), 5): -5, ((-5, 1), 7): -4, ((-2, 1), 5): -3, ((-5, 1), 1): -4, ((-5, 1), 3): -6, ((-3, 1), 7): -2, ((-4, 1), 2): -4, ((6, 0), 4): 7, ((8, 0), 0): 7.262318892819889, ((-6, 1), 2): -6, ((-4, 1), 6): -4, ((-5, 1), 6): -5, ((-2, 1), 2): -2, ((-6, 1), 7): -5, ((-7, 1), 7): -6, ((-1, 1), 5): -2, ((-5, 1), 2): -5, ((-3, 1), 6): -3, ((-4, 1), 3): -5, ((-7, 1), 2): -7, ((-3, 1), 2): -3, ((-4, 1), 7): -3, ((-3, 1), 3): -4, ((-6, 1), 1): -5, ((8, 0), 6): 8.0744783565625, ((-5, 1), 5): -6}
states: {(-2, 1), (-5, 1), (7, 0), (-1, 1), (-6, 1), (8, 0), (6, 0), (-3, 1), (-4, 1), (-7, 1), (5, 0), (-8, 1)}
0.5260563916252688 0.5260563916252687

q_values: {((-6, 1), 4): -7, ((-7, 1), 1): -6, ((7, 0), 4): 7.496044847909765, ((-6, 1), 0): -5, ((5, 0), 5): 6, ((-4, 1), 0): -3, ((-8, 1), 0): -7, ((-5, 1), 4): -6, ((-2, 1), 4): -3, ((-3, 1), 4): -4, ((-6, 1), 3): -7, ((-4, 1), 4): -5, ((-7, 1), 0): -6, ((-5, 1), 0): -4, ((-3, 1), 0): -2, ((-6, 1), 6): -6, ((-2, 1), 1): -1, ((-7, 1), 4): -8, ((-6, 1), 5): -7, ((-4, 1), 5): -5, ((-5, 1), 7): -4, ((-2, 1), 5): -3, ((-5, 1), 1): -4, ((-5, 1), 3): -6, ((-3, 1), 7): -2, ((-4, 1), 2): -4, ((6, 0), 4): 7, ((-7, 1), 3): -8, ((8, 0), 0): 7.262318892819889, ((-6, 1), 2): -6, ((-4, 1), 6): -4, ((-5, 1), 6): -5, ((-2, 1), 2): -2, ((-6, 1), 7): -5, ((-7, 1), 7): -6, ((-1, 1), 5): -2, ((-5, 1), 2): -5, ((-3, 1), 6): -3, ((-4, 1), 3): -5, ((-7, 1), 2): -7, ((-3, 1), 2): -3, ((-4, 1), 7): -3, ((-3, 1), 3): -4, ((-6, 1), 1): -5, ((8, 0), 6): 8.0744783565625, ((-5, 1), 5): -6}
states: {(-2, 1), (-5, 1), (7, 0), (-1, 1), (-6, 1), (8, 0), (6, 0), (-3, 1), (-4, 1), (-7, 1), (5, 0), (-8, 1)}
0.5102812550360979 0.5102812550360978

q_values: {((-6, 1), 4): -7, ((-7, 1), 1): -6, ((7, 0), 4): 7.496044847909765, ((-6, 1), 0): -5, ((5, 0), 5): 6, ((-4, 1), 0): -3, ((-8, 1), 0): -7, ((-5, 1), 4): -6, ((-2, 1), 4): -3, ((-3, 1), 4): -4, ((-6, 1), 3): -7, ((-4, 1), 4): -5, ((-7, 1), 0): -6, ((-5, 1), 0): -4, ((-3, 1), 0): -2, ((-6, 1), 6): -6, ((-2, 1), 1): -1, ((-7, 1), 4): -8, ((-6, 1), 5): -7, ((-4, 1), 5): -5, ((-5, 1), 7): -4, ((-2, 1), 5): -3, ((-5, 1), 1): -4, ((-5, 1), 3): -6, ((-3, 1), 7): -2, ((-4, 1), 2): -4, ((6, 0), 4): 7, ((-7, 1), 3): -8, ((8, 0), 0): 7.262318892819889, ((-6, 1), 2): -6, ((-4, 1), 6): -4, ((-5, 1), 6): -5, ((-2, 1), 2): -2, ((-6, 1), 7): -5, ((-7, 1), 7): -6, ((-1, 1), 5): -2, ((-5, 1), 2): -5, ((-3, 1), 6): -3, ((-8, 1), 7): -7, ((-4, 1), 3): -5, ((-7, 1), 2): -7, ((-3, 1), 2): -3, ((-4, 1), 7): -3, ((-3, 1), 3): -4, ((-6, 1), 1): -5, ((8, 0), 6): 8.0744783565625, ((-5, 1), 5): -6}
states: {(-2, 1), (-5, 1), (7, 0), (-1, 1), (-6, 1), (8, 0), (6, 0), (-3, 1), (-4, 1), (-7, 1), (5, 0), (-8, 1)}
0.5041593505159917 0.5041593505159916

q_values: {((-6, 1), 4): -7, ((-7, 1), 1): -6, ((7, 0), 4): 7.496044847909765, ((-6, 1), 0): -5, ((5, 0), 5): 6, ((-4, 1), 0): -3, ((-8, 1), 0): -7, ((-5, 1), 4): -6, ((-2, 1), 4): -3, ((-3, 1), 4): -4, ((-6, 1), 3): -7, ((-4, 1), 4): -5, ((-7, 1), 0): -6, ((-5, 1), 0): -4, ((-3, 1), 0): -2, ((-6, 1), 6): -6, ((-2, 1), 1): -1, ((-7, 1), 4): -8, ((-6, 1), 5): -7, ((-4, 1), 5): -5, ((-5, 1), 7): -4, ((-2, 1), 5): -3, ((-5, 1), 1): -4, ((-5, 1), 3): -6, ((-3, 1), 7): -2, ((-4, 1), 2): -4, ((6, 0), 4): 7, ((-7, 1), 3): -8, ((8, 0), 0): 7.262318892819889, ((-6, 1), 2): -6, ((-4, 1), 6): -4, ((-5, 1), 6): -5, ((-2, 1), 2): -2, ((-6, 1), 7): -5, ((-7, 1), 7): -6, ((-1, 1), 5): -2, ((-5, 1), 2): -5, ((-3, 1), 6): -3, ((-8, 1), 7): -7, ((-4, 1), 3): -5, ((-7, 1), 2): -7.0, ((-3, 1), 2): -3, ((-4, 1), 7): -3, ((-3, 1), 3): -4, ((-6, 1), 1): -5, ((8, 0), 6): 8.0744783565625, ((-5, 1), 5): -6}
states: {(-2, 1), (-5, 1), (7, 0), (-1, 1), (-6, 1), (8, 0), (6, 0), (-3, 1), (-4, 1), (-7, 1), (5, 0), (-8, 1)}
0.5041593505159917 0.5041593505159916

q_values: {((-6, 1), 4): -7, ((-7, 1), 1): -6, ((7, 0), 4): 7.496044847909765, ((-6, 1), 0): -5, ((5, 0), 5): 6, ((-4, 1), 0): -3, ((-7, 1), 5): -8, ((-8, 1), 0): -7, ((-5, 1), 4): -6, ((-2, 1), 4): -3, ((-3, 1), 4): -4, ((-6, 1), 3): -7, ((-4, 1), 4): -5, ((-7, 1), 0): -6, ((-5, 1), 0): -4, ((-3, 1), 0): -2, ((-6, 1), 6): -6, ((-2, 1), 1): -1, ((-7, 1), 4): -8, ((-6, 1), 5): -7, ((-4, 1), 5): -5, ((-5, 1), 7): -4, ((-2, 1), 5): -3, ((-5, 1), 1): -4, ((-5, 1), 3): -6, ((-3, 1), 7): -2, ((-4, 1), 2): -4, ((6, 0), 4): 7, ((-7, 1), 3): -8, ((8, 0), 0): 7.262318892819889, ((-6, 1), 2): -6, ((-4, 1), 6): -4, ((-5, 1), 6): -5, ((-2, 1), 2): -2, ((-6, 1), 7): -5, ((-7, 1), 7): -6, ((-1, 1), 5): -2, ((-5, 1), 2): -5, ((-3, 1), 6): -3, ((-8, 1), 7): -7, ((-4, 1), 3): -5, ((-7, 1), 2): -7.0, ((-3, 1), 2): -3, ((-4, 1), 7): -3, ((-3, 1), 3): -4, ((-6, 1), 1): -5, ((8, 0), 6): 8.0744783565625, ((-5, 1), 5): -6}
states: {(-2, 1), (-5, 1), (7, 0), (-1, 1), (-6, 1), (8, 0), (6, 0), (-3, 1), (-4, 1), (-7, 1), (5, 0), (-8, 1)}
0.47779455836012213 0.477794558360122

q_values: {((-6, 1), 4): -7, ((-7, 1), 1): -6, ((7, 0), 4): 7.496044847909765, ((-6, 1), 0): -5, ((5, 0), 5): 6, ((-4, 1), 0): -3, ((-7, 1), 5): -8, ((-8, 1), 0): -7, ((-5, 1), 4): -6, ((-2, 1), 4): -3, ((-3, 1), 4): -4, ((-6, 1), 3): -7, ((-4, 1), 4): -5, ((-7, 1), 0): -6, ((-5, 1), 0): -4, ((-3, 1), 0): -2, ((-6, 1), 6): -6, ((-8, 1), 3): -9, ((-2, 1), 1): -1, ((-7, 1), 4): -8, ((-6, 1), 5): -7, ((-4, 1), 5): -5, ((-5, 1), 7): -4, ((-2, 1), 5): -3, ((-5, 1), 1): -4, ((-5, 1), 3): -6, ((-3, 1), 7): -2, ((-4, 1), 2): -4, ((6, 0), 4): 7, ((-7, 1), 3): -8, ((8, 0), 0): 7.262318892819889, ((-6, 1), 2): -6, ((-4, 1), 6): -4, ((-5, 1), 6): -5, ((-2, 1), 2): -2, ((-6, 1), 7): -5, ((-7, 1), 7): -6, ((-1, 1), 5): -2, ((-5, 1), 2): -5, ((-3, 1), 6): -3, ((-8, 1), 7): -7, ((-4, 1), 3): -5, ((-7, 1), 2): -7.0, ((-3, 1), 2): -3, ((-4, 1), 7): -3, ((-3, 1), 3): -4, ((-6, 1), 1): -5, ((8, 0), 6): 8.0744783565625, ((-5, 1), 5): -6}
states: {(-2, 1), (-5, 1), (7, 0), (-1, 1), (-6, 1), (8, 0), (6, 0), (-3, 1), (-4, 1), (-7, 1), (5, 0), (-8, 1)}
0.4705174096644946 0.47051740966449457

q_values: {((-6, 1), 4): -7, ((-7, 1), 1): -6, ((7, 0), 4): 7.496044847909765, ((-6, 1), 0): -5, ((5, 0), 5): 6, ((-4, 1), 0): -3, ((-7, 1), 5): -8, ((-8, 1), 0): -7, ((-5, 1), 4): -6, ((-2, 1), 4): -3, ((-3, 1), 4): -4, ((-6, 1), 3): -7, ((-4, 1), 4): -5, ((-7, 1), 0): -6, ((-5, 1), 0): -4, ((-3, 1), 0): -2, ((-6, 1), 6): -6, ((-8, 1), 3): -9, ((-2, 1), 1): -1, ((-7, 1), 4): -8, ((-6, 1), 5): -7, ((-4, 1), 5): -5, ((-5, 1), 7): -4, ((-2, 1), 5): -3, ((-5, 1), 1): -4, ((-5, 1), 3): -6, ((-3, 1), 7): -2, ((-4, 1), 2): -4, ((6, 0), 4): 7, ((-9, 1), 2): -9, ((-7, 1), 3): -8, ((8, 0), 0): 7.262318892819889, ((-6, 1), 2): -6, ((-4, 1), 6): -4, ((-5, 1), 6): -5, ((-2, 1), 2): -2, ((-6, 1), 7): -5, ((-7, 1), 7): -6, ((-1, 1), 5): -2, ((-5, 1), 2): -5, ((-3, 1), 6): -3, ((-8, 1), 7): -7, ((-4, 1), 3): -5, ((-7, 1), 2): -7.0, ((-3, 1), 2): -3, ((-4, 1), 7): -3, ((-3, 1), 3): -4, ((-6, 1), 1): -5, ((8, 0), 6): 8.0744783565625, ((-5, 1), 5): -6}start: timesteps=10000, intervals=100, runs=1
run time: 1.7320992946624756 secs

states: {(-2, 1), (-5, 1), (7, 0), (-1, 1), (-6, 1), (8, 0), (6, 0), (-3, 1), (-4, 1), (-7, 1), (5, 0), (-9, 1), (-8, 1)}
0.5063137439090128 0.5063137439090127

q_values: {((-6, 1), 4): -7, ((-7, 1), 1): -6, ((7, 0), 4): 7.496044847909765, ((-6, 1), 0): -5, ((5, 0), 5): 6, ((-4, 1), 0): -3, ((-7, 1), 5): -8, ((-8, 1), 0): -7, ((-5, 1), 4): -6, ((-2, 1), 4): -3, ((-3, 1), 4): -4, ((-6, 1), 3): -7, ((-4, 1), 4): -5, ((-7, 1), 0): -6, ((-5, 1), 0): -4, ((-3, 1), 0): -2, ((-6, 1), 6): -6, ((-8, 1), 3): -9, ((-2, 1), 1): -1, ((-7, 1), 4): -8, ((-6, 1), 5): -7, ((-4, 1), 5): -5, ((-5, 1), 7): -4, ((-2, 1), 5): -3, ((-5, 1), 1): -4, ((-5, 1), 3): -6, ((-3, 1), 7): -2, ((-4, 1), 2): -4, ((6, 0), 4): 7, ((-9, 1), 2): -9, ((-7, 1), 3): -8, ((8, 0), 0): 7.262318892819889, ((-6, 1), 2): -6, ((-4, 1), 6): -4, ((-5, 1), 6): -5, ((-2, 1), 2): -2, ((-6, 1), 7): -5, ((-9, 1), 6): -9, ((-7, 1), 7): -6, ((-1, 1), 5): -2, ((-5, 1), 2): -5, ((-3, 1), 6): -3, ((-8, 1), 7): -7, ((-4, 1), 3): -5, ((-7, 1), 2): -7.0, ((-3, 1), 2): -3, ((-4, 1), 7): -3, ((-3, 1), 3): -4, ((-6, 1), 1): -5, ((8, 0), 6): 8.0744783565625, ((-5, 1), 5): -6}
states: {(-2, 1), (-5, 1), (7, 0), (-1, 1), (-6, 1), (8, 0), (6, 0), (-3, 1), (-4, 1), (-7, 1), (5, 0), (-9, 1), (-8, 1)}
0.5006200692604834 0.5006200692604833

q_values: {((-6, 1), 4): -7, ((-7, 1), 1): -6, ((7, 0), 4): 7.496044847909765, ((-6, 1), 0): -5, ((5, 0), 5): 6, ((-4, 1), 0): -3, ((-9, 1), 0): -8, ((-7, 1), 5): -8, ((-8, 1), 0): -7, ((-5, 1), 4): -6, ((-2, 1), 4): -3, ((-3, 1), 4): -4, ((-6, 1), 3): -7, ((-4, 1), 4): -5, ((-7, 1), 0): -6, ((-5, 1), 0): -4, ((-3, 1), 0): -2, ((-6, 1), 6): -6, ((-8, 1), 3): -9, ((-2, 1), 1): -1, ((-7, 1), 4): -8, ((-6, 1), 5): -7, ((-4, 1), 5): -5, ((-5, 1), 7): -4, ((-2, 1), 5): -3, ((-5, 1), 1): -4, ((-5, 1), 3): -6, ((-3, 1), 7): -2, ((-4, 1), 2): -4, ((6, 0), 4): 7, ((-9, 1), 2): -9, ((-7, 1), 3): -8, ((8, 0), 0): 7.262318892819889, ((-6, 1), 2): -6, ((-4, 1), 6): -4, ((-5, 1), 6): -5, ((-2, 1), 2): -2, ((-6, 1), 7): -5, ((-9, 1), 6): -9, ((-7, 1), 7): -6, ((-1, 1), 5): -2, ((-5, 1), 2): -5, ((-3, 1), 6): -3, ((-8, 1), 7): -7, ((-4, 1), 3): -5, ((-7, 1), 2): -7.0, ((-3, 1), 2): -3, ((-4, 1), 7): -3, ((-3, 1), 3): -4, ((-6, 1), 1): -5, ((8, 0), 6): 8.0744783565625, ((-5, 1), 5): -6}
states: {(-2, 1), (-5, 1), (7, 0), (-1, 1), (-6, 1), (8, 0), (6, 0), (-3, 1), (-4, 1), (-7, 1), (5, 0), (-9, 1), (-8, 1)}
0.49390097398870353 0.4939009739887033

q_values: {((-6, 1), 4): -7, ((-7, 1), 1): -6, ((7, 0), 4): 7.496044847909765, ((-6, 1), 0): -5, ((5, 0), 5): 6, ((-4, 1), 0): -3, ((-9, 1), 0): -8, ((-7, 1), 5): -8, ((-8, 1), 0): -7, ((-5, 1), 4): -6, ((-2, 1), 4): -3, ((-3, 1), 4): -4, ((-6, 1), 3): -7, ((-4, 1), 4): -5, ((-7, 1), 0): -6, ((-5, 1), 0): -4, ((-3, 1), 0): -2, ((-6, 1), 6): -6, ((-8, 1), 3): -9, ((-2, 1), 1): -1, ((-7, 1), 4): -8, ((-6, 1), 5): -7, ((-4, 1), 5): -5, ((-5, 1), 7): -4, ((-2, 1), 5): -3, ((-5, 1), 1): -4, ((-5, 1), 3): -6, ((-3, 1), 7): -2, ((-4, 1), 2): -4, ((6, 0), 4): 7, ((-9, 1), 2): -9, ((-7, 1), 3): -8, ((8, 0), 0): 7.262318892819889, ((-6, 1), 2): -6, ((-4, 1), 6): -4, ((-5, 1), 6): -5, ((-2, 1), 2): -2, ((-6, 1), 7): -5, ((-9, 1), 6): -9, ((-7, 1), 7): -6, ((-1, 1), 5): -2, ((-5, 1), 2): -5, ((-3, 1), 6): -3, ((-8, 1), 7): -7, ((-4, 1), 3): -5, ((-7, 1), 2): -7.0, ((-3, 1), 2): -3, ((-4, 1), 7): -3, ((-3, 1), 3): -4, ((-8, 1), 4): -9, ((-6, 1), 1): -5, ((8, 0), 6): 8.0744783565625, ((-5, 1), 5): -6}
states: {(-2, 1), (-5, 1), (7, 0), (-1, 1), (-6, 1), (8, 0), (6, 0), (-3, 1), (-4, 1), (-7, 1), (5, 0), (-9, 1), (-8, 1)}
0.48568705515291694 0.4856870551529167

