0 0 9 21 35 46 54 62 72 79 86 97 2 2 2 2 3 3 3 3 4 5
0 1 12 24 33 42 49 59 68 80 90 102 0 0 1 1 2 2 3 4 4 7
0 2 15 23 36 45 48 57 69 80 86 94 1 2 2 3 3 5 6 6 7 8
0 3 5 17 27 40 49 54 63 74 84 94 0 0 0 0 0 0 0 2 2 2
0 4 11 23 30 40 52 60 68 75 82 95 2 2 3 3 5 5 5 5 5 5
0 5 7 20 27 36 44 53 62 66 76 87 1 2 2 2 2 3 3 3 3 5
0 6 10 23 30 36 39 44 54 66 79 87 0 0 0 1 1 2 2 2 2 2
0 7 7 16 23 36 46 50 59 68 78 86 1 1 2 5 5 6 6 6 9 9
0 8 9 16 21 28 36 47 58 65 72 79 1 3 4 5 5 6 6 7 8 8
0 9 8 17 24 32 47 56 69 77 89 97 1 1 1 3 3 4 4 4 4 5
0 10 9 18 27 39 51 60 68 78 85 87 1 1 2 2 3 4 6 6 8 8
1 0 8 18 25 32 43 52 57 65 78 87 3 3 3 4 5 7 7 7 7 7
1 1 13 29 36 45 52 59 67 78 88 94 2 3 3 3 4 4 6 7 8 10
1 2 12 17 26 39 46 48 59 71 86 98 2 4 4 4 4 4 4 4 6 7
1 3 7 13 20 28 36 39 50 61 67 74 0 2 3 3 3 4 4 5 6 8
1 4 6 16 23 27 37 44 52 63 77 86 0 0 0 0 0 2 4 4 4 5
1 5 13 21 30 41 52 63 71 77 85 95 2 2 3 4 6 7 7 8 9 9
1 6 12 25 38 43 51 56 62 71 77 85 1 2 3 4 4 5 5 5 5 6
1 7 16 26 40 47 55 64 72 81 88 93 2 5 5 5 6 6 6 6 6 6
1 8 15 25 33 46 57 66 70 80 89 97 2 4 4 4 5 7 8 8 10 10
1 9 9 18 28 34 45 56 65 72 84 93 0 0 0 1 3 3 3 3 4 4
1 10 8 16 24 32 45 58 71 85 94 100 1 2 3 3 4 6 7 8 9 11
2 0 7 15 22 29 41 47 55 68 75 87 0 0 0 1 2 3 3 3 4 5
2 1 8 18 29 34 43 49 54 64 70 77 1 3 4 4 4 6 6 6 6 6
2 2 10 20 26 32 40 50 61 71 75 85 1 2 2 2 2 4 4 5 7 7
2 3 6 16 23 28 37 42 49 57 66 73 0 0 0 1 1 1 1 1 1 1
2 4 3 12 24 30 43 57 62 68 79 89 1 2 3 6 6 7 8 8 9 9
2 5 11 23 36 46 55 62 75 83 91 100 1 1 2 3 3 3 4 6 6 9
2 6 9 16 25 39 47 53 65 73 80 89 2 2 3 5 5 5 5 5 6 6
2 7 9 17 29 42 55 70 82 88 96 102 0 2 2 2 4 4 4 5 5 6
2 8 7 13 30 42 50 62 66 79 86 94 0 0 1 1 1 2 4 5 10 10
2 9 3 12 20 25 34 48 56 63 71 76 0 3 5 5 5 6 6 6 6 6
2 10 8 18 29 34 48 56 61 69 77 83 0 1 3 4 4 5 7 7 7 8
3 0 6 20 29 35 45 58 78 91 95 104 2 2 3 3 3 3 3 3 4 4
3 1 5 15 26 37 44 47 55 64 72 79 0 1 1 1 3 3 3 3 4 4
3 2 5 17 25 34 40 50 62 72 83 89 0 3 4 4 4 5 5 6 7 7
3 3 5 16 22 30 39 46 50 61 70 79 1 1 3 4 6 6 7 7 7 7
3 4 4 13 21 25 33 38 41 46 56 65 1 1 1 2 2 2 3 3 4 4
3 5 7 13 22 29 42 50 55 62 67 79 2 3 3 3 4 5 6 6 6 6
3 6 9 21 30 35 49 60 74 84 91 100 0 0 1 2 3 3 5 5 6 6
3 7 7 18 26 35 47 59 69 75 81 86 0 0 1 2 2 3 3 3 4 5
3 8 9 17 26 31 41 51 58 63 69 76 0 1 2 2 2 3 6 7 8 8
3 9 9 17 26 36 46 56 61 72 83 87 0 0 0 1 1 2 4 6 8 12
3 10 7 20 27 36 44 54 62 69 77 85 1 2 4 6 8 9 9 10 10 11
4 0 6 14 18 26 37 43 51 59 64 73 0 0 1 1 3 4 4 4 5 6
4 1 5 14 22 34 43 54 58 66 75 85 0 3 3 6 6 7 8 9 10 10
4 2 7 15 23 28 36 42 48 56 62 75 1 2 2 2 3 6 7 7 7 8
4 3 6 17 30 43 51 56 67 75 84 94 1 2 2 3 5 6 8 8 10 10
4 4 4 16 26 30 38 43 55 64 70 77 2 4 4 4 6 7 7 7 8 10
4 5 8 14 20 25 39 49 58 69 82 92 0 0 0 0 2 4 6 6 7 7
4 6 7 16 30 38 47 57 67 76 87 95 0 2 3 4 4 4 4 5 6 7
4 7 11 19 26 35 46 54 65 73 79 85 2 2 3 3 4 5 7 13 13 13
4 8 13 19 27 34 43 54 60 69 83 89 0 1 2 3 5 5 6 6 6 6
4 9 9 16 27 39 45 58 66 71 82 90 0 2 3 3 3 4 4 4 5 5
4 10 9 18 29 37 47 57 69 78 86 94 0 0 1 1 1 1 4 4 5 5
5 0 13 22 33 38 44 55 61 68 73 82 1 1 1 1 2 2 2 2 2 2
5 1 7 13 20 26 38 47 59 64 75 82 0 1 2 2 2 4 5 8 9 10
5 2 9 18 23 33 45 54 63 76 84 92 0 0 2 3 4 4 6 7 9 9
5 3 10 18 23 30 39 42 50 56 61 68 0 0 2 2 5 5 5 6 6 6
5 4 10 17 28 39 46 53 58 64 72 85 1 3 3 4 4 5 5 5 5 5
5 5 9 19 24 37 43 52 62 72 79 87 2 3 3 3 5 7 7 8 9 12
5 6 11 22 29 38 50 56 62 69 76 85 3 3 3 5 5 5 5 5 5 5
5 7 6 15 24 29 41 50 58 68 78 88 0 2 4 4 5 5 6 7 7 8
5 8 13 18 24 32 43 48 53 62 70 80 1 1 1 1 1 2 2 5 6 6
5 9 10 20 34 47 54 58 68 75 84 92 1 1 1 3 5 6 6 6 7 8
5 10 11 24 37 44 52 58 66 73 79 84 1 1 2 2 2 2 2 3 3 3
6 0 5 17 27 36 43 54 61 73 82 87 0 1 1 2 2 3 4 6 6 7
6 1 8 18 27 35 41 51 58 67 76 84 0 0 0 0 0 2 4 6 6 6
6 2 4 12 18 30 40 53 64 71 85 97 1 1 3 3 3 3 3 6 7 7
6 3 13 24 32 42 48 55 65 72 78 86 3 3 4 5 7 7 7 7 7 11
6 4 11 21 34 44 56 61 71 77 88 96 0 1 1 2 4 4 5 5 6 7
6 5 9 22 35 46 53 63 73 83 93 97 1 1 2 3 3 4 6 7 7 7
6 6 10 21 34 41 57 65 72 80 82 92 0 0 2 2 3 4 4 6 7 7
6 7 7 17 29 39 47 61 71 77 87 97 0 0 0 0 1 1 2 2 3 3
6 8 8 16 21 38 44 52 62 70 77 87 0 0 1 2 3 3 6 6 9 10
6 9 9 18 27 33 46 56 63 73 80 86 0 0 1 2 3 4 4 5 5 6
6 10 10 25 37 47 57 62 68 75 83 86 2 3 3 4 4 5 5 5 9 9
7 0 3 15 26 36 43 57 65 71 81 91 1 1 2 2 4 6 6 10 11 11
7 1 6 13 21 26 33 43 50 55 62 68 1 2 3 4 4 6 6 6 6 7
7 2 9 19 27 40 49 58 67 74 83 89 1 1 1 1 1 1 2 2 4 4
7 3 8 16 26 31 38 48 56 66 81 88 0 0 2 2 2 2 3 3 3 5
7 4 12 24 37 47 56 66 71 76 89 96 0 1 1 1 2 2 2 4 4 4
7 5 11 18 30 42 48 52 63 74 84 89 0 0 1 2 2 3 3 4 5 5
7 6 12 22 30 41 49 57 64 68 75 87 1 2 2 2 3 5 5 5 6 6
7 7 7 15 19 28 35 45 57 67 78 85 1 1 2 3 3 3 4 6 9 10
7 8 10 19 30 42 52 61 69 76 86 90 0 0 2 3 4 4 4 4 6 7
7 9 9 21 31 41 56 64 73 81 83 92 0 1 3 5 7 8 8 9 9 9
7 10 13 22 32 43 52 56 67 74 84 93 0 1 1 1 1 1 2 3 4 5
8 0 13 20 28 38 45 54 64 70 81 87 0 0 1 2 2 2 3 3 3 3
8 1 8 15 24 34 39 47 54 64 72 82 2 2 3 3 3 3 4 6 6 6
8 2 13 19 25 31 35 44 55 66 76 87 0 0 0 0 1 2 2 2 3 4
8 3 5 11 21 30 38 46 55 61 71 83 0 0 1 2 2 2 3 4 6 7
8 4 11 16 24 34 38 43 49 56 67 74 1 2 4 4 4 4 4 4 4 4
8 5 8 18 24 37 45 55 62 68 81 91 0 1 3 4 4 4 4 4 4 4
8 6 10 21 31 36 44 52 62 75 88 99 1 1 1 2 4 5 6 6 7 7
8 7 7 14 22 31 39 52 59 69 77 87 0 0 1 2 2 2 6 6 7 7
8 8 10 16 23 31 44 50 60 70 77 91 1 2 2 3 3 3 5 5 5 6
8 9 3 14 24 36 44 53 60 69 73 78 0 1 3 5 6 7 7 9 9 9
8 10 7 18 25 32 42 61 70 79 87 95 0 1 3 3 4 5 5 6 6 8
9 0 7 24 32 40 48 63 78 90 91 100 1 3 5 6 7 8 8 9 9 9
9 1 15 24 30 32 36 48 55 64 69 77 0 0 0 0 1 1 1 2 2 2
9 2 9 16 24 32 37 48 54 63 66 73 1 1 1 1 1 1 1 3 3 4
9 3 11 21 24 30 38 44 52 55 61 65 1 1 3 5 5 6 6 6 6 7
9 4 4 16 20 30 44 56 64 76 88 98 0 0 1 1 3 5 7 7 9 10
9 5 10 19 27 34 42 53 66 75 83 92 1 2 2 3 4 5 7 7 8 9
9 6 7 14 24 37 42 52 63 72 80 89 0 0 0 0 0 2 2 2 4 4
9 7 10 19 27 37 49 57 67 78 84 93 0 0 2 2 2 3 3 4 4 6
9 8 10 19 25 35 43 53 60 66 76 80 0 3 3 4 7 9 9 10 13 14
9 9 6 12 17 22 34 40 53 60 70 81 1 1 1 1 2 2 2 2 4 5
9 10 7 13 18 31 37 43 54 66 70 82 0 1 3 3 5 5 5 5 6 7
10 0 13 18 29 38 46 53 61 63 68 75 0 0 2 2 2 3 4 4 4 5
10 1 10 17 23 36 48 54 60 75 79 91 0 0 0 0 1 2 2 3 5 5
10 2 12 19 28 44 55 65 72 84 88 97 2 6 8 9 9 10 11 11 11 11
10 3 4 13 23 31 41 46 57 66 75 86 0 2 2 2 2 2 4 5 6 7
10 4 11 16 26 32 44 56 66 73 82 90 0 1 1 3 3 4 4 4 5 5
10 5 9 18 27 36 46 56 63 72 75 81 1 2 3 3 3 3 4 5 5 5
10 6 7 17 23 37 45 52 56 59 66 77 0 1 2 4 4 5 6 6 6 7
10 7 11 22 25 31 37 54 65 73 81 91 2 3 3 5 7 9 9 10 12 13
10 8 8 18 24 29 35 43 47 57 63 70 0 1 1 2 2 2 2 2 2 2
10 9 12 29 42 48 56 68 76 89 93 102 0 1 2 2 4 6 7 8 9 9
10 10 8 17 32 40 43 53 61 71 80 88 1 2 2 3 4 4 6 6 7 7