0 0 5767 284
0 1 5836 260
0 2 5916 276
0 3 5743 270
0 4 5886 263
0 5 5682 245
0 6 5906 278
0 7 6016 273
0 8 5841 298
0 9 5868 299
0 10 5826 292
1 0 5917 265
1 1 5841 267
1 2 5830 280
1 3 5918 278
1 4 5898 292
1 5 5887 277
1 6 5797 227
1 7 5955 283
1 8 5924 260
1 9 5833 279
1 10 5787 286
2 0 5900 254
2 1 5890 293
2 2 5733 271
2 3 5761 306
2 4 5933 249
2 5 5773 268
2 6 5894 278
2 7 5807 279
2 8 5864 291
2 9 5649 312
2 10 5815 270
3 0 5846 288
3 1 5889 276
3 2 5804 250
3 3 5934 265
3 4 5743 273
3 5 5746 252
3 6 5830 265
3 7 5810 289
3 8 5832 265
3 9 5892 279
3 10 5902 243
4 0 5892 255
4 1 5856 260
4 2 5773 287
4 3 5792 275
4 4 5903 250
4 5 5922 253
4 6 5809 290
4 7 5807 237
4 8 5840 267
4 9 5937 220
4 10 5892 274
5 0 5836 260
5 1 5941 279
5 2 5647 274
5 3 5863 256
5 4 5848 274
5 5 5845 252
5 6 5960 286
5 7 5891 284
5 8 5850 280
5 9 5845 263
5 10 5973 254
6 0 5857 223
6 1 5922 265
6 2 5938 280
6 3 5893 274
6 4 5829 256
6 5 5908 279
6 6 5823 280
6 7 5884 258
6 8 5878 252
6 9 5930 258
6 10 5851 231
7 0 5868 242
7 1 5895 252
7 2 5808 286
7 3 5836 277
7 4 5812 298
7 5 5852 248
7 6 5726 246
7 7 5901 261
7 8 5880 257
7 9 5802 267
7 10 5870 272
8 0 5759 252
8 1 5975 245
8 2 5816 252
8 3 5868 249
8 4 5729 251
8 5 5833 280
8 6 5930 263
8 7 5854 260
8 8 5832 283
8 9 5823 250
8 10 5803 243
9 0 5941 256
9 1 5694 261
9 2 5877 287
9 3 5845 258
9 4 5961 266
9 5 5708 267
9 6 5866 280
9 7 5832 308
9 8 5865 255
9 9 5824 290
9 10 5935 277
10 0 5815 269
10 1 5730 297
10 2 5877 257
10 3 5842 284
10 4 5846 272
10 5 5863 252
10 6 5834 242
10 7 5925 236
10 8 5778 273
10 9 5755 234
10 10 5861 286
