0 0 5813 252
0 1 5841 233
0 2 5940 278
0 3 5828 254
0 4 5986 271
0 5 5823 287
0 6 5939 233
0 7 5868 316
0 8 5809 253
0 9 5658 256
0 10 5796 287
1 0 5820 251
1 1 5907 270
1 2 5775 263
1 3 5861 262
1 4 5867 258
1 5 5826 280
1 6 5767 256
1 7 5991 275
1 8 5837 246
1 9 5727 274
1 10 5981 292
2 0 5846 265
2 1 5758 271
2 2 5711 287
2 3 5773 255
2 4 5887 255
2 5 5828 294
2 6 5855 301
2 7 5880 273
2 8 5846 253
2 9 5811 271
2 10 5726 254
3 0 5980 290
3 1 5824 263
3 2 5911 238
3 3 5977 264
3 4 5908 281
3 5 5814 288
3 6 5916 286
3 7 5791 288
3 8 5764 291
3 9 5929 222
3 10 5879 280
4 0 5728 257
4 1 5917 283
4 2 5810 242
4 3 5929 287
4 4 5809 263
4 5 5679 262
4 6 5842 237
4 7 5871 264
4 8 5787 244
4 9 5852 276
4 10 5835 292
5 0 5884 252
5 1 5855 242
5 2 5796 272
5 3 5781 270
5 4 5830 255
5 5 5864 301
5 6 5823 281
5 7 5926 298
5 8 5870 289
5 9 5758 256
5 10 5766 282
6 0 5840 274
6 1 5835 276
6 2 5995 287
6 3 5816 258
6 4 5855 314
6 5 5870 257
6 6 5839 250
6 7 5836 242
6 8 5816 269
6 9 5863 234
6 10 5820 262
7 0 5764 263
7 1 5842 308
7 2 5763 293
7 3 5756 270
7 4 5838 284
7 5 5863 232
7 6 5771 277
7 7 5930 265
7 8 5912 261
7 9 5865 300
7 10 5894 246
8 0 5809 260
8 1 5879 262
8 2 5817 262
8 3 5765 264
8 4 5884 268
8 5 5788 277
8 6 5800 240
8 7 5898 293
8 8 5861 270
8 9 5913 286
8 10 5855 291
9 0 5909 278
9 1 5796 294
9 2 5850 276
9 3 5761 270
9 4 5801 259
9 5 5873 261
9 6 5843 274
9 7 5819 243
9 8 5855 257
9 9 5950 298
9 10 5831 247
10 0 5820 233
10 1 5865 261
10 2 5801 265
10 3 5806 293
10 4 5819 283
10 5 5822 283
10 6 5634 275
10 7 5875 299
10 8 5906 251
10 9 5912 271
10 10 5877 258
