0 0 5875 248
0 1 5888 280
0 2 5850 242
0 3 5816 310
0 4 5660 228
0 5 5902 247
0 6 5841 310
0 7 5833 231
0 8 5853 269
0 9 5759 285
0 10 5848 292
1 0 5783 267
1 1 5820 262
1 2 5820 277
1 3 5789 279
1 4 5854 270
1 5 5641 260
1 6 5804 277
1 7 5905 264
1 8 5888 275
1 9 5720 276
1 10 5891 274
2 0 5887 279
2 1 5873 271
2 2 5824 256
2 3 5772 263
2 4 5834 274
2 5 5785 276
2 6 5876 253
2 7 5626 290
2 8 5919 314
2 9 5866 255
2 10 5935 275
3 0 5792 229
3 1 5835 274
3 2 5813 252
3 3 5805 275
3 4 5763 294
3 5 5814 256
3 6 5889 247
3 7 5779 275
3 8 5847 268
3 9 5944 275
3 10 5818 280
4 0 5833 263
4 1 5869 262
4 2 5847 273
4 3 5920 250
4 4 5776 280
4 5 5839 283
4 6 5711 299
4 7 5791 257
4 8 5878 260
4 9 5806 262
4 10 5771 262
5 0 5803 247
5 1 5841 279
5 2 5798 269
5 3 5923 274
5 4 5753 284
5 5 5939 240
5 6 5763 242
5 7 5909 279
5 8 5861 266
5 9 5759 264
5 10 5847 281
6 0 5807 260
6 1 5882 263
6 2 5876 272
6 3 5776 266
6 4 5885 297
6 5 5758 268
6 6 5887 238
6 7 5952 229
6 8 5752 294
6 9 5855 252
6 10 5877 277
7 0 5865 291
7 1 5887 258
7 2 5949 293
7 3 5797 252
7 4 5829 272
7 5 5918 290
7 6 5862 254
7 7 5743 281
7 8 5976 268
7 9 5871 234
7 10 5921 291
8 0 5784 262
8 1 5902 252
8 2 5820 304
8 3 5867 259
8 4 5859 264
8 5 5821 297
8 6 5709 278
8 7 5813 293
8 8 5811 267
8 9 5901 277
8 10 5914 295
9 0 5857 285
9 1 5871 266
9 2 5860 242
9 3 5839 288
9 4 5930 255
9 5 5742 280
9 6 5981 262
9 7 5908 270
9 8 5999 289
9 9 5798 276
9 10 5922 257
10 0 5892 308
10 1 5842 293
10 2 5837 286
10 3 5822 248
10 4 5887 284
10 5 5860 271
10 6 5776 259
10 7 5811 266
10 8 5850 302
10 9 5797 288
10 10 5866 268
