27 23 23 27
7 7 40 46
13 17 28 42
21 36 43 0
16 32 38 14
22 17 29 32
0 20 35 45
0 21 31 48
17 19 26 38
0 26 32 42
5 31 23 41
18 12 47 23
8 25 29 38
8 12 36 44
10 14 34 42
14 26 22 38
5 21 29 45
5 7 45 43
13 17 39 31
6 26 27 41
7 25 33 35
13 9 33 45
13 20 23 44
18 16 32 34
8 18 35 39
8 19 16 57
11 27 23 39
12 19 30 39
12 22 27 39
7 20 27 46
11 23 27 39
7 10 35 48
13 17 30 40
8 21 28 43
14 20 30 36
9 18 32 41
11 19 32 38
13 30 14 43
21 25 14 40
9 22 24 45
24 19 39 18
14 36 31 19
13 30 28 29
5 18 31 46
11 23 37 29
10 24 36 30
10 27 14 49
12 10 27 51
11 17 37 35
4 24 35 37
8 23 30 39
14 21 15 50
20 20 20 40
17 8 32 43
9 13 33 45
19 22 24 35
12 18 26 44
15 20 29 36
9 19 36 36
9 24 30 37
9 20 29 42
13 19 30 38
10 19 33 38
9 24 29 38
9 19 29 43
14 19 29 38
9 21 32 38
9 22 31 38
9 19 29 43
10 20 32 38
13 19 30 38
9 23 30 38
9 20 29 42
12 20 30 38
9 20 32 39
10 20 31 39
13 15 21 51
13 23 23 41
11 19 30 40
14 20 26 40
7 24 28 41
9 21 33 37
11 17 32 40
13 21 29 37
11 21 29 39
9 17 31 43
10 18 31 41
11 20 30 39
11 20 29 40
8 20 32 40
8 18 31 43
12 20 29 39
9 21 30 40
10 19 31 40
10 19 30 41
25 28 34 13
15 34 26 25
11 22 32 35
3 22 27 48
11 17 33 39
6 22 29 43
8 19 34 39
8 21 29 42
11 20 30 39
8 21 31 40
10 20 31 39
9 17 31 43
12 23 23 42
11 18 27 44
9 18 33 40
18 18 29 35
9 25 29 37
9 18 31 42
9 18 34 39
13 18 30 39
10 20 30 40
9 21 31 39
9 19 26 46
12 22 27 39
11 21 29 39
9 19 32 40
9 19 30 42
11 20 30 39
10 22 29 39
10 19 32 39
9 19 29 43
10 20 30 40
9 21 29 41
11 20 30 39
10 19 31 40
11 20 30 39
11 21 29 39
9 20 32 39
9 19 29 43
10 21 29 40
11 20 29 40
9 20 32 39
10 21 30 39
13 13 34 40
10 18 31 41
9 19 31 41
10 22 29 39
10 20 31 39
11 19 30 40
10 20 30 40
6 24 29 41
9 19 30 42
13 19 29 39
9 20 31 40
9 22 30 39
10 19 29 42
11 20 30 39
11 20 29 40
10 20 31 39
10 20 30 40
10 19 30 41
5 22 31 42
7 22 32 39
15 23 16 46
12 26 20 42
7 18 28 47
8 20 33 39
12 20 28 40
11 20 30 39
8 20 30 42
9 18 31 42
11 22 28 39
12 19 29 40
10 19 30 41
9 20 32 39
11 20 30 39
9 20 29 42
10 21 29 40
9 19 33 39
11 21 29 39
11 19 29 41
9 20 30 41
10 21 29 40
11 19 30 40
9 22 30 39
10 19 30 41
11 19 31 39
9 21 30 40
10 19 29 42
9 21 31 39
11 20 30 39
9 20 29 42
11 19 31 39
9 21 29 41
9 21 31 39
11 19 29 41
11 20 29 40
10 19 32 39
10 21 29 40
10 20 30 40
10 20 30 40
9 22 29 40
10 21 35 34
12 20 29 39
12 13 32 43
12 14 30 44
7 21 31 41
11 18 33 38
10 19 31 40
11 20 29 40
7 21 30 42
8 22 32 38
11 19 32 38
8 23 29 40
8 22 30 40
9 20 32 39
11 19 30 40
11 19 29 41
9 19 31 41
10 21 30 39
11 19 30 40
9 20 30 41
9 22 27 42
10 21 30 39
9 21 29 41
12 20 29 39
10 19 30 41
9 20 31 40
10 19 30 41
10 21 29 40
13 20 34 33
12 20 30 38
9 20 29 42
11 22 29 38
9 19 32 40
11 20 30 39
10 19 31 40
9 21 31 39
9 20 30 41
12 19 30 39
18 23 18 41
11 23 23 43
13 19 29 39
9 20 32 39
9 20 30 41
10 21 30 39
9 20 30 41
11 20 30 39
10 22 25 43
13 16 31 40
12 20 26 42
10 22 29 39
10 16 33 41
7 18 32 43
9 20 30 41
13 19 29 39
9 21 29 41
9 19 33 39
10 20 29 41
11 20 29 40
10 21 29 40
10 19 32 39
10 20 30 40
11 20 29 40
9 21 29 41
9 20 30 41
19 28 39 14
20 25 38 17
12 22 36 30
14 9 33 44
18 14 34 34
11 20 33 36
13 21 25 41
5 17 31 47
7 26 29 38
13 17 32 38
9 17 32 42
11 17 31 41
9 22 31 38
13 18 30 39
11 22 27 40
12 19 28 41
9 20 30 41
10 19 31 40
11 21 29 39
10 21 29 40
10 19 31 40
9 20 30 41
10 20 31 39
11 21 29 39
9 20 30 41
12 19 29 40
11 20 29 40
9 20 32 39
9 20 30 41
9 19 31 41
10 21 30 39
11 20 30 39
11 20 30 39
9 19 30 42
10 21 24 45
9 22 29 40
10 19 31 40
12 19 30 39
9 20 29 42
9 21 30 40
11 20 30 39
10 21 30 39
9 20 30 41
11 19 30 40
11 20 30 39
11 23 25 41
11 20 28 41
11 19 30 40
9 21 30 40
11 21 29 39
11 20 30 39
10 19 30 41
9 19 31 41
10 21 30 39
11 20 30 39
10 19 29 42
9 21 31 39
9 20 32 39
10 19 29 42
12 19 30 39
10 21 29 40
10 19 30 41
9 21 30 40
10 21 30 39
11 20 29 40
9 19 30 42
10 19 32 39
10 20 30 40
10 19 31 40
11 20 30 39
10 21 29 40
10 20 29 41
7 20 31 42
8 22 30 40
9 20 32 39
12 19 30 39
10 22 29 39
9 20 29 42
11 19 31 39
10 21 29 40
10 21 29 40
9 19 31 41
9 20 31 40
9 20 31 40
10 19 30 41
13 24 34 29
11 19 30 40
15 22 31 32
11 24 33 32
12 23 24 41
12 24 27 37
11 20 30 39
9 21 29 41
12 16 33 39
10 19 30 41
9 21 30 40
10 20 30 40
12 19 29 40
9 21 30 40
9 21 30 40
11 20 31 38
9 19 29 43
10 21 31 38
11 20 31 38
10 20 31 39
9 21 29 41
9 20 31 40
10 20 29 41
14 15 30 41
11 18 30 41
9 19 33 39
10 21 29 40
10 21 29 40
10 20 30 40
10 21 29 40
9 19 32 40
16 20 31 33
11 22 31 36
11 21 31 37
9 19 29 43
10 22 31 37
12 20 30 38
9 21 31 39
10 19 30 41
11 19 29 41
11 20 30 39
9 21 31 39
9 20 29 42
9 20 31 40
10 20 30 40
11 20 30 39
9 20 30 41
11 20 29 40
12 16 33 39
10 17 32 41
11 19 29 41
9 22 30 39
9 20 30 41
13 19 29 39
10 19 30 41
10 21 30 39
10 21 30 39
9 19 31 41
11 19 31 39
9 20 30 41
13 21 25 41
11 19 27 43
12 22 27 39
10 19 32 39
9 20 30 41
10 21 27 42
12 20 29 39
9 21 30 40
11 20 30 39
9 19 30 42
10 20 29 41
10 20 31 39
11 19 30 40
9 20 31 40
9 20 30 41
10 21 30 39
11 19 30 40
11 20 28 41
9 21 30 40
9 21 29 41
9 21 29 41
11 20 30 39
10 20 31 39
12 19 30 39
10 22 29 39
10 19 32 39
9 20 31 40
9 19 30 42
11 19 30 40
9 20 31 40
10 21 29 40
11 21 29 39
9 19 32 40
10 19 31 40
10 20 30 40
11 20 29 40
10 21 29 40
9 20 31 40
13 23 32 32
9 19 35 37
10 21 29 40
11 20 29 40
12 22 29 37
11 19 33 37
11 20 29 40
9 19 31 41
9 23 30 38
11 20 31 38
11 20 30 39
9 20 29 42
9 19 31 41
11 21 29 39
10 19 31 40
10 20 30 40
9 21 29 41
9 21 31 39
9 20 30 41
11 19 29 41
9 22 29 40
12 19 30 39
10 20 30 40
10 20 30 40
9 20 30 41
10 19 32 39
10 20 31 39
11 20 29 40
10 20 29 41
10 19 29 42
9 20 31 40
11 19 30 40
9 20 29 42
10 20 30 40
11 20 30 39
10 20 31 39
9 22 29 40
11 19 29 41
10 20 31 39
9 20 30 41
9 19 31 41
9 20 29 42
10 20 30 40
9 22 30 39
11 19 30 40
10 20 30 40
11 20 30 39
10 21 30 39
10 19 31 40
11 25 21 43
11 22 26 41
10 22 29 39
8 20 33 39
10 21 30 39
11 19 29 41
9 20 31 40
10 20 29 41
10 19 30 41
10 20 29 41
9 21 31 39
11 19 31 39
10 21 30 39
10 19 30 41
10 19 30 41
9 22 30 39
9 20 30 41
11 20 29 40
9 19 30 42
12 19 30 39
10 19 31 40
10 20 29 41
10 20 30 40
10 21 29 40
9 19 32 40
9 22 30 39
10 21 30 39
10 22 29 39
11 19 29 41
9 20 31 40
10 20 30 40
10 21 30 39
12 19 30 39
10 20 29 41
11 19 31 39
9 19 31 41
11 21 29 39
10 20 29 41
12 19 29 40
9 21 31 39
10 20 29 41
11 20 29 40
9 20 31 40
11 19 29 41
10 22 29 39
9 21 31 39
9 21 30 40
10 21 29 40
10 19 32 39
11 19 30 40
10 21 29 40
10 20 29 41
10 20 31 39
10 20 29 41
10 20 29 41
7 22 30 41
9 22 30 39
11 20 29 40
10 20 31 39
10 12 37 41
11 16 30 43
9 20 29 42
13 16 30 41
10 18 31 41
9 18 30 43
10 19 32 39
9 22 30 39
11 21 29 39
9 22 29 40
10 19 31 40
10 22 29 39
10 19 30 41
9 21 30 40
10 22 29 39
12 20 29 39
10 21 29 40
9 22 30 39
11 19 29 41
9 19 32 40
11 20 29 40
10 20 29 41
10 21 30 39
9 19 31 41
9 21 29 41
11 19 29 41
9 21 30 40
10 21 30 39
11 19 29 41
9 21 29 41
10 20 30 40
10 19 29 42
11 19 30 40
9 20 32 39
11 19 30 40
12 19 29 40
9 19 30 42
10 20 29 41
11 20 30 39
9 19 30 42
11 19 30 40
9 19 30 42
9 19 32 40
10 19 31 40
10 20 31 39
9 20 29 42
11 20 30 39
10 20 30 40
12 19 30 39
10 22 29 39
10 20 30 40
10 20 31 39
9 21 30 40
9 21 31 39
9 21 30 40
9 19 31 41
11 20 29 40
9 20 32 39
11 19 30 40
10 19 30 41
9 20 31 40
10 19 31 40
11 20 29 40
9 19 29 43
9 21 31 39
9 20 29 42
11 19 30 40
12 19 29 40
9 21 31 39
10 19 32 39
11 20 30 39
10 19 31 40
11 20 30 39
12 19 30 39
10 20 30 40
9 20 32 39
12 20 26 42
9 20 30 41
11 19 27 43
11 21 28 40
10 22 29 39
9 19 30 42
10 19 32 39
10 21 30 39
10 21 30 39
11 19 29 41
10 20 29 41
10 21 30 39
10 20 31 39
6 21 29 44
7 22 31 40
11 20 30 39
10 19 30 41
7 22 30 41
12 19 29 40
8 20 30 42
8 20 31 41
8 22 30 40
10 22 29 39
9 19 30 42
9 19 31 41
10 22 29 39
10 21 30 39
10 19 30 41
11 20 29 40
9 20 29 42
10 19 30 41
10 20 31 39
12 19 29 40
11 19 30 40
10 22 29 39
9 22 30 39
9 21 30 40
9 20 31 40
10 19 31 40
9 20 30 41
10 20 30 40
10 20 29 41
10 20 30 40
10 21 31 38
10 20 31 39
10 19 31 40
9 19 32 40
9 21 30 40
12 20 27 41
11 19 30 40
11 23 27 39
9 21 29 41
9 20 32 39
12 19 30 39
9 19 30 42
10 21 30 39
10 20 29 41
9 20 30 41
9 19 32 40
12 19 30 39
11 19 31 39
9 19 32 40
9 20 31 40
11 21 29 39
10 20 30 40
10 20 29 41
11 20 30 39
9 21 31 39
11 19 30 40
10 20 30 40
9 19 31 41
10 20 30 40
9 21 29 41
10 19 31 40
9 21 29 41
12 19 29 40
11 21 36 32
13 22 31 34
10 20 33 37
10 19 31 40
11 19 31 39
9 20 32 39
10 19 29 42
10 20 29 41
11 21 29 39
9 19 31 41
10 19 31 40
10 20 29 41
9 20 32 39
12 19 29 40
9 21 29 41
10 19 30 41
9 19 32 40
9 20 30 41
10 21 29 40
9 20 29 42
12 27 32 29
11 21 30 38
10 19 29 42
9 19 33 39
11 20 30 39
11 20 29 40
10 20 29 41
9 20 32 39
10 20 29 41
10 20 29 41
10 19 31 40
10 21 30 39
10 20 30 40
9 22 29 40
11 19 29 41
10 19 32 39
11 20 30 39
10 19 31 40
9 21 29 41
9 19 30 42
10 20 30 40
11 19 31 39
11 21 29 39
9 21 30 40
10 20 31 39
10 20 29 41
11 19 30 40
9 20 29 42
11 21 29 39
9 20 31 40
9 19 31 41
11 19 31 39
9 21 29 41
10 20 29 41
10 19 30 41
11 20 29 40
11 19 30 40
10 20 30 40
11 21 29 39
10 19 29 42
10 19 30 41
10 21 29 40
6 20 34 40
9 19 29 43
11 19 29 41
12 22 31 35
10 21 31 38
10 19 31 40
10 22 29 39
9 21 30 40
11 19 30 40
10 20 31 39
9 21 29 41
9 22 29 40
9 19 32 40
10 20 30 40
10 20 30 40
12 20 29 39
9 21 29 41
9 21 30 40
10 21 29 40
10 21 29 40
11 18 31 40
12 19 30 39
9 20 31 40
11 20 30 39
10 20 30 40
9 20 31 40
10 19 30 41
10 21 29 40
9 21 29 41
11 19 30 40
10 19 32 39
9 19 30 42
10 21 30 39
10 19 30 41
9 19 32 40
9 20 30 41
11 20 30 39
11 21 27 41
9 22 30 39
9 19 31 41
12 20 27 41
10 22 27 41
11 21 29 39
9 20 31 40
11 20 29 40
10 19 32 39
11 19 29 41
9 20 31 40
9 21 30 40
9 19 32 40
11 20 30 39
10 20 29 41
11 19 31 39
11 19 30 40
10 20 30 40
11 20 29 40
11 20 29 40
10 21 30 39
9 19 30 42
10 21 29 40
9 21 30 40
10 20 30 40
11 19 30 40
9 20 30 41
11 19 31 39
12 19 29 40
10 20 30 40
9 20 30 41
11 19 30 40
10 20 30 40
10 22 29 39
10 20 30 40
12 19 30 39
9 20 30 41
10 21 29 40
9 21 31 39
9 20 31 40
10 19 31 40
9 21 31 39
10 19 31 40
11 19 31 39
12 19 29 40
11 20 30 39
10 20 29 41
9 19 31 41
9 20 31 40
10 20 31 39
11 20 29 40
9 21 30 40
9 21 30 40
9 22 29 40
10 21 29 40
11 20 30 39
10 21 30 39
9 21 29 41
10 12 30 48
10 19 31 40
11 19 31 39
9 21 31 39
10 20 30 40
10 20 30 40
9 20 32 39
11 20 29 40
11 19 29 41
11 20 30 39
9 21 30 40
11 19 29 41
10 19 31 40
9 20 32 39
10 20 31 39
12 19 29 40
9 21 30 40
11 21 29 39
11 21 29 39
10 20 29 41
9 22 29 40
10 19 29 42
10 21 30 39
10 21 29 40
11 19 29 41
9 22 29 40
10 19 32 39
9 22 30 39
10 20 30 40
10 20 30 40
12 19 29 40
10 20 30 40
11 20 29 40
10 19 30 41
10 19 29 42
9 20 31 40
10 23 31 36
11 20 30 39
9 19 31 41
10 20 30 40
9 20 31 40
10 20 30 40
11 21 29 39
9 20 29 42
11 20 29 40
9 20 32 39
10 19 31 40
10 20 31 39
10 21 29 40
11 20 29 40
10 20 31 39
9 21 29 41
11 19 30 40
10 19 30 41
10 19 30 41
9 20 29 42
10 20 30 40
11 19 29 41
9 21 29 41
10 23 32 35
11 20 31 38
9 19 31 41
11 20 30 39
10 20 29 41
10 20 30 40
10 20 29 41
10 20 31 39
10 21 30 39
9 20 31 40
10 20 29 41
10 19 31 40
10 21 30 39
10 20 30 40
9 21 30 40
12 19 29 40
10 20 29 41
10 19 32 39
9 21 31 39
10 19 30 41
10 19 31 40
9 21 30 40
12 20 29 39
11 20 30 39
9 22 29 40
10 19 32 39
9 21 29 41
11 20 30 39
11 19 30 40
9 20 30 41
11 20 29 40
11 20 30 39
12 20 29 39
11 19 29 41
10 20 30 40
9 19 30 42
10 19 30 41
9 21 31 39
9 19 33 39
10 20 31 39
10 20 29 41
9 20 29 42
9 21 30 40
9 20 31 40
10 20 30 40
9 21 29 41
9 19 31 41
10 19 31 40
12 19 30 39
9 22 30 39
9 21 30 40
9 21 30 40
11 19 30 40
12 20 29 39
9 20 30 41
10 21 30 39
12 20 29 39
9 20 31 40
9 20 31 40
11 19 31 39
9 20 30 41
10 19 29 42
10 20 29 41
10 20 31 39
11 21 29 39
10 20 29 41
9 21 31 39
9 21 30 40
9 19 33 39
11 19 29 41
10 22 29 39
10 20 29 41
10 19 30 41
10 19 30 41
10 19 31 40
9 21 30 40
10 19 31 40
10 21 30 39
9 19 32 40
10 19 30 41