21 27 27 25
5 8 43 44
16 17 36 31
20 29 5 46
21 29 16 34
6 7 25 62
12 17 53 18
13 30 38 19
8 39 18 35
9 13 27 51
13 16 30 41
20 27 35 18
17 22 22 39
3 12 34 51
7 25 32 36
13 17 22 48
10 22 29 39
2 20 36 42
8 13 34 45
17 22 32 29
12 21 16 51
11 21 35 33
22 5 26 47
5 15 37 43
8 25 33 34
13 21 24 42
14 16 33 37
13 17 27 43
9 24 28 39
11 17 31 41
13 17 30 40
9 17 31 43
16 29 42 13
28 34 17 21
17 29 24 30
3 21 27 49
11 18 38 33
7 24 30 39
9 20 28 43
10 17 30 43
11 20 29 40
14 21 32 33
11 20 33 36
13 6 38 43
13 13 28 46
3 21 37 39
5 18 30 47
10 19 32 39
12 29 14 45
11 25 17 47
5 24 25 46
12 24 36 28
15 15 31 39
6 22 25 47
8 21 26 45
12 15 34 39
14 15 29 42
8 21 31 40
9 18 29 44
13 19 39 29
15 21 33 31
10 27 30 33
9 20 29 42
12 18 36 34
13 20 32 35
11 25 29 35
7 19 29 45
11 20 34 35
8 23 32 37
11 22 29 38
10 14 30 46
10 16 36 38
12 17 32 39
4 25 31 40
6 19 25 50
9 20 32 39
14 21 25 40
11 23 27 39
10 19 27 44
9 20 32 39
11 22 28 39
12 19 29 40
9 20 29 42
10 19 31 40
9 21 31 39
12 20 29 39
9 20 29 42
9 20 32 39
12 12 32 44
13 16 30 41
9 21 30 40
11 17 32 40
17 23 29 31
10 17 32 41
10 22 35 33
12 19 34 35
8 24 31 37
15 27 14 44
17 24 16 43
11 22 21 46
8 24 30 38
16 11 27 46
14 16 29 41
8 20 34 38
8 21 33 38
15 16 30 39
9 17 31 43
9 21 28 42
9 20 32 39
15 17 28 40
10 17 30 43
9 20 30 41
9 21 31 39
11 18 30 41
10 20 28 42
12 19 30 39
9 22 29 40
10 19 29 42
11 19 30 40
11 25 30 34
12 20 31 37
10 19 31 40
8 21 31 40
9 22 28 41
13 20 31 36
11 21 29 39
9 20 31 40
11 19 30 40
11 20 29 40
9 19 31 41
11 22 29 38
10 21 30 39
10 19 31 40
9 20 30 41
9 21 30 40
10 20 31 39
13 20 27 40
10 19 30 41
10 23 28 39
10 20 29 41
10 20 31 39
4 20 32 44
7 22 29 42
13 9 34 44
12 11 34 43
10 24 36 30
13 12 34 41
11 16 35 38
8 21 29 42
10 20 32 38
10 16 32 42
13 16 32 39
8 19 30 43
12 26 20 42
9 22 27 42
11 19 31 39
13 19 29 39
9 22 29 40
9 19 31 41
9 20 31 40
12 20 29 39
10 20 29 41
9 21 30 40
11 19 30 40
10 19 31 40
14 29 31 26
14 20 34 32
10 22 33 35
9 21 28 42
12 23 30 35
16 17 31 36
10 19 30 41
9 22 31 38
12 23 25 40
12 19 30 39
10 22 25 43
9 22 29 40
11 19 31 39
11 20 29 40
9 19 31 41
9 20 31 40
10 21 30 39
12 20 29 39
10 19 29 42
10 20 30 40
10 20 31 39
10 20 30 40
6 20 33 41
7 19 31 43
9 22 30 39
16 20 22 42
11 21 26 42
10 19 29 42
9 20 32 39
11 20 30 39
10 20 30 40
11 19 30 40
9 20 31 40
10 22 28 40
12 19 29 40
10 21 35 34
10 21 30 39
10 20 30 40
8 20 31 41
10 21 30 39
12 17 31 40
11 23 21 45
9 19 28 44
10 19 32 39
10 22 29 39
10 19 29 42
9 20 31 40
11 19 31 39
10 21 29 40
11 21 29 39
9 20 31 40
10 20 30 40
11 19 30 40
10 21 30 39
10 20 29 41
9 19 31 41
10 21 30 39
11 19 29 41
10 20 31 39
9 20 30 41
10 20 30 40
9 22 29 40
10 19 30 41
12 19 29 40
14 20 31 35
10 20 32 38
10 20 29 41
9 22 30 39
11 19 29 41
9 19 31 41
9 19 31 41
11 21 29 39
10 21 30 39
10 19 31 40
11 19 30 40
10 21 29 40
10 21 29 40
9 20 32 39
9 21 29 41
10 20 29 41
9 21 31 39
10 20 30 40
10 16 33 41
11 20 29 40
12 17 31 40
10 18 31 41
14 26 33 27
10 20 35 35
8 22 31 39
8 18 30 44
12 22 24 42
9 20 30 41
13 20 27 40
10 19 28 43
12 22 30 36
10 22 31 37
12 20 31 37
9 19 28 44
12 22 28 38
10 21 31 38
10 19 30 41
10 21 29 40
11 21 29 39
9 21 30 40
10 20 30 40
11 19 30 40
10 19 30 41
9 20 31 40
11 21 29 39
9 21 29 41
10 20 31 39
11 19 29 41
10 20 30 40
9 20 31 40
11 20 30 39
9 21 30 40
11 19 30 40
10 21 29 40
9 20 31 40
9 19 32 40
11 20 34 35
9 21 29 41
13 21 30 36
11 22 30 37
10 19 30 41
9 21 32 38
12 20 29 39
10 21 29 40
10 19 30 41
10 21 29 40
10 19 32 39
9 20 30 41
10 21 30 39
9 20 31 40
11 19 29 41
10 21 30 39
11 19 30 40
9 21 30 40
11 20 29 40
12 19 30 39
9 21 29 41
9 20 30 41
11 20 29 40
10 20 31 39
10 20 29 41
10 19 31 40
10 21 30 39
9 20 30 41
10 19 31 40
10 20 31 39
11 19 29 41
9 20 31 40
10 21 30 39
11 19 30 40
11 20 30 39
11 19 31 39
10 19 30 41
15 23 20 42
11 23 23 43
8 23 26 43
8 20 30 42
12 21 28 39
8 20 31 41
10 21 29 40
10 18 30 42
9 20 31 40
9 19 31 41
14 22 33 31
12 19 31 38
10 21 29 40
10 21 30 39
10 20 30 40
9 21 31 39
10 19 29 42
10 19 30 41
10 21 30 39
11 20 30 39
10 19 30 41
9 20 31 40
10 21 29 40
11 20 29 40
10 19 31 40
10 21 30 39
11 20 30 39
11 20 29 40
7 21 32 40
10 21 29 40
8 20 30 42
13 15 31 41
12 20 29 39
8 18 32 42
9 18 30 43
11 20 30 39
11 21 29 39
9 19 32 40
10 19 30 41
10 21 29 40
10 20 31 39
12 19 30 39
10 20 29 41
9 20 30 41
10 19 31 40
11 20 29 40
9 22 29 40
9 20 32 39
12 19 29 40
10 19 30 41
9 21 30 40
11 20 29 40
11 20 30 39
10 21 29 40
9 21 30 40
10 19 30 41
10 19 30 41
10 20 29 41
10 22 33 35
11 20 32 37
9 23 29 39
11 19 29 41
10 21 30 39
9 19 31 41
11 19 31 39
9 19 32 40
9 20 30 41
9 20 29 42
13 19 29 39
9 22 30 39
9 21 30 40
9 20 30 41
10 21 29 40
11 20 29 40
9 20 30 41
10 20 30 40
11 18 31 40
12 22 30 36
10 18 32 40
9 22 31 38
11 18 31 40
13 18 30 39
15 22 23 40
9 21 27 43
9 18 33 40
10 21 28 41
11 18 29 42
11 20 29 40
9 20 32 39
10 19 30 41
10 21 30 39
11 20 29 40
9 19 31 41
9 19 32 40
9 22 30 39
12 20 29 39
10 19 30 41
10 20 30 40
11 20 29 40
11 20 29 40
9 19 31 41
11 20 30 39
10 21 29 40
10 20 31 39
9 20 30 41
9 20 31 40
10 20 30 40
11 19 29 41
10 21 29 40
10 20 31 39
9 20 30 41
11 19 30 40
9 21 31 39
10 19 30 41
10 19 30 41
9 20 30 41
9 21 30 40
11 21 27 41
10 20 31 39
11 21 27 41
11 19 29 41
10 19 31 40
11 21 29 39
9 20 31 40
10 20 30 40
9 21 30 40
9 19 31 41
11 19 30 40
11 20 30 39
10 21 29 40
11 20 30 39
10 19 30 41
9 19 31 41
11 20 29 40
10 20 30 40
11 20 30 39
9 21 30 40
9 19 31 41
11 20 29 40
9 20 31 40
10 21 29 40
12 19 31 38
9 21 30 40
10 21 29 40
10 19 31 40
10 22 29 39
9 20 30 41
10 21 30 39
9 21 31 39
10 20 29 41
11 20 30 39
11 20 29 40
12 14 34 40
11 16 31 42
12 17 29 42
9 21 30 40
10 19 32 39
9 22 29 40
11 19 30 40
9 21 29 41
10 22 29 39
12 19 30 39
9 19 32 40
9 20 31 40
10 20 30 40
11 20 29 40
9 20 32 39
10 20 30 40
11 19 29 41
9 20 31 40
9 22 29 40
10 19 31 40
11 19 29 41
13 27 33 27
9 21 33 37
9 19 30 42
11 21 29 39
9 21 31 39
11 19 31 39
11 19 30 40
9 21 30 40
10 21 29 40
10 19 31 40
11 20 29 40
10 20 29 41
11 19 29 41
9 20 32 39
10 20 29 41
9 20 32 39
10 19 29 42
11 20 29 40
10 20 31 39
10 20 31 39
11 19 30 40
9 21 29 41
11 20 29 40
11 20 30 39
9 19 32 40
9 20 29 42
12 19 30 39
11 20 30 39
9 21 29 41
9 20 30 41
10 19 31 40
10 20 30 40
10 21 30 39
11 19 29 41
12 19 30 39
10 20 30 40
9 22 29 40
10 19 30 41
10 19 29 42
9 21 31 39
9 20 31 40
10 20 31 39
9 22 30 39
9 20 30 41
10 19 31 40
11 20 29 40
9 21 30 40
11 20 29 40
10 19 30 41
9 19 31 41
10 20 30 40
13 23 33 31
12 22 29 37
10 19 31 40
12 19 31 38
10 20 31 39
10 20 29 41
10 20 29 41
6 21 33 40
10 20 30 40
9 21 30 40
11 19 30 40
10 20 29 41
11 20 30 39
9 21 30 40
10 19 31 40
11 19 30 40
9 21 31 39
9 21 29 41
11 20 29 40
10 19 29 42
10 19 32 39
9 21 30 40
10 20 30 40
10 20 30 40
10 20 30 40
11 19 29 41
11 20 30 39
10 22 29 39
9 20 30 41
9 20 31 40
11 20 30 39
9 20 31 40
10 20 30 40
11 15 32 42
11 19 30 40
10 20 30 40
14 23 19 44
10 20 28 42
11 20 33 36
10 20 29 41
12 21 31 36
3 21 33 43
9 21 32 38
15 14 30 41
9 21 32 38
11 16 32 41
11 20 29 40
9 18 32 41
11 20 30 39
10 20 30 40
10 19 29 42
11 20 30 39
11 19 30 40
9 22 29 40
10 20 31 39
10 20 29 41
10 21 29 40
10 20 31 39
9 19 31 41
11 20 30 39
9 20 31 40
10 22 29 39
10 20 30 40
10 21 30 39
10 20 30 40
9 20 29 42
13 19 29 39
9 22 29 40
9 20 30 41
10 21 30 39
10 21 29 40
10 20 31 39
9 22 30 39
10 20 29 41
12 17 31 40
11 18 31 40
9 20 31 40
11 20 29 40
12 18 30 40
9 19 32 40
10 20 31 39
10 21 29 40
11 19 29 41
10 19 30 41
10 19 30 41
11 20 30 39
10 21 30 39
9 21 30 40
11 21 29 39
10 19 31 40
11 19 31 39
10 19 30 41
10 20 31 39
10 20 30 40
9 22 29 40
9 19 32 40
10 20 30 40
10 20 29 41
10 19 32 39
11 20 30 39
9 22 30 39
10 21 30 39
11 19 31 39
9 20 29 42
10 20 29 41
10 19 32 39
10 21 29 40
10 21 30 39
10 19 30 41
9 21 29 41
12 19 30 39
9 19 30 42
11 20 29 40
10 20 30 40
10 19 30 41
10 19 31 40
11 19 30 40
9 22 29 40
11 19 30 40
11 22 36 31
10 21 32 37
10 20 30 40
11 20 30 39
10 20 29 41
9 20 30 41
9 20 30 41
10 20 30 40
11 19 31 39
10 20 29 41
10 21 30 39
10 20 30 40
10 20 30 40
9 21 30 40
11 20 30 39
12 19 29 40
11 19 30 40
10 19 30 41
10 20 30 40
11 19 31 39
9 22 30 39
9 20 30 41
10 19 31 40
11 25 23 41
14 20 26 40
10 20 28 42
10 20 30 40
11 20 29 40
10 20 31 39
9 20 30 41
11 19 31 39
11 21 29 39
10 20 30 40
10 20 30 40
10 21 29 40
10 20 30 40
8 21 31 40
10 19 31 40
9 20 31 40
10 20 29 41
11 20 31 38
11 21 29 39
10 20 31 39
9 20 31 40
9 20 31 40
11 19 30 40
11 20 29 40
9 21 31 39
10 19 30 41
11 19 30 40
10 20 30 40
9 20 31 40
10 20 29 41
11 19 29 41
9 20 30 41
11 21 30 38
9 20 29 42
12 20 29 39
9 19 31 41
10 20 30 40
11 19 30 40
9 22 30 39
10 19 30 41
10 20 29 41
9 21 31 39
9 20 31 40
12 19 29 40
11 19 30 40
10 20 30 40
9 21 29 41
9 19 31 41
9 20 32 39
11 20 30 39
11 20 29 40
9 21 30 40
10 21 29 40
11 21 29 39
11 20 30 39
10 19 31 40
9 21 29 41
11 20 29 40
9 20 31 40
9 21 29 41
10 20 29 41
10 19 31 40
9 21 30 40
9 20 32 39
10 19 31 40
12 20 29 39
10 20 30 40
9 20 29 42
10 20 31 39
10 20 30 40
11 19 29 41
10 20 30 40
10 20 29 41
11 21 29 39
10 20 30 40
10 19 31 40
7 20 32 41
11 19 30 40
7 22 30 41
7 21 30 42
11 20 30 39
7 20 32 41
11 21 29 39
9 20 30 41
10 21 29 40
10 20 29 41
11 19 30 40
9 20 30 41
9 20 31 40
10 20 30 40
11 21 29 39
10 19 30 41
10 21 29 40
11 19 30 40
10 20 30 40
10 20 30 40
11 19 30 40
11 20 30 39
9 20 30 41
10 20 31 39
11 19 29 41
9 20 30 41
10 20 31 39
10 21 30 39
9 20 31 40
10 22 29 39
11 19 29 41
10 20 31 39
10 20 31 39
11 20 29 40
9 20 31 40
11 19 30 40
11 19 29 41
9 21 30 40
12 19 29 40
10 20 31 39
11 20 29 40
9 20 31 40
10 20 31 39
10 20 29 41
10 20 30 40
12 19 29 40
9 20 31 40
10 21 29 40
10 20 30 40
9 20 31 40
13 20 30 37
9 20 30 41
11 20 31 38
11 21 29 39
9 16 31 44
11 20 29 40
12 18 31 39
10 19 32 39
9 21 29 41
10 22 29 39
11 20 29 40
10 19 30 41
10 19 30 41
9 21 31 39
10 20 30 40
12 20 29 39
10 20 30 40
10 20 29 41
9 20 31 40
10 20 30 40
10 21 29 40
10 20 30 40
9 21 31 39
12 17 32 39
10 20 30 40
10 18 32 40
10 19 29 42
10 21 29 40
9 20 31 40
10 21 30 39
9 19 31 41
10 19 30 41
10 20 30 40
11 19 31 39
10 20 30 40
11 19 30 40
10 21 27 42
10 20 30 40
10 21 28 41
11 20 29 40
9 19 32 40
11 20 31 38
10 19 31 40
10 19 31 40
10 21 30 39
10 20 29 41
9 21 31 39
10 20 30 40
11 19 29 41
9 20 31 40
10 20 29 41
11 19 31 39
10 21 29 40
10 20 30 40
11 19 29 41
9 20 31 40
10 20 30 40
10 21 30 39
10 20 30 40
9 20 32 39
11 19 30 40
9 21 30 40
10 19 31 40
12 19 30 39
12 20 27 41
10 20 31 39
13 19 27 41
9 22 29 40
9 20 31 40
10 19 31 40
9 20 30 41
12 20 29 39
10 19 30 41
9 20 30 41
10 20 31 39
10 20 30 40
11 20 30 39
10 22 29 39
10 19 30 41
10 19 31 40
9 20 31 40
11 19 30 40
9 21 31 39
9 21 30 40
10 21 29 40
9 21 30 40
11 20 29 40
10 19 30 41
10 20 30 40
10 19 29 42
10 19 32 39
9 20 31 40
10 21 30 39
10 19 30 41
10 19 30 41
9 21 30 40
10 20 30 40
12 20 29 39
9 21 31 39
10 20 30 40
9 19 31 41
11 19 30 40
11 20 30 39
9 19 31 41
9 20 31 40
10 21 26 43
11 19 29 41
9 20 30 41
9 22 30 39
9 22 30 39
11 20 29 40
10 20 31 39
9 19 32 40
10 19 31 40
10 20 30 40
12 19 30 39
9 19 32 40
9 20 30 41
10 21 30 39
10 23 27 40
12 20 29 39
10 21 30 39
10 21 30 39
10 20 30 40
11 19 30 40
10 19 29 42
10 19 31 40
10 21 30 39
9 19 32 40
9 20 29 42
9 21 29 41
9 20 31 40
12 19 29 40
10 20 30 40
9 22 29 40
10 19 32 39
10 20 30 40
10 21 29 40
11 20 30 39
9 20 30 41
10 19 30 41
9 20 31 40
9 21 29 41
10 20 31 39
11 20 30 39
10 20 30 40
12 19 29 40
10 19 31 40
10 22 29 39
10 19 29 42
10 19 32 39
10 20 30 40
11 19 29 41
10 21 30 39
10 20 30 40
7 20 31 42
10 20 29 41
9 22 30 39
10 20 29 41
10 20 31 39
10 21 30 39
9 20 31 40
9 22 30 39
10 19 30 41
9 19 29 43
9 20 31 40
9 21 30 40
9 21 29 41
9 21 30 40
11 19 31 39
10 20 30 40
10 20 30 40
9 21 31 39
10 20 31 39
9 20 31 40
11 20 30 39
10 20 30 40
15 20 22 43
12 22 26 40
12 17 29 42
9 20 32 39
9 18 29 44
10 20 30 40
13 19 29 39
9 20 31 40
9 20 32 39