29 26 24 21
5 9 42 44
16 19 34 31
19 33 9 39
3 26 13 58
13 3 31 53
19 35 37 9
17 28 30 25
21 12 26 41
6 20 34 40
10 20 35 35
10 11 21 58
10 22 29 39
2 17 36 45
4 24 30 42
9 22 31 38
14 17 11 58
13 33 14 40
18 22 26 34
7 13 41 39
8 19 26 47
11 24 26 39
12 22 27 39
9 17 33 41
9 18 28 45
12 20 29 39
10 21 30 39
10 18 33 39
7 19 29 45
9 23 29 39
13 19 29 39
9 19 32 40
9 20 30 41
9 22 29 40
12 19 31 38
9 20 30 41
10 20 31 39
16 25 14 45
18 8 25 49
14 10 35 41
12 28 49 11
21 21 33 25
15 23 23 39
2 8 26 64
13 13 35 39
8 19 34 39
8 26 25 41
9 20 26 45
12 22 27 39
12 17 31 40
10 20 29 41
9 19 30 42
10 23 35 32
13 19 31 37
9 23 29 39
10 19 29 42
11 19 30 40
10 19 32 39
6 23 29 42
7 23 31 39
9 19 31 41
12 19 29 40
10 20 30 40
10 21 31 38
10 19 29 42
10 20 32 38
5 24 30 41
6 21 32 41
12 23 13 52
18 17 25 40
21 30 40 9
19 31 39 11
8 30 38 24
17 14 20 49
24 24 27 25
14 19 41 26
10 29 33 28
3 21 27 49
10 28 32 30
10 21 39 30
13 19 37 31
3 24 28 45
5 27 33 35
8 22 34 36
17 19 28 36
8 22 28 42
9 22 30 39
10 21 30 39
12 17 30 41
10 19 28 43
9 23 29 39
10 19 32 39
12 19 29 40
9 20 31 40
9 21 29 41
10 20 31 39
11 20 29 40
10 19 30 41
9 22 29 40
10 19 32 39
12 19 30 39
9 22 29 40
9 19 31 41
11 19 30 40
10 20 29 41
9 20 34 37
11 21 29 39
11 19 29 41
10 22 29 39
9 19 32 40
9 21 30 40
11 19 29 41
12 19 30 39
9 20 31 40
9 20 32 39
10 20 29 41
11 21 29 39
9 20 30 41
10 20 30 40
13 13 33 41
12 13 32 43
13 17 30 40
22 34 21 23
12 24 30 34
9 21 31 39
10 16 21 53
17 21 22 40
11 19 31 39
12 25 24 39
8 20 24 48
14 21 25 40
11 23 27 39
8 18 35 39
8 20 27 45
8 22 29 41
12 18 31 39
10 19 32 39
8 20 30 42
8 22 29 41
13 19 29 39
8 20 32 40
8 19 30 43
8 21 30 41
11 20 30 39
9 22 29 40
9 19 32 40
11 20 29 40
10 20 31 39
11 21 29 39
10 19 30 41
10 20 30 40
10 20 29 41
10 20 30 40
11 19 30 40
11 26 36 27
8 24 37 31
12 25 25 38
11 21 28 40
9 18 31 42
10 21 29 40
11 20 31 38
11 19 31 39
9 20 30 41
9 21 29 41
11 20 30 39
11 19 30 40
10 19 30 41
9 21 30 40
15 25 19 41
14 19 27 40
11 22 35 32
11 22 27 40
9 23 32 36
14 20 28 38
10 21 30 39
9 18 30 43
11 20 28 41
11 21 29 39
11 18 31 40
9 18 31 42
9 20 31 40
13 19 29 39
9 20 31 40
10 21 29 40
9 22 29 40
10 19 31 40
12 19 30 39
10 21 30 39
9 20 29 42
12 20 29 39
9 19 32 40
11 20 30 39
9 19 31 41
11 20 29 40
9 19 31 41
10 22 29 39
9 20 30 41
11 19 31 39
10 20 29 41
9 21 30 40
10 20 30 40
11 19 30 40
10 22 29 39
10 19 30 41
9 19 30 42
11 21 29 39
10 19 31 40
10 20 30 40
10 19 29 42
9 20 30 41
10 21 30 39
10 20 31 39
10 20 31 39
10 21 29 40
9 19 31 41
11 19 30 40
11 20 29 40
9 20 30 41
11 20 30 39
11 20 29 40
10 21 30 39
10 19 30 41
10 20 30 40
7 21 31 41
12 20 28 40
7 21 31 41
12 21 33 34
8 14 32 46
11 22 30 37
16 17 21 46
12 21 27 40
9 17 36 38
13 22 27 38
9 20 28 43
13 18 29 40
10 18 34 38
10 21 30 39
9 19 29 43
12 20 29 39
9 19 33 39
10 22 29 39
9 19 29 43
10 21 30 39
11 19 31 39
10 21 30 39
11 19 30 40
9 20 30 41
10 20 31 39
10 21 29 40
10 19 29 42
9 20 30 41
10 21 30 39
10 20 31 39
10 21 30 39
9 19 30 42
12 19 30 39
13 22 24 41
10 22 27 41
9 20 29 42
9 19 32 40
12 19 30 39
10 21 30 39
9 21 29 41
9 19 32 40
11 21 29 39
10 20 30 40
10 20 29 41
11 19 30 40
11 19 31 39
9 22 29 40
11 19 30 40
10 21 29 40
9 20 32 39
10 20 30 40
10 19 31 40
9 20 29 42
10 21 29 40
11 20 30 39
9 21 29 41
10 19 31 40
10 19 31 40
10 20 29 41
11 20 30 39
9 20 29 42
11 21 29 39
10 20 31 39
11 18 29 42
10 19 31 40
10 21 30 39
8 20 31 41
10 20 29 41
9 21 30 40
11 19 30 40
9 20 31 40
10 21 30 39
12 19 29 40
9 19 31 41
10 20 30 40
12 20 29 39
9 19 32 40
10 20 29 41
10 20 29 41
10 21 30 39
11 19 31 39
11 20 30 39
10 19 31 40
9 22 30 39
9 20 30 41
10 19 29 42
11 19 30 40
10 20 29 41
11 19 31 39
10 20 31 39
11 20 29 40
10 19 31 40
8 20 31 41
11 20 29 40
8 22 31 39
9 20 31 40
9 21 29 41
11 19 30 40
10 20 31 39
10 19 30 41
11 20 30 39
9 21 30 40
9 20 30 41
15 22 21 42
10 22 27 41
13 15 31 41
11 17 29 43
20 26 33 21
14 21 38 27
10 22 33 35
10 17 32 41
13 19 30 38
9 23 29 39
9 19 32 40
9 19 31 41
11 20 29 40
10 20 30 40
10 21 30 39
10 20 29 41
10 20 30 40
11 20 30 39
9 21 30 40
12 13 34 41
10 15 32 43
11 20 30 39
10 18 30 42
13 22 16 49
13 25 19 43
14 22 25 39
11 18 32 39
7 21 27 45
8 20 32 40
11 21 28 40
11 19 30 40
9 20 28 43
11 20 29 40
10 20 30 40
14 30 32 24
14 20 35 31
10 19 34 37
10 20 29 41
11 20 30 39
8 21 31 40
10 21 30 39
9 20 30 41
10 12 34 44
11 19 31 39
12 20 29 39
9 20 30 41
10 21 29 40
10 19 31 40
10 20 31 39
9 20 29 42
10 19 31 40
9 22 30 39
10 19 31 40
11 20 29 40
10 20 29 41
12 19 30 39
10 20 30 40
9 20 31 40
10 20 29 41
10 20 30 40
10 20 30 40
11 20 30 39
9 18 29 44
10 21 30 39
10 19 32 39
11 21 29 39
12 20 29 39
10 20 29 41
10 19 31 40
9 21 31 39
9 21 31 39
11 20 29 40
9 19 31 41
10 21 29 40
10 20 31 39
10 20 29 41
10 19 31 40
10 20 31 39
11 19 31 39
10 20 30 40
9 21 29 41
10 21 29 40
9 20 31 40
10 19 30 41
11 20 30 39
11 19 29 41
10 20 30 40
9 20 31 40
9 20 29 42
10 21 30 39
10 21 29 40
9 20 31 40
10 21 29 40
10 13 32 45
11 18 32 39
12 19 30 39
9 21 29 41
9 19 32 40
9 20 30 41
11 20 30 39
10 20 31 39
9 21 31 39
10 19 29 42
9 20 30 41
11 21 29 39
9 19 31 41
10 19 31 40
9 22 29 40
11 20 29 40
11 19 30 40
9 21 30 40
9 20 31 40
10 20 31 39
9 19 30 42
11 21 29 39
9 21 31 39
10 21 30 39
9 20 29 42
10 20 30 40
9 23 29 39
10 19 31 40
12 19 29 40
9 20 31 40
12 19 30 39
9 20 31 40
9 21 30 40
11 19 31 39
11 19 30 40
9 21 31 39
9 21 27 43
10 22 29 39
10 19 32 39
10 20 30 40
10 20 30 40
9 20 31 40
9 21 30 40
11 21 29 39
9 19 33 39
10 19 31 40
10 20 30 40
10 19 30 41
11 20 30 39
9 20 31 40
12 20 24 44
12 20 28 40
10 20 30 40
9 19 30 42
11 21 29 39
11 21 29 39
10 19 30 41
9 19 30 42
9 21 30 40
11 21 29 39
10 21 30 39
9 21 31 39
12 19 29 40
11 20 30 39
9 20 30 41
9 22 30 39
12 19 30 39
10 19 30 41
9 22 30 39
9 20 32 39
11 20 26 43
10 22 29 39
9 21 31 39
10 20 30 40
10 19 31 40
9 19 31 41
9 19 31 41
9 21 29 41
12 19 30 39
10 19 31 40
11 19 31 39
10 21 30 39
10 19 29 42
10 21 29 40
11 19 29 41
10 19 31 40
11 21 29 39
10 20 30 40
10 22 29 39
9 20 31 40
10 20 30 40
12 19 29 40
9 21 30 40
10 19 30 41
10 20 30 40
11 20 30 39
10 19 31 40
9 21 29 41
10 20 29 41
9 20 29 42
10 19 30 41
12 20 30 38
9 22 29 40
11 20 30 39
9 20 31 40
9 20 29 42
12 20 29 39
11 20 30 39
12 14 31 43
14 14 33 39
9 19 30 42
9 22 30 39
11 19 29 41
9 19 31 41
10 19 30 41
11 21 29 39
9 19 30 42
10 20 30 40
9 20 31 40
12 20 29 39
10 20 29 41
11 19 31 39
10 20 30 40
9 20 32 39
10 21 29 40
10 19 31 40
11 20 30 39
10 21 29 40
10 19 31 40
10 20 30 40
10 19 30 41
11 20 29 40
10 20 30 40
9 20 32 39
10 19 31 40
10 19 30 41
9 20 30 41
9 21 31 39
9 22 30 39
10 23 26 41
9 20 30 41
12 21 27 40
13 20 27 40
9 20 30 41
11 20 28 41
13 12 32 43
14 20 29 37
13 15 30 42
11 17 31 41
10 20 32 38
10 19 31 40
11 20 30 39
9 22 30 39
12 20 29 39
9 19 31 41
12 20 29 39
9 19 32 40
10 20 30 40
9 19 29 43
10 20 30 40
10 22 29 39
11 19 31 39
9 20 29 42
10 21 30 39
11 19 31 39
10 20 31 39
9 20 31 40
10 19 30 41
11 20 30 39
10 20 30 40
11 19 30 40
11 20 29 40
10 20 30 40
10 20 31 39
9 21 29 41
11 21 29 39
12 19 29 40
10 19 29 42
9 20 31 40
10 20 30 40
9 21 29 41
9 20 30 41
11 19 30 40
13 20 36 31
11 22 30 37
10 20 29 41
10 21 31 38
11 19 30 40
12 20 29 39
10 20 29 41
10 20 31 39
10 21 30 39
10 19 30 41
10 20 29 41
7 21 32 40
10 19 29 42
8 21 30 41
9 22 29 40
10 20 31 39
9 20 31 40
10 20 30 40
10 19 31 40
11 20 29 40
11 20 30 39
10 22 29 39
9 20 31 40
9 20 31 40
9 22 30 39
10 19 29 42
9 23 29 39
10 20 30 40
9 21 30 40
10 21 29 40
10 19 30 41
10 20 31 39
9 19 31 41
11 21 29 39
11 20 29 40
11 19 29 41
9 20 30 41
9 21 29 41
10 19 32 39
11 20 30 39
10 21 30 39
10 20 30 40
10 19 31 40
9 20 31 40
10 19 29 42
11 19 29 41
11 20 29 40
9 20 32 39
11 20 30 39
9 21 30 40
10 22 29 39
9 20 31 40
10 19 31 40
10 20 29 41
10 20 29 41
12 19 29 40
11 20 29 40
10 20 30 40
10 21 31 38
10 22 29 39
10 22 29 39
10 20 30 40
9 22 29 40
11 17 32 40
10 19 32 39
10 20 30 40
10 19 31 40
10 20 30 40
9 19 33 39
10 19 29 42
10 21 30 39
10 20 29 41
9 19 30 42
10 20 31 39
10 21 30 39
10 19 29 42
9 21 30 40
10 21 29 40
9 20 29 42
10 19 32 39
10 19 31 40
11 20 30 39
9 20 30 41
11 20 30 39
10 19 29 42
11 20 30 39
12 19 29 40
9 20 31 40
10 21 30 39
9 19 30 42
10 20 31 39
9 21 29 41
10 21 30 39
11 20 29 40
12 19 30 39
10 19 30 41
11 19 31 39
10 19 30 41
9 22 29 40
11 20 29 40
10 21 30 39
11 20 29 40
11 20 30 39
10 19 30 41
9 21 30 40
9 21 31 39
10 21 30 39
9 19 31 41
10 19 32 39
10 20 30 40
10 20 30 40
11 22 24 43
12 19 29 40
10 19 30 41
9 19 33 39
9 21 30 40
12 19 30 39
9 19 30 42
10 20 31 39
11 19 30 40
11 21 29 39
10 21 29 40
11 20 30 39
11 19 31 39
9 21 30 40
9 21 29 41
9 20 29 42
10 19 30 41
9 20 32 39
10 21 30 39
12 20 29 39
9 21 30 40
12 19 29 40
11 19 30 40
9 23 29 39
9 21 30 40
11 20 29 40
10 20 30 40
10 20 30 40
11 20 29 40
11 20 29 40
10 19 31 40
11 22 32 35
9 20 30 41
12 21 32 35
11 21 32 36
10 20 30 40
9 23 32 36
11 20 30 39
13 14 30 43
10 20 28 42
14 15 31 40
13 15 30 42
11 17 30 42
10 21 29 40
9 20 30 41
10 18 32 40
11 19 29 41
13 24 33 30
11 20 33 36
12 20 30 38
9 21 29 41
10 22 30 38
12 19 30 39
10 21 29 40
9 19 31 41
11 19 30 40
10 20 29 41
10 20 30 40
10 21 30 39
10 19 32 39
11 20 29 40
9 19 31 41
10 20 30 40
10 21 30 39
10 19 30 41
10 19 31 40
9 20 30 41
9 20 30 41
12 19 29 40
10 20 30 40
10 20 31 39
9 23 29 39
10 20 29 41
11 19 30 40
10 20 31 39
9 21 31 39
10 19 30 41
9 20 30 41
10 21 29 40
11 19 30 40
12 19 29 40
9 20 30 41
9 19 31 41
11 20 30 39
10 20 30 40
9 19 31 41
10 21 30 39
10 20 31 39
9 20 31 40
10 21 28 41
10 20 30 40
9 22 29 40
10 19 32 39
10 19 31 40
9 21 30 40
12 20 29 39
9 22 29 40
10 21 29 40
10 21 30 39
10 20 30 40
10 19 32 39
9 22 30 39
11 19 29 41
9 19 32 40
10 19 29 42
10 19 31 40
9 20 31 40
9 20 29 42
10 21 30 39
10 21 30 39
12 19 29 40
10 19 32 39
10 20 29 41
9 21 31 39
10 22 29 39
10 19 31 40
11 20 30 39
10 19 29 42
10 19 31 40
9 20 32 39
10 20 31 39
10 21 29 40
12 19 30 39
9 21 30 40
11 19 29 41
9 21 29 41
10 19 31 40
11 20 29 40
10 19 29 42
10 19 32 39
10 19 31 40
10 21 30 39
9 21 30 40
9 19 32 40
11 20 29 40
10 20 30 40
11 19 30 40
9 20 31 40
9 20 30 41
11 20 30 39
10 21 30 39
9 19 30 42
9 19 33 39
12 21 27 40
10 20 31 39
11 20 29 40
9 20 29 42
10 21 29 40
9 20 32 39
10 19 29 42
10 20 29 41
10 21 30 39
10 20 30 40
11 19 29 41
10 21 29 40
9 19 31 41
10 20 31 39
9 21 31 39
12 20 29 39
9 20 29 42
9 21 29 41
9 21 30 40
10 19 30 41
9 21 30 40
11 19 31 39
12 19 30 39
9 20 31 40
10 21 30 39
9 20 31 40
10 19 29 42
10 21 29 40
9 19 32 40
12 20 29 39
9 21 31 39
10 20 29 41
10 19 29 42
10 20 29 41
10 20 30 40
9 20 30 41
11 19 30 40
10 20 30 40
9 19 30 42
10 22 30 38
10 19 31 40
9 19 32 40
10 19 32 39
10 19 31 40
10 21 29 40
10 19 29 42
9 19 29 43
11 20 29 40
11 20 30 39
9 21 31 39
11 19 30 40
9 21 30 40
11 20 29 40
11 19 30 40
11 20 29 40
9 21 30 40
10 21 29 40
10 20 30 40
9 20 30 41
15 23 31 31
10 22 34 34
10 24 31 35
10 19 31 40
11 21 30 38
10 22 30 38
11 20 30 39
10 20 28 42
11 20 30 39
9 20 32 39
10 22 28 40
11 16 30 43
9 21 30 40
10 17 32 41
13 18 29 40
10 18 32 40
10 22 29 39
11 18 30 41
10 21 29 40
11 19 30 40
9 20 31 40
10 19 29 42
9 21 30 40
11 20 30 39
9 20 30 41
9 21 30 40
10 20 30 40
10 20 31 39
11 20 29 40
10 19 32 39
10 19 30 41
12 19 29 40
10 21 30 39
9 21 30 40
10 20 30 40
10 19 30 41
9 21 29 41
11 20 29 40
9 19 33 39
10 21 29 40
10 19 29 42
11 20 30 39
11 19 30 40
10 21 29 40
11 20 30 39
10 21 29 40
10 21 30 39
11 20 29 40
9 21 29 41
10 21 30 39
9 19 32 40
10 21 29 40
11 19 30 40
11 19 30 40
9 20 32 39
13 19 29 39
9 21 30 40
10 19 31 40
9 20 32 39
11 20 29 40
11 19 31 39
11 19 29 41
10 21 30 39
10 19 30 41
10 20 29 41
9 20 29 42
9 21 29 41
9 19 31 41
10 19 29 42
9 20 31 40
11 20 29 40
9 20 30 41
11 20 30 39
10 19 29 42
9 21 30 40
9 22 29 40
10 21 30 39
9 22 30 39
10 19 31 40
9 19 31 41
11 20 30 39
10 19 31 40
11 21 29 39
10 21 29 40
10 20 29 41