0 0 960 1733 2425 2845 3694 4901 5420 6092 6819 7667
0 1 778 1474 1932 2351 3224 3936 4711 5183 6131 6835
0 2 968 1748 2826 3399 3753 4467 5637 6407 7432 8278
0 3 1032 1538 2174 3062 4255 5273 5986 7128 7723 8177
0 4 1171 2387 3374 4215 5305 6325 7003 8461 9513 10429
0 5 1007 2060 2710 3795 4648 5397 6228 7402 8408 9670
0 6 691 1505 2144 3100 3451 4170 4790 5470 6048 6391
0 7 1024 1731 2326 2668 3435 4162 4630 5230 6122 6538
0 8 565 1585 2198 2781 3696 4341 4992 5648 6441 7316
0 9 731 1626 2645 3247 4001 4841 5538 5951 6781 7660
0 10 715 1212 1702 2198 2971 3485 3846 4270 4879 5555
1 0 605 1089 1653 2116 2339 2557 2846 3215 3412 3670
1 1 632 1410 2162 2433 2859 3418 4032 4470 4925 5169
1 2 658 1724 2351 2804 3353 3823 4213 4505 4681 4960
1 3 817 1744 2405 2870 3274 3609 3939 4188 4473 4713
1 4 1107 1547 2209 2578 3092 3608 4015 4329 4454 4764
1 5 1055 1899 2416 2849 3018 3639 4095 4709 5025 5327
1 6 646 1599 2555 3225 3737 4520 4942 5434 5950 6386
1 7 836 1393 2019 2454 3020 3294 3609 4091 4482 4934
1 8 650 1452 2309 2952 3682 4141 4546 4913 5432 5971
1 9 867 1705 2486 3324 4174 4630 5578 6434 7488 8064
1 10 1475 2208 2643 3248 4192 4944 5548 6145 6971 7781
2 0 788 1467 2125 2853 3387 4087 4310 4588 4877 5226
2 1 1015 1728 2156 2387 2684 3051 3361 3685 4035 4201
2 2 808 1372 1878 2350 2799 3199 3541 3915 4259 4698
2 3 1314 2248 2669 2918 3357 3676 4215 4576 4866 5210
2 4 1199 2159 2427 2772 3074 3539 3820 4332 4639 4904
2 5 656 1426 1780 2123 2562 2865 3153 3434 3895 4179
2 6 485 1476 1935 2620 3138 3577 4286 4564 4841 5133
2 7 1215 2119 2882 3314 3635 4014 4541 5068 5519 6018
2 8 976 1386 1725 2390 2971 4002 4544 4963 5675 6277
2 9 1029 2371 3793 4730 5828 7010 7869 8927 9873 10352
2 10 664 1798 3300 4038 4629 5097 5656 6515 7331 8127
3 0 549 1388 1864 2758 3228 3748 4196 4557 5136 5580
3 1 578 1630 2429 2950 3443 4188 4525 5005 5304 5563
3 2 1066 1839 2313 2914 3625 4108 4740 4957 5263 5606
3 3 852 1571 2289 2837 3221 3667 4042 4282 4615 4978
3 4 1789 2285 2980 3176 3526 4063 4575 4803 5286 5552
3 5 776 1747 2341 2725 3215 3440 3842 4082 4514 4826
3 6 1347 2049 2832 3231 3560 3902 4283 4773 5199 5557
3 7 797 1165 1991 2568 2912 3088 3547 4255 4618 4933
3 8 1490 1854 2445 2579 3156 3706 4263 5091 6119 6722
3 9 1023 2581 3517 4660 5243 5963 6531 7289 8023 8631
3 10 1593 2180 2760 3601 4609 4951 5369 5672 6097 6719
4 0 1192 1860 2304 2760 3355 3707 4111 4527 4931 5337
4 1 799 1645 2124 2594 3112 3405 3845 4243 5146 5729
4 2 811 1993 2540 2906 3302 3866 4197 4587 5092 5361
4 3 1026 1483 2099 2683 3227 3590 3862 4421 4600 5046
4 4 1256 1824 2192 2690 3145 3527 3888 4092 4382 4646
4 5 1456 1997 2788 3481 3703 4177 4642 4741 5066 5620
4 6 1242 2003 2374 3015 3636 3943 4214 4557 4990 5567
4 7 1234 1806 2417 2991 3339 4413 4661 4975 5429 5707
4 8 501 1220 2191 2913 3401 3935 4396 4941 5489 5746
4 9 1168 1867 2966 3938 4915 5413 6223 7006 8011 9199
4 10 1023 3468 4584 5323 6151 6937 7310 8194 9347 10422
5 0 617 1105 1711 2070 2588 3413 3932 4366 4949 5613
5 1 1329 1946 2566 3411 4069 4840 5631 6108 6726 7207
5 2 748 1172 1474 1957 2902 3450 4281 4797 5113 5423
5 3 637 1036 1584 2597 3156 3859 4723 5095 5405 6286
5 4 676 973 1613 2023 2468 2774 3030 3396 3720 3935
5 5 1459 2702 3205 3709 4017 4340 4591 5025 5323 5918
5 6 602 1357 1983 2426 2732 3230 3637 3894 4328 4652
5 7 1554 2503 2933 3697 3976 4424 5072 5421 6046 6387
5 8 582 2632 3147 4148 4681 5518 6058 6491 7046 7479
5 9 927 2137 2767 3181 3927 4856 5422 6181 7196 7715
5 10 778 1823 2773 3426 4311 5092 5833 6768 7351 8086
6 0 603 1004 1527 2114 2521 3214 3636 4084 4431 5091
6 1 1618 3225 4388 4819 5755 6631 7168 8000 8383 8728
6 2 695 1298 2140 2508 3000 3515 4372 5049 5366 5889
6 3 1508 2571 3499 3932 4497 4829 5122 5465 5954 6250
6 4 1180 2488 2868 3416 3820 4324 4967 5398 5862 6171
6 5 638 1098 1784 2498 2903 3514 3782 3966 4684 5102
6 6 2115 3157 3844 4260 4658 5016 5610 6116 6497 6965
6 7 1301 2963 3877 4935 5284 5953 6455 7037 7571 7722
6 8 1524 2946 3520 4053 4935 5705 6180 6798 7343 7891
6 9 911 2346 3579 4261 4724 5087 5652 5847 6102 6642
6 10 1194 2733 3666 4946 5911 7081 8038 9001 9817 10662
7 0 1328 2334 3101 4105 4409 4840 5668 6299 7483 8600
7 1 665 1076 1813 2372 2852 3512 4406 5296 5919 6600
7 2 985 2069 2696 3358 4109 4658 5225 5862 6214 6718
7 3 711 1751 2626 3084 4075 4622 5412 5859 6356 6805
7 4 1579 1986 2489 2791 3213 3761 4464 5085 5584 6074
7 5 845 1713 2688 3282 4089 4605 5025 6140 7344 7981
7 6 1173 1711 2178 2630 2993 3396 3786 4115 4680 5172
7 7 1166 2137 2783 3097 4174 4750 5295 5633 6209 6816
7 8 1051 2112 3229 4629 5445 6405 7208 7839 8266 8513
7 9 861 2402 2838 3698 4222 5041 6001 6777 7687 8236
7 10 1603 2979 4239 5162 5721 6580 7357 7952 8538 9745
8 0 1483 1935 2467 3344 4108 5147 6858 7868 8341 8946
8 1 1432 2429 3034 3981 4671 5184 5575 6816 7710 8347
8 2 993 2034 2894 3740 4267 4754 5121 5859 6863 8440
8 3 1316 2462 2960 4051 4422 4851 5372 6064 6893 7625
8 4 704 1245 2190 2900 3603 4738 5517 6400 6803 7415
8 5 877 1915 2370 3067 3695 4439 4953 5518 5986 6487
8 6 617 1480 2261 2772 3315 3722 4373 4746 5345 5858
8 7 1474 2237 3090 4130 5189 5900 6231 7058 8147 8866
8 8 1087 1815 2749 3627 4233 5121 5779 6089 6553 6951
8 9 1266 1938 2631 3125 3691 4298 4959 6146 6960 7366
8 10 1358 2606 3033 4512 5955 6945 7516 8680 9574 11154
9 0 1146 2892 3879 4949 5379 6614 7699 8229 9000 9828
9 1 1149 1886 2589 3232 4014 4595 5075 6371 7230 8308
9 2 955 1922 3059 4029 4366 5427 6530 6986 7336 8311
9 3 1041 1740 2557 3222 3620 4217 5023 6294 7352 8285
9 4 796 1437 2326 2945 4502 5184 6125 6785 7153 7661
9 5 955 1660 2464 3794 4281 4628 5095 5368 5984 6557
9 6 1273 1811 2011 2672 3643 4245 5290 6376 7342 8287
9 7 1174 1703 2598 3213 3813 4311 4809 5537 6177 6703
9 8 477 1873 3127 3805 4967 6310 6995 7826 8313 8764
9 9 1975 2932 4323 5880 7231 8160 8782 9413 10644 11128
9 10 518 2180 3246 4272 5516 6956 8554 8837 9414 10214
10 0 531 1745 3274 4841 5805 6742 7641 8698 10353 11517
10 1 969 1843 3530 4697 5570 6697 7735 8490 9352 10235
10 2 1946 2738 4275 5267 7341 8366 9733 10703 11944 12905
10 3 996 2159 3474 5416 6156 6907 8186 9501 10896 11796
10 4 1293 1806 2848 4490 6328 6897 8770 9585 11098 11513
10 5 1212 2316 3162 4071 5008 5774 6451 7191 7701 8778
10 6 1937 2761 3383 4220 5314 5874 6583 8253 9236 9933
10 7 1267 2600 4488 5825 6595 7384 8046 8989 10668 11826
10 8 1036 2511 4619 6349 7467 9082 9883 12368 13223 15647
10 9 2020 3741 5454 6994 8234 9305 10590 11216 12966 13773
10 10 872 1648 3557 4711 5687 6694 8176 9032 10503 11359
