0 0 529 1293 2206 3166 4076 4647 5663 6518 7529 8453
0 1 1204 2153 3456 4336 5097 6539 6973 7723 8503 9263
0 2 699 1846 2935 3926 4482 5483 6444 7249 8005 8545
0 3 950 1366 1857 2539 3068 3748 4365 5277 5830 6373
0 4 739 1917 2968 3616 4889 5588 6811 7311 8198 8740
0 5 608 1781 2602 3436 4113 4815 5995 7191 8249 9003
0 6 575 1537 2184 2891 3462 4172 4815 5442 5856 6384
0 7 1085 1719 2537 2975 3716 4348 5336 5842 6862 7791
0 8 1194 1997 2653 3393 3780 4616 5127 5466 6345 6893
0 9 855 1441 1678 2786 3692 4374 4936 5393 5879 6458
0 10 1063 1629 2257 2757 3480 4025 5081 5847 6294 7016
1 0 902 1633 2009 2333 2715 3169 3543 3711 3996 4204
1 1 1955 2576 3112 3455 3667 3924 4302 4571 4847 5366
1 2 1496 2160 2540 2719 3183 3622 3894 4390 4804 5267
1 3 1124 1623 2087 2295 2806 3313 3699 3923 4276 4469
1 4 776 1386 1681 2133 2527 3009 3433 3882 4156 4319
1 5 695 1730 2227 2819 3199 3699 4067 4494 5114 5572
1 6 1002 1640 2117 2490 2685 3005 3236 3559 3972 4301
1 7 1075 1800 2478 2772 3004 3367 3699 4004 4498 4893
1 8 932 2205 3034 4407 4964 5451 5734 6232 6831 7282
1 9 1015 2079 3233 3921 4937 5418 6167 6511 6910 7574
1 10 1144 1671 2104 2560 3269 3842 4105 4581 5093 5556
2 0 1421 1768 2303 3144 3656 4395 4955 5558 6032 6270
2 1 1807 2354 2917 3196 3842 4199 4621 4902 5258 5514
2 2 1009 1774 2557 2912 3599 3925 4134 4424 4779 5051
2 3 909 1320 1613 1971 2218 2569 2982 3166 3395 3661
2 4 382 1096 1824 2152 2759 3161 3642 3833 4137 4397
2 5 804 1568 2438 2924 3193 3775 3983 4478 5072 5469
2 6 1074 1625 1970 2448 3262 3580 3876 4305 4684 5022
2 7 1081 1893 2668 3331 4009 4279 4662 5038 5446 5862
2 8 885 1842 2192 2813 3611 4352 4700 4971 5297 5465
2 9 1590 3822 4494 4965 5293 5758 6570 7151 7718 8149
2 10 946 2058 2462 2847 3223 4152 4905 5993 6989 7569
3 0 677 1103 1633 2278 2758 3010 3544 3948 4634 5032
3 1 713 1260 1693 2261 2795 3286 3673 4005 4174 4425
3 2 901 1759 2279 2704 3090 3484 4055 4307 4606 4926
3 3 1888 2558 2866 3377 3746 4080 4588 4829 5291 5538
3 4 950 1737 2483 2765 3013 3346 3549 3909 4153 4477
3 5 932 1291 1885 2266 2700 2929 3252 3773 4195 4698
3 6 703 1485 2176 2950 3506 4069 4558 4879 5228 5471
3 7 1142 2418 2960 3293 3892 4318 4801 5799 6331 6944
3 8 1120 1609 2013 2851 4163 4987 5439 5821 6512 6919
3 9 1125 1911 2919 3557 4749 5351 6215 7265 7846 8772
3 10 1754 3184 3617 4592 5133 5586 6136 6794 7264 7538
4 0 651 1177 1648 2150 3025 3667 4127 4518 5086 5452
4 1 1476 1716 2270 2796 3398 3778 4157 4509 5057 5570
4 2 623 1957 2423 2797 3126 3475 3781 4292 4684 5272
4 3 1044 1853 2171 2806 3018 3420 3806 4095 4587 4938
4 4 943 1634 2390 3077 3625 3971 4390 4727 5064 5299
4 5 1061 1713 2066 2551 2986 3394 3693 3925 4111 4445
4 6 1003 1503 2184 2707 3346 3634 4046 4416 4798 5146
4 7 1075 2368 2849 3223 3848 4485 5297 5665 5982 6483
4 8 1377 2887 3783 4511 5536 5999 6439 6737 7270 7552
4 9 796 1366 1995 2640 3109 3594 4104 4464 5096 5469
4 10 1069 2537 3222 3864 4763 5294 6072 6881 7391 8375
5 0 1650 2418 2876 3347 4123 4937 5631 6827 8064 8622
5 1 578 1591 2253 2617 2877 3213 3601 4100 4402 4907
5 2 342 1140 2010 2821 3377 3792 4595 5077 5748 6245
5 3 1199 1803 2121 2405 2675 3228 3849 4352 4826 5212
5 4 1260 1804 2473 2968 3346 3714 4155 4614 5012 5442
5 5 1031 1994 2461 2857 3542 4043 4460 4816 5289 5593
5 6 1272 1675 2415 3011 3467 3854 4215 4772 5243 5630
5 7 287 1295 1703 2475 3005 3633 4095 4331 4701 5103
5 8 633 1267 2557 2991 3808 4376 5019 5902 6491 7041
5 9 994 2250 3025 3924 4262 4697 5483 5859 7000 7843
5 10 956 2381 3007 4277 4658 5321 5708 6373 7867 8369
6 0 805 2290 2781 3676 4426 5242 5881 6686 7447 7896
6 1 1461 2208 2922 3410 3969 4587 5417 5857 6247 6911
6 2 1153 2120 2839 3484 3806 4410 4957 5611 6131 6637
6 3 865 1545 2110 2650 3166 3798 4867 5570 6012 6659
6 4 1160 1987 2365 2723 3074 3206 3816 4091 4509 5035
6 5 571 1365 1932 2497 2929 3416 3762 4012 4166 4634
6 6 1757 2241 2908 3404 3714 4240 4651 5311 5738 6173
6 7 1107 2480 3078 3389 3688 3911 4288 4808 5249 5700
6 8 801 1290 1850 2537 3205 4150 5191 5703 6108 6602
6 9 894 1616 2401 3708 4849 5367 5926 7324 8275 8909
6 10 985 2120 2647 3756 4926 6190 6863 7642 9010 9968
7 0 1490 2276 3334 3934 4466 5179 6010 6849 7194 8520
7 1 1249 1736 2263 2692 2919 3253 3943 4695 5181 6228
7 2 1243 1989 2811 3474 4074 5161 6198 6618 7449 7825
7 3 1716 2870 3179 3388 3877 4789 5276 5669 6060 6676
7 4 831 1333 2429 3473 3719 4326 4860 5329 5669 6058
7 5 865 1266 2546 3566 4401 4778 5355 6032 6591 7149
7 6 1107 2058 2528 3206 3915 4309 4665 5311 5586 6735
7 7 1288 2207 3356 4548 5079 5907 6625 7292 7903 8631
7 8 764 1435 2020 2443 2736 3232 3840 4403 4871 5302
7 9 1648 2981 3788 4797 5528 6455 6949 7611 9130 9776
7 10 1876 3941 4565 5117 5719 6263 6820 8021 8342 9308
8 0 1112 2098 2542 3138 4209 5202 5833 6191 7227 8064
8 1 1043 2240 3705 4401 4685 4964 5361 6208 6988 7677
8 2 755 1644 2327 2731 3311 3865 4225 4856 5499 6053
8 3 594 1845 2873 3860 4615 4941 5351 5861 6505 7026
8 4 955 2306 3001 3553 4117 4540 4919 5698 7270 7714
8 5 778 1305 1664 2320 2815 3351 3691 4095 4901 5968
8 6 801 1522 2313 2808 3869 4483 4936 5593 6079 7089
8 7 1342 2094 3054 3805 4349 4803 5393 5863 6064 6348
8 8 1669 2960 3803 4935 5566 6805 7313 7888 8547 9433
8 9 879 2060 3080 3743 4677 5351 6972 8175 8778 9490
8 10 2160 3472 4313 5725 6725 7447 8483 9372 10313 11184
9 0 1274 2033 3320 4113 6271 6819 7881 8647 9632 10538
9 1 1823 2927 4139 4786 5508 6172 7427 8180 8725 9481
9 2 1020 1803 2263 2852 3578 5139 5572 6679 7761 9225
9 3 866 1575 1977 2462 3154 3555 4108 4555 5358 5957
9 4 1275 2203 3566 3855 4475 4892 5929 6763 7497 8603
9 5 825 1323 1991 2820 3224 3593 4177 4925 5453 5678
9 6 745 1561 2082 2919 3821 4308 4856 5409 5914 6290
9 7 1581 2742 3307 3917 4505 4983 5604 6417 6961 7543
9 8 929 1849 2803 4093 5093 5855 6320 7182 7648 8944
9 9 613 1360 2231 3215 4303 5015 5565 6139 7127 8298
9 10 1272 2549 3641 5751 7376 9102 10160 11035 12032 13393
10 0 1515 2989 3849 4709 5758 6809 7881 8996 9518 11188
10 1 1318 2047 2705 3312 4353 5383 6270 7062 7528 8939
10 2 601 1591 3241 4495 6230 7034 8000 8978 10296 12108
10 3 310 1872 2835 3771 4573 5920 7006 8404 9704 10022
10 4 666 1907 2993 4524 5139 5929 7036 8483 9854 10383
10 5 493 1752 2272 3123 4498 5572 6174 7383 8309 9008
10 6 1087 2421 3452 4186 4768 6029 7118 8371 9381 10180
10 7 1800 3085 4029 5113 5726 6551 7643 8665 9974 11064
10 8 1563 3558 5553 6735 7484 9755 10789 11626 12894 14002
10 9 877 2248 3068 4134 5223 6658 7629 9847 11812 13965
10 10 2564 4315 6601 7672 9397 10286 12237 12763 14026 15245
