0 0 676 1644 2501 3044 3821 5089 5858 6906 7462 8094
0 1 859 1948 2878 3458 3893 4565 5396 5846 6657 7705
0 2 917 1720 2849 3626 4897 5741 6665 7751 9365 10179
0 3 458 1210 1704 2685 3360 3804 4435 5159 6112 6552
0 4 1568 2383 3299 3967 4506 5534 6948 7751 8298 9609
0 5 916 1978 2433 3250 4456 5218 6142 7075 7904 8672
0 6 1086 1920 2770 3521 4126 4685 5580 6472 7212 8041
0 7 1498 2503 3853 4169 4912 5778 6695 7273 8009 9114
0 8 833 1696 2129 2544 3071 3920 4681 5391 5984 6475
0 9 855 2136 3177 4094 4724 5775 6401 6895 8078 8597
0 10 1135 1830 2962 3400 4745 5186 6329 6859 7726 8689
1 0 797 1682 2180 2584 3030 3445 3664 3819 4284 4587
1 1 913 1812 2092 2605 2911 3361 3702 4018 4593 4825
1 2 574 1134 1515 1943 2288 2746 3067 3353 3907 4170
1 3 874 1515 2011 2508 2845 3250 3666 3950 4472 4902
1 4 1124 2177 2757 3120 3649 3919 4230 4616 4807 5158
1 5 1234 2213 2599 3121 3483 3751 3952 4363 4811 5369
1 6 1225 2018 2603 3238 3807 4301 4734 5288 5516 5812
1 7 839 1816 2240 2711 3313 3587 3779 4083 4432 4738
1 8 1098 1885 2515 2959 3390 4028 4562 4787 5421 5865
1 9 698 2119 2569 2925 3343 4146 4660 5001 5377 5814
1 10 1683 2411 3145 3622 3993 4556 5050 5239 5624 5864
2 0 658 1133 1661 1891 2596 3275 4227 4719 5204 5766
2 1 910 1645 2138 2957 3366 3650 4080 4615 5017 5577
2 2 1000 1757 2315 2682 3116 3676 4080 4287 4500 4725
2 3 971 1227 1459 1991 2464 2803 3111 3283 3442 3780
2 4 1008 1552 2180 2695 3111 3529 3967 4359 4896 5245
2 5 1723 2384 3001 3322 3721 4137 4403 4688 5008 5451
2 6 949 1840 2642 2923 3134 3517 3873 4294 4561 4966
2 7 972 1610 2450 3127 3694 4130 4939 5188 5540 5913
2 8 423 1436 1810 2519 3439 3895 4613 5019 5436 5910
2 9 1034 1723 2319 2884 4361 4612 5489 5813 6665 7724
2 10 976 2289 4058 5097 5548 6496 7473 8587 10241 10840
3 0 897 1853 2773 3271 3761 4084 4442 4718 5203 5835
3 1 1390 1991 2409 3097 3488 3793 4301 4648 4921 5247
3 2 725 1870 2697 3185 3504 3896 4183 4486 4893 5070
3 3 1237 2217 2468 2769 3032 3428 3802 4175 4565 4952
3 4 790 1382 1948 2530 2937 3620 4192 4629 4958 5245
3 5 779 1428 1905 2586 2924 3211 3473 3780 4103 4368
3 6 749 1563 2414 2753 3197 3477 3810 4188 4590 5023
3 7 811 1767 2242 2559 2937 3523 4103 4740 5287 5826
3 8 1310 1816 2502 3026 3446 4206 4784 5282 5772 5998
3 9 1910 3231 3650 4105 4562 5114 6064 7268 7906 9191
3 10 1089 1594 2565 3274 3777 4144 4660 5085 5571 6218
4 0 784 1647 2246 3611 4291 4712 5271 5731 6228 7092
4 1 642 1139 1536 2260 2672 3047 3372 3887 4150 4523
4 2 907 1868 2350 3095 3656 4074 4620 4903 5045 5395
4 3 1719 2449 2865 3237 3798 4145 4566 4793 5249 5703
4 4 688 1213 1635 2034 2348 2637 2993 3242 3630 3972
4 5 927 1777 2449 2893 3447 3953 4266 4454 4867 5123
4 6 771 1203 1494 1905 2135 2664 3170 3812 4596 5115
4 7 1441 2098 2634 3462 3775 4249 4518 4785 5217 5715
4 8 1485 2208 2825 3510 4081 4508 4876 5814 6564 6979
4 9 844 1843 2910 3889 4627 5698 6433 7222 7838 9039
4 10 845 2339 2871 3384 4057 4601 5679 6611 7426 7746
5 0 653 1311 1667 2220 2782 3218 3967 4375 5324 6057
5 1 1242 1702 2088 2394 2609 3065 3439 3837 4249 4601
5 2 1108 1558 2170 2546 2925 3366 3817 4224 4703 5425
5 3 881 1891 2629 2927 3611 4073 4366 4767 5061 5426
5 4 689 1467 2210 2628 3344 3712 3991 4356 4723 4947
5 5 751 1304 1898 2325 2636 3054 3543 3916 4130 4396
5 6 873 2004 2708 3345 4036 4563 5038 5516 5855 6354
5 7 744 1673 2181 2859 3522 3820 4333 4900 5178 5438
5 8 928 2159 2887 3670 3908 4376 5165 5463 5967 6478
5 9 2115 2750 3395 4290 4785 5387 5939 6553 7323 7729
5 10 1448 3001 4203 5027 5637 6300 6959 7787 8978 10045
6 0 1564 2244 3408 4420 4952 5825 6436 6881 7294 8248
6 1 470 1867 2368 2892 3440 3835 4447 4928 5596 6128
6 2 1264 1815 2310 2975 3413 3831 4185 5247 5679 5911
6 3 918 1772 2754 3551 3825 4429 4756 5477 5834 6304
6 4 1257 2045 3021 3738 4251 4492 5081 5581 6316 7001
6 5 1158 2058 2489 3158 3535 4060 4871 5080 5479 6071
6 6 629 1247 2878 3187 3572 3999 4480 4796 5535 6170
6 7 838 1420 2308 2821 3133 3469 3844 4312 4764 5256
6 8 1996 3706 4617 5155 5668 6378 7224 7821 8466 9181
6 9 1166 1804 2484 3488 3966 4826 5776 6607 6992 7886
6 10 1781 2584 3101 3570 4140 4604 5248 5656 6268 7016
7 0 997 1669 2393 2814 3494 4276 5095 5972 6609 7908
7 1 785 2014 2757 3920 4584 5011 5893 6557 7018 7590
7 2 1890 3065 3990 4811 5092 5776 6463 7037 7481 8212
7 3 798 1253 2032 2479 3918 5114 5833 6646 7604 8162
7 4 163 780 1745 2988 3509 4600 5250 5792 6499 6944
7 5 580 1692 2229 2824 3668 4146 4756 5190 5778 6464
7 6 1405 2039 2613 3686 4419 5102 5753 6099 6498 7138
7 7 1223 1782 2161 2799 3412 4053 4521 5340 5719 6313
7 8 681 1391 1932 2352 3174 3755 4711 5007 5649 5953
7 9 1745 2925 4193 5380 5676 6671 7833 8294 9150 10313
7 10 1334 2777 4250 5120 5718 6581 7830 8920 10534 10830
8 0 808 1375 2352 2786 3888 4609 5430 5952 6204 6697
8 1 1079 2152 2760 3165 3878 4240 4669 5212 5814 6648
8 2 474 1384 2370 2988 4110 4999 5825 6904 7616 8597
8 3 1656 2106 2598 3240 3918 4554 5460 6266 6829 7598
8 4 939 1738 2644 3915 4917 5899 6555 7026 7400 7865
8 5 799 1579 2460 3362 4036 4629 5467 6153 6561 7232
8 6 730 2069 2696 3134 3533 4083 4581 5059 5519 5859
8 7 1021 1557 2393 3188 3934 4274 4695 5637 6153 6595
8 8 1043 2448 3370 4991 5708 6534 7088 7627 8013 8442
8 9 1074 2858 3567 5648 6660 7201 8188 9047 10112 10943
8 10 1661 2859 3975 4943 5394 6413 7712 8565 9208 9706
9 0 970 2671 4095 4917 5444 6563 7032 7792 8495 9002
9 1 1124 2027 2715 3615 4478 5318 5796 6513 7071 7750
9 2 1128 2272 3062 4047 4592 5590 6042 6980 7868 8578
9 3 601 1405 2413 2737 3278 4020 5284 5757 6909 7734
9 4 1875 2825 3327 4106 5276 6197 6935 8009 8343 9169
9 5 878 1753 2190 3155 4121 4663 5580 6279 6798 7577
9 6 1136 1630 2736 3460 4281 4904 5413 6116 6802 7243
9 7 1537 2298 2632 3113 3306 4063 5009 5811 6218 7046
9 8 1911 3122 4128 6351 7321 8143 9557 10555 10997 11686
9 9 729 1988 3945 5343 6894 7964 9617 10409 11189 12060
9 10 1069 3010 3920 4947 6370 8075 8758 9981 10191 10862
10 0 973 2258 3169 4627 5906 8182 8869 9823 10916 11954
10 1 1610 2196 2777 3654 4829 5892 6524 7111 7844 8540
10 2 2228 3634 4448 5365 6589 7581 8114 9953 11653 12663
10 3 1304 2599 3929 4709 5618 6685 8920 10164 11356 12389
10 4 953 2295 3039 3797 4558 5607 6817 7588 8625 9201
10 5 1382 2345 2745 3731 4209 5036 5589 7380 8954 9917
10 6 510 1413 2312 3485 4724 5553 7362 9135 10101 11285
10 7 616 1533 2588 4208 5079 6086 7291 8118 9282 10377
10 8 1232 2799 3846 4886 5477 5929 7217 8904 10421 11618
10 9 1569 2786 6087 7608 9252 9847 10679 11358 12450 13523
10 10 2110 4767 6289 8782 10339 12090 12977 14013 16627 17825
