0 0 709 1800 2470 3332 3666 4047 4849 5497 6218 6882
0 1 772 1680 2849 3854 4579 5032 5663 6297 6791 7393
0 2 815 2026 2752 3663 5090 6176 7035 7602 8528 9269
0 3 1130 1940 3024 3549 4275 4737 5368 5979 6811 7737
0 4 918 1684 2407 3257 3900 4545 4953 5389 6053 7054
0 5 809 1299 2417 2915 3635 4535 5101 5685 6347 7065
0 6 702 1163 1452 2357 2942 3498 4319 5017 5539 5925
0 7 1703 2844 3635 4297 5103 5882 6662 7686 8183 8805
0 8 1097 2075 2914 3473 4145 4696 5271 5641 6877 7835
0 9 1406 2026 3188 4111 4921 5883 6803 7528 8389 9029
0 10 632 1616 2078 2836 3647 4619 5057 5521 6144 6747
1 0 1312 2171 3165 3787 4364 4730 5394 5724 6016 6366
1 1 939 1781 2405 3112 3423 3886 4314 4479 4799 5216
1 2 1194 2075 2593 2834 3348 3854 4120 4584 4965 5504
1 3 703 1334 2119 2707 3194 3630 4186 4675 5152 5350
1 4 708 1245 1861 2427 2816 3143 3499 4080 4361 4674
1 5 581 2078 2596 2944 3418 3698 4076 4297 4655 4859
1 6 606 948 1621 2289 2598 3128 3367 3855 4381 4617
1 7 590 1698 2285 2892 3585 4439 4850 5340 5967 6415
1 8 600 1377 2056 2992 3489 4047 4347 4952 5323 5714
1 9 1090 2704 3431 4184 4577 5035 5633 6006 6520 7166
1 10 1051 1737 2047 2294 2706 3118 3584 4171 4588 5097
2 0 613 1781 2548 3129 3748 4221 4737 5011 5665 6322
2 1 1179 1689 2017 2746 3296 3625 4047 4361 4644 5008
2 2 1211 2176 2540 3234 3832 4228 4626 4964 5361 5765
2 3 722 1552 1893 2448 2854 3072 3548 3896 4197 4362
2 4 1042 1389 2050 2410 2840 3200 3703 3918 4165 4456
2 5 1025 2139 2941 3369 3760 4171 4379 4869 5076 5478
2 6 1058 1537 2231 2688 2996 3391 3717 3965 4439 4779
2 7 1356 1940 2377 2803 3248 4254 4558 4905 5229 5661
2 8 1479 2983 3642 4066 4856 5280 5713 5940 6153 6510
2 9 972 1970 2584 3110 4062 5734 6208 6854 7573 7927
2 10 1155 2015 3016 4090 4368 5091 5854 6173 6830 7336
3 0 890 1632 2445 2828 3249 3736 4226 4463 4765 5047
3 1 629 1414 1713 2347 2924 3347 3639 3943 4254 4552
3 2 770 1394 1830 2172 2528 2786 3356 3779 4277 4727
3 3 964 1496 1842 2770 3014 3420 3808 4418 4729 5115
3 4 757 1264 1820 2559 3143 3525 4126 4715 4987 5255
3 5 992 1734 2340 2817 3190 3581 3955 4255 4476 4788
3 6 944 1679 1987 2382 2679 2877 3392 3796 4191 4642
3 7 769 1509 2126 2646 3022 3359 3698 3852 4102 4557
3 8 995 1827 2578 3104 3848 4524 5106 5718 6298 6643
3 9 897 1743 2441 3066 3385 4010 4644 5737 6683 7345
3 10 451 1133 2539 3780 4968 5366 6184 6770 7665 8391
4 0 700 1771 2439 3038 4239 5183 5849 6205 6687 7190
4 1 742 1242 1553 2652 3259 3690 4162 4575 5062 5663
4 2 715 1014 2015 2360 2810 3445 3817 4327 4741 4972
4 3 537 1597 2081 2282 2544 2786 3115 3440 3695 4018
4 4 448 991 1301 1610 1855 2661 3051 3404 3812 4126
4 5 1167 2205 2614 2929 3149 3578 4109 4302 4905 5246
4 6 2186 2669 3071 3426 3977 4299 4768 5027 5481 5990
4 7 799 1983 2566 3108 3374 3713 4008 4382 4836 5400
4 8 1402 1883 2633 3069 3718 4339 5123 5900 6390 6834
4 9 1274 2076 3687 4613 5346 6109 6574 7113 7560 8565
4 10 1847 2743 3812 4797 5777 6259 7061 7777 8321 9101
5 0 355 1225 1998 2173 3143 3632 4183 4728 5203 6045
5 1 854 2045 2798 3667 4048 4707 5037 5586 5905 6419
5 2 783 1354 1578 2089 3052 3600 3967 4548 4999 5190
5 3 1142 2744 3197 3792 4207 4746 5284 5642 5917 6324
5 4 976 1509 2210 2603 2915 3369 3629 4159 4539 4818
5 5 1216 1926 2597 3249 3613 4073 4479 4783 5296 5661
5 6 406 1357 2112 2442 2960 3423 3811 4406 4793 5140
5 7 713 1987 2329 3127 3526 3683 4111 4394 4693 5113
5 8 1027 1648 2720 3463 4132 4548 5475 6569 7400 8248
5 9 1305 2361 3164 4234 4881 5691 6348 6816 7602 8088
5 10 1384 1882 2610 3328 4692 5268 5476 6224 7243 7875
6 0 638 1872 2733 3792 5093 6513 7538 8136 8437 9146
6 1 692 1656 2523 3215 4278 4793 5326 5792 6331 6689
6 2 1070 1937 2521 2957 3398 3798 4302 4608 5551 6003
6 3 1015 1645 2088 3036 3702 4254 4598 5042 5448 5811
6 4 813 1607 2266 2793 3567 4185 4958 5351 6189 6774
6 5 960 1857 2475 3313 3725 4061 4425 4863 5328 5654
6 6 1003 1767 2178 2698 3026 3550 3831 4117 4356 4671
6 7 788 1335 2124 2686 3361 5019 5650 6293 6764 7230
6 8 1211 3175 4013 4715 6905 7996 8665 9224 10025 10502
6 9 1039 2072 3466 4806 6184 7095 8278 8776 9563 10401
6 10 1238 2103 3069 3740 5089 5990 6794 7740 8984 10502
7 0 1778 2888 3101 3448 4147 4680 5261 5840 6806 7437
7 1 2052 2702 3587 4301 5224 5666 6502 7028 7855 8458
7 2 1352 1883 2399 2706 3552 4253 5449 6357 7033 7821
7 3 1326 1987 2930 3369 4143 4775 5512 6159 6782 7049
7 4 808 2070 2904 3384 3838 4502 5084 5579 5923 6458
7 5 2065 2412 2958 3529 3946 4589 5125 5391 5683 5975
7 6 1642 2529 3112 3728 4431 4824 5394 6187 6610 6865
7 7 554 1375 1972 2312 2698 2938 3258 4057 4376 4765
7 8 1051 2102 2462 3766 4474 5311 6255 6823 7436 7718
7 9 961 2057 2560 3358 4173 5981 6788 7535 7981 8387
7 10 1478 2923 3529 4436 4879 6006 6690 7394 8116 8571
8 0 507 1362 2006 3289 4519 5516 5841 6801 7537 8280
8 1 820 1506 2310 2817 3687 4460 4928 5462 6495 7573
8 2 739 1444 1955 2601 3247 3736 4292 5061 5398 5937
8 3 809 1244 2360 3273 3621 4237 5304 5752 6172 6677
8 4 1008 1815 2603 3453 4566 6095 6443 6749 7340 7900
8 5 975 1558 2527 3234 3715 4073 4740 5559 6381 6752
8 6 664 1849 2538 3602 4149 4690 5083 5438 5861 6322
8 7 837 1975 2716 3649 4188 4755 5442 6086 6923 7795
8 8 1068 1797 2558 2906 3379 3887 4364 4844 5438 6189
8 9 774 1847 2847 3930 4125 4715 5216 6323 6698 7404
8 10 1337 2497 3097 3952 4674 5160 5881 6957 7812 9247
9 0 637 1240 2169 2780 3399 5620 6507 7779 8757 10272
9 1 892 1275 2004 3384 4698 5519 6191 6650 7220 7964
9 2 494 1133 2962 4111 4647 5178 5866 6622 7894 8541
9 3 961 1646 2189 2821 3483 4483 4788 5673 6475 7474
9 4 1133 1822 2652 3002 3638 4440 5074 5874 6918 7706
9 5 1597 2265 2865 3430 3998 4689 5589 6309 7166 8011
9 6 1024 1768 3225 3745 4462 5509 6115 6459 7163 7614
9 7 1749 2279 3356 4527 5990 6667 7317 7746 8068 8520
9 8 814 2689 4153 5035 5353 5692 6752 7748 9022 9831
9 9 406 1990 3897 5724 6876 7943 8897 10129 11166 11805
9 10 1467 3279 4289 6382 7579 8658 9723 11459 12232 13900
10 0 912 1527 2140 3118 4113 6067 7284 8127 9502 10112
10 1 837 1874 3427 4045 4395 5574 6814 8222 8697 9558
10 2 1698 2482 3426 4550 6095 7452 8303 8964 9782 10857
10 3 1246 3544 4176 4990 5655 6714 7721 8490 9047 10419
10 4 883 2151 3524 4469 5448 7020 7681 8592 9657 10439
10 5 776 1823 3037 3913 4889 5460 6247 7235 8558 9393
10 6 839 2212 3197 4156 5145 6351 7689 8359 10595 11463
10 7 1179 2455 4135 5051 6241 7576 8434 9397 11247 12686
10 8 1133 2416 3326 4463 5777 7136 8547 9663 11128 11995
10 9 1442 3240 4559 6733 8240 9450 11304 12123 12946 15506
10 10 1116 2474 3633 5004 6206 7822 8861 10081 11135 12715
