0 0 899 1713 2503 2766 3749 4702 5305 5720 6270 6757
0 1 576 1208 1683 2233 3401 4361 5151 6562 7217 8556
0 2 1184 1772 2770 3742 4679 5463 6067 6768 7477 7975
0 3 774 1522 2223 3028 3519 4166 4865 5588 6579 7269
0 4 1043 1881 2535 3129 3837 4771 5508 6343 7009 7731
0 5 1427 2364 3287 3719 4470 5094 5690 6370 7089 7690
0 6 1442 2311 3673 4417 5040 5844 7243 8153 9187 10424
0 7 905 1852 2853 3927 4500 5215 5845 6565 7267 8091
0 8 736 1545 2151 3030 3713 4344 5196 6304 6828 7725
0 9 854 1368 2443 3203 3918 4706 5138 5576 6742 7319
0 10 508 1873 2217 2930 3600 4571 5445 6120 6793 7576
1 0 1455 2078 2371 3130 3730 4108 4413 5090 5440 5695
1 1 1010 1815 2370 2601 3005 3347 3659 3948 4297 4645
1 2 570 1471 1860 2038 2564 2873 3324 3567 3877 4105
1 3 1545 2121 2541 3367 3662 4151 4534 4795 5018 5314
1 4 856 1412 2080 2822 3290 3558 3846 4463 4707 5046
1 5 1391 2347 2786 2991 3421 3916 4136 4505 5188 5390
1 6 1455 2354 3008 3847 4237 4674 4965 5341 5709 6042
1 7 628 1612 2644 3399 3740 4134 4640 5053 5370 5626
1 8 1031 2188 2908 3479 4366 4784 5126 5582 5948 6472
1 9 801 1774 2232 2491 3139 3622 3996 4485 5103 5403
1 10 628 1912 2742 3405 3842 4843 5712 6105 6827 7584
2 0 1072 1847 2477 3075 3498 4185 4782 5191 5462 6093
2 1 903 1686 2037 2548 3008 3437 3946 4254 4779 4987
2 2 750 1456 2148 2712 3210 3939 4315 4684 5059 5465
2 3 811 1296 2203 2807 3281 3528 3864 4287 4604 5149
2 4 965 1665 1930 2413 2886 3234 3735 3948 4192 4438
2 5 1180 1746 2334 2693 3222 3476 3828 4325 4643 4934
2 6 1003 1531 2100 2544 2907 3211 3641 4012 4289 4585
2 7 768 1410 2325 2579 2806 3191 3963 4453 5275 5693
2 8 809 2622 3008 3408 3859 4269 4769 5084 5476 5811
2 9 842 1921 2778 3559 4345 4926 5880 6879 7367 8295
2 10 1613 3158 3536 4500 4966 5513 5891 6334 6849 7481
3 0 1134 1681 2449 2907 3699 4546 4992 5369 5786 6311
3 1 649 1463 1880 2411 2899 3379 3715 4083 4670 4867
3 2 814 1379 1688 1903 2124 2685 3203 3838 4145 4350
3 3 1325 1878 2404 2673 2921 3313 3634 4019 4481 5159
3 4 627 1231 1697 2163 2672 3175 3581 3868 4138 4348
3 5 994 1412 1939 2268 2795 3490 3814 4245 4714 5056
3 6 803 1610 2201 2611 2815 3145 3588 4056 4318 4506
3 7 1553 2395 2910 3443 4172 4649 4977 5787 6322 6575
3 8 1651 2614 2993 3391 3699 4500 5480 6473 7235 7837
3 9 1283 2089 3510 4275 5196 5855 6535 7363 7647 8194
3 10 827 1905 3326 3943 4840 5117 5706 7158 7592 8826
4 0 503 846 1437 2078 2457 2817 3395 3662 4029 4888
4 1 278 1062 1495 1960 2905 3787 4172 5076 5677 6360
4 2 1176 1754 2387 2849 3131 3422 3902 4206 4565 5060
4 3 803 2450 3082 3430 3856 4260 4511 4783 4980 5220
4 4 907 1644 2496 3451 3762 4182 4591 4893 5205 5645
4 5 333 1687 2271 2622 2961 3332 3785 4053 4312 4609
4 6 504 1644 1995 2313 2849 3351 3605 4070 4280 4719
4 7 1114 1969 2519 3424 4235 4887 5231 5643 5940 6505
4 8 557 1109 1804 2447 3342 3849 4184 4488 5013 5623
4 9 473 1325 2834 3647 4220 4579 5535 6168 7027 7379
4 10 1749 2960 3852 4735 5360 6563 7756 8676 9594 10704
5 0 546 1438 2230 2980 4392 4900 5664 6320 7002 8199
5 1 478 1330 2175 2768 3088 3662 4360 4680 5020 5421
5 2 424 1501 2123 2742 3197 3656 4282 4675 5039 5452
5 3 1216 1995 2379 3572 3983 4253 4902 5618 6306 6960
5 4 972 1865 2315 2744 3069 3535 3908 4298 4540 4981
5 5 802 1340 1882 2386 2597 2907 3228 3545 3960 4287
5 6 1673 2367 2970 3211 3476 3909 4189 4594 4989 5431
5 7 902 1684 2538 2957 3426 3850 4337 4947 5598 6283
5 8 1204 1694 2398 3358 3642 4133 5151 5596 5769 6750
5 9 1342 2459 3272 3862 4451 5102 6196 6925 7720 8365
5 10 957 2087 3644 4359 5611 6262 6793 7316 8527 9232
6 0 1978 2460 3062 4127 4725 5293 6415 6984 7827 8270
6 1 736 1875 2893 3227 3546 4203 4670 4944 5429 6033
6 2 576 1446 1748 2317 2678 3252 3864 4724 5267 6176
6 3 1730 2296 2792 3787 4346 5166 5595 6094 6650 7308
6 4 1223 2202 2926 3430 4002 4333 4732 5237 5673 6022
6 5 821 1686 2394 2743 3117 3557 3840 4471 4902 5655
6 6 1213 2569 3302 4116 4692 5287 5578 6102 6681 7018
6 7 1283 2476 2943 3474 4155 4769 5598 6286 6562 7088
6 8 722 1221 1926 2590 3342 3953 4514 5222 5564 6276
6 9 1827 3723 4872 5892 6422 7157 7760 8551 9013 10174
6 10 1949 3337 4310 5215 6151 6780 7956 8741 9392 9690
7 0 903 2121 2712 4342 5606 6283 7009 7859 8226 9046
7 1 833 1705 2819 3186 3622 4055 4636 5599 6063 6585
7 2 1074 1779 2772 3410 3743 4061 4770 5142 5655 6029
7 3 699 1231 2127 2631 3723 4593 5354 5918 7224 7765
7 4 1337 2191 3228 3902 4849 6072 6933 7424 8286 8564
7 5 706 1746 3280 3706 4162 4729 5266 5975 6423 7074
7 6 486 1393 2106 2569 3234 4105 4824 5337 5712 5929
7 7 1195 1715 2487 3100 3583 3951 4435 5020 5421 6077
7 8 1072 1674 2299 2967 3225 4005 4197 4714 5143 5870
7 9 1678 2589 3162 4286 5206 6385 6894 7557 8096 8764
7 10 1345 1714 2532 3330 3929 4884 5796 7443 7950 8796
8 0 968 1616 2423 3318 4211 4675 5119 6540 7418 8270
8 1 328 1005 1869 2537 2808 3314 3807 4488 4909 5478
8 2 801 1502 2269 2613 3393 3982 4520 5630 6439 7021
8 3 812 1565 2301 3235 3869 5177 6712 7175 8203 8677
8 4 1175 1676 2323 2821 3128 3546 3900 4451 4653 5751
8 5 938 1601 2322 2997 3500 4049 5011 5490 5921 6527
8 6 549 1410 2013 2467 3264 3585 4039 4378 4777 5035
8 7 1592 3217 3875 4268 4749 5142 5827 6423 6752 7536
8 8 1071 2754 3394 3801 4753 5253 5933 6588 7500 8202
8 9 1148 2505 3221 3977 4764 5516 6845 8296 8788 9654
8 10 1647 2803 4459 5926 7298 8869 9853 10671 11742 12390
9 0 1093 1766 2070 2861 4286 5209 6163 7247 7950 8653
9 1 873 2225 2906 3515 5003 6170 7290 8350 8966 9395
9 2 1036 1975 2799 3247 3827 5035 5652 6747 7913 9044
9 3 975 1995 2941 4252 5681 6558 7037 8084 8845 9887
9 4 745 2385 3259 3997 4716 5400 6463 7089 7798 8282
9 5 421 843 1556 2479 3002 3838 5366 6094 7618 8260
9 6 571 1477 2407 2962 3537 4167 4662 5093 5536 6002
9 7 1027 2733 4234 4982 5739 6156 6423 6850 7454 7661
9 8 916 1563 2849 4199 5229 6257 7816 9113 9539 9823
9 9 793 2600 3098 3992 4444 5412 6045 6551 7243 7822
9 10 1403 3336 4497 5431 5792 7587 8945 9732 11018 11482
10 0 1478 2785 3770 4345 5305 6075 6683 8349 10123 12231
10 1 566 1810 2546 3749 4745 6102 7700 8144 8921 10486
10 2 905 1911 2510 3992 5812 7047 7586 8359 9766 11067
10 3 948 2463 3434 4435 5591 6480 6920 7432 7943 9095
10 4 1041 2783 3606 4680 5565 6173 7147 8219 9245 10106
10 5 786 1733 2633 3029 3639 4503 4881 5845 7005 7698
10 6 1067 2627 3888 4635 5599 6524 7559 8373 8985 9946
10 7 2441 2988 4139 5390 6502 7367 8000 8624 9411 10626
10 8 983 1741 3553 4602 5326 6794 7743 8639 9633 11019
10 9 3419 5520 6347 6876 7529 9071 10254 12070 13674 14500
10 10 1926 3290 3959 4973 5800 6611 7798 8368 9031 10176
