0 0 1591 2349 3777 4449 5097 6170 6617 7308 7825 8452
0 1 1276 2570 3945 5130 5965 6438 6909 7267 8307 9014
0 2 807 2031 2684 3535 4443 5290 6152 6924 7977 8614
0 3 772 2291 2950 3756 4255 5132 5886 6732 7271 7848
0 4 852 1742 2461 3113 3688 4622 5162 5942 6733 7307
0 5 1045 1698 2438 3342 4295 5285 6116 7477 8317 9292
0 6 1048 1720 2527 3322 4054 4644 5463 6752 7303 7840
0 7 890 1557 2051 2638 3542 4178 4821 6100 6434 6768
0 8 1148 1800 2148 3127 3729 4302 5942 6598 7866 8499
0 9 1593 1898 2789 4071 5237 5849 6656 7939 9154 9910
0 10 980 2144 2858 3854 4643 5209 6065 6764 7672 8723
1 0 1501 2038 2858 3221 3866 4241 4538 4784 5311 5895
1 1 715 1412 1925 2344 2910 3083 3263 3492 3745 4138
1 2 1651 2741 3070 3276 3592 3727 4007 4442 4716 4989
1 3 1196 2317 2944 3254 3738 4086 4574 4850 5132 5533
1 4 339 1154 1790 2113 2608 2949 3439 3955 4349 4741
1 5 1923 2510 3046 3778 4102 4424 4961 5376 5654 6036
1 6 917 1798 2304 2721 3646 4094 4737 5294 5841 6354
1 7 1440 2496 2989 3412 3665 3973 4249 4534 4899 5518
1 8 830 1845 2717 3419 4442 5113 5680 6142 6701 7161
1 9 1129 2011 2471 2956 3448 3781 4126 4612 5125 5842
1 10 825 1525 2031 2837 3402 4232 4778 5647 6290 6933
2 0 854 1884 2381 3049 3573 3907 4292 4691 5009 5486
2 1 1430 2174 2762 3081 3566 3809 4274 4641 4898 5500
2 2 1072 1640 2120 2738 3234 3586 3845 4156 4486 4738
2 3 492 1252 1780 2004 2297 2537 2784 3134 3791 4072
2 4 930 1579 2347 2879 3072 3257 3626 3924 4090 4606
2 5 266 1069 1679 2191 2511 2780 3311 3616 3860 4369
2 6 581 1414 2499 3136 3697 4007 4223 4458 5018 5204
2 7 801 1929 2401 3047 3561 3873 4412 4754 5081 5489
2 8 684 1681 2229 2680 3633 4512 5500 5820 6706 7033
2 9 821 2203 3204 3927 4549 4862 5330 5756 6284 6698
2 10 1112 2040 3170 4283 5496 6805 7646 8134 8735 9344
3 0 1132 1669 2152 2739 3150 3621 3823 4421 4931 5264
3 1 1121 1848 2463 2953 3297 3751 4140 4819 5429 5673
3 2 420 872 1691 2144 2457 2898 3371 3694 3934 4350
3 3 513 1206 1663 2086 2567 2889 3158 3514 3795 4235
3 4 1224 1865 2195 2582 2860 3238 3664 3903 4263 4421
3 5 981 1757 2570 3021 3496 3931 4235 4512 4872 4956
3 6 924 1668 2122 2549 3123 3328 3764 3996 4248 4523
3 7 1829 2884 3227 3745 4212 4605 4863 5554 5758 6368
3 8 986 2248 2983 3548 4011 4449 4697 5140 5755 6410
3 9 1726 2293 2836 3354 3841 4365 4636 5060 5503 5955
3 10 2280 3161 3703 4116 4743 5558 6366 7378 8221 8697
4 0 646 1391 2498 3442 4113 5355 5840 6307 6865 7187
4 1 1827 2070 2772 3378 3703 4219 4696 5012 5289 5767
4 2 890 1569 2605 3399 3911 4665 4903 5242 5770 6267
4 3 663 1257 1773 2165 2771 3441 4038 4295 4487 4817
4 4 820 1329 1923 2310 2793 3100 3558 3955 4399 4724
4 5 861 1498 2105 2730 3378 3796 4356 4583 5110 5361
4 6 1423 2163 2700 3032 3399 3714 4304 4653 4932 5419
4 7 1156 2152 2501 2871 3418 4083 4524 5014 5379 5851
4 8 1870 2326 3018 3466 4566 5003 5493 5994 6719 7460
4 9 305 1357 2722 3830 4665 6016 7064 7848 8725 9570
4 10 680 2037 3138 3725 4352 4728 5049 5773 6351 6952
5 0 1430 2630 3187 3834 4328 5160 5543 6264 6705 7202
5 1 840 1267 1852 2344 3110 4447 5309 5872 6642 7245
5 2 836 1582 1885 2603 3009 3558 4288 5042 5926 6136
5 3 1913 3194 3612 4333 4660 4906 5393 5692 6010 6633
5 4 707 1030 1709 2061 2443 2853 3191 3721 4158 4561
5 5 632 1584 2199 2594 2870 3625 4448 4739 5480 5906
5 6 1108 1903 2479 2667 2953 3291 4114 4710 5409 5823
5 7 1192 1657 2472 2879 3640 4096 4751 5219 6107 6533
5 8 1579 2312 2836 3195 3615 4119 4650 5393 5917 6598
5 9 820 1346 2067 3176 4110 4986 5682 6803 7678 8739
5 10 723 1777 2471 4191 5114 6257 7711 9003 9855 10849
6 0 848 1516 2861 3930 5392 6123 6461 6855 7656 8162
6 1 1276 1730 2253 2550 3212 3733 4448 4881 5567 6487
6 2 570 1291 1978 3327 3785 4007 4414 4751 5259 5895
6 3 286 1138 1624 2444 3134 3574 4228 4945 5454 5861
6 4 1388 2160 2689 3512 4229 4619 5059 5313 6226 7179
6 5 607 1467 2266 2643 3132 3669 3865 4347 4836 4977
6 6 893 1471 1953 2880 3188 4043 4331 4813 5113 5420
6 7 1338 2679 3709 4559 4957 5409 5839 6318 6707 7022
6 8 944 1634 2780 3514 4322 4720 5143 5677 6318 6830
6 9 1202 2833 3428 3982 4310 5197 5764 7058 7486 7841
6 10 1378 3306 4229 5144 6144 7221 8424 9720 10405 10951
7 0 774 1530 2165 3178 3894 4799 5734 6233 6809 7451
7 1 1256 2621 3249 4122 5867 6751 7707 8157 8873 9468
7 2 737 1563 2561 3268 3866 4306 4984 5821 6957 7427
7 3 592 1788 2608 3350 3794 4543 5183 5691 6338 6825
7 4 1203 2286 3120 3679 4422 4815 5736 6426 6841 7333
7 5 1049 1526 2442 2847 3529 4542 4929 5312 5943 6375
7 6 1423 2211 3220 3772 4149 4710 5465 6220 6661 7218
7 7 513 1197 1668 2411 3128 3522 4010 4626 5033 5361
7 8 576 1294 3106 3450 4233 5259 6018 6765 7215 7581
7 9 1722 2693 3724 4424 5394 6344 7161 8006 8910 9181
7 10 1255 3491 4567 4996 5969 6604 7663 8625 10001 11039
8 0 1804 2421 3556 4907 6179 8038 8626 9650 10313 10685
8 1 1125 2253 3134 4229 4914 6309 7248 8386 8947 9399
8 2 1038 1601 2404 3194 3836 4218 4951 5537 6019 6356
8 3 967 1497 2022 2431 2864 3434 3614 4224 4650 4937
8 4 955 1901 2263 3101 4056 4434 5748 6741 7109 8066
8 5 1242 2197 3004 3668 4196 4855 5218 5518 5968 6285
8 6 1370 2452 3221 3594 4281 4940 5542 6646 7124 7476
8 7 406 1808 3016 3918 4365 4762 5377 6418 6780 7534
8 8 1798 2370 3065 3808 4487 4785 6137 6548 7462 8599
8 9 926 1977 3431 4347 5586 6493 7386 8438 9288 10163
8 10 814 2084 4345 6360 7739 9182 10665 11435 12273 12795
9 0 1542 2504 3414 4741 5361 6974 7456 8027 9394 9794
9 1 791 1756 2490 3506 4508 5302 5998 6989 7740 8311
9 2 717 1804 2312 2904 4344 5898 6840 7597 8229 8871
9 3 936 1370 1928 2691 3351 4017 4572 5354 5828 6815
9 4 747 1829 2433 2993 3928 4446 4958 5949 6151 6780
9 5 606 1771 2547 2992 4035 5142 5858 6750 7117 7660
9 6 510 1415 2083 2496 3388 4430 5293 6185 6988 7717
9 7 1369 3144 3590 4464 5174 5585 6787 7406 7963 8608
9 8 1843 2676 3756 4460 5224 6043 6627 7037 7286 7817
9 9 1427 2846 4769 6270 8072 9664 10379 10977 12081 14033
9 10 1190 4110 5427 6434 7523 8294 8930 9479 10260 10727
10 0 1072 3136 4696 5414 6577 7964 8840 9909 10583 11502
10 1 2495 3899 4754 6148 7225 9392 10728 11971 13453 14154
10 2 949 2162 3524 4174 5465 6710 7521 8792 9635 10711
10 3 848 1684 2521 3519 4612 6043 7089 7855 9333 10642
10 4 467 1420 2219 2928 3468 5394 6115 6993 8279 9576
10 5 925 2164 2923 4162 5340 6076 7536 8396 9224 9420
10 6 1176 2029 3077 3738 4539 5627 6499 7120 8187 8995
10 7 1099 1883 3445 3770 5863 6560 8112 8661 9466 10221
10 8 1155 2836 4823 5977 6685 7214 7803 8972 10395 11050
10 9 2089 4429 6145 7466 9481 10782 11312 12471 13689 15529
10 10 1988 2768 4867 5733 6943 7996 9677 10373 11039 12554
