0 0 807 1503 2564 3221 3730 4604 4942 5539 6028 6644
0 1 1023 2032 3274 4796 5378 6737 7358 8527 9161 10049
0 2 1245 1826 2394 3125 4433 5067 5398 5984 6795 7478
0 3 802 1640 2309 2947 3470 4293 4644 5569 6182 7044
0 4 876 1859 2878 3536 4898 6360 7440 7907 8630 9223
0 5 1265 2022 3391 4105 5228 6093 7331 8347 10123 11629
0 6 710 1196 2224 2990 4180 5095 5771 6499 7186 7820
0 7 1420 2539 3344 4259 5007 5856 6313 7212 8341 8750
0 8 792 1931 2960 3618 4163 5052 6050 6722 7566 8141
0 9 662 1691 2457 3027 3330 3775 4306 5379 5940 6535
0 10 969 1533 2241 3342 4094 4927 5712 6310 7091 7779
1 0 862 1341 1899 2499 2857 3380 3702 4058 4560 4872
1 1 1219 2347 3206 3910 4261 4620 5034 5466 5792 6253
1 2 614 1108 1647 1920 2228 2678 3148 3456 3864 4230
1 3 1087 1653 2254 2596 2828 3251 3366 3679 3916 4272
1 4 964 1486 1864 2238 2494 2973 3314 3525 3877 4223
1 5 1104 1707 2693 3055 3541 4219 4906 5484 5759 6233
1 6 1172 2039 2309 2811 3112 3508 3913 4311 4585 4902
1 7 1338 2362 2718 3239 3574 4062 4310 4675 4993 5314
1 8 1360 1815 2554 3023 3519 3880 4443 4794 5372 5672
1 9 923 1690 2455 3309 3974 4675 5172 5644 5993 6309
1 10 1412 2803 3352 3883 4787 5402 5781 6324 6909 7407
2 0 699 1207 1955 2373 2835 3083 3382 3658 4054 4427
2 1 1379 1969 2576 3012 3435 3703 3995 4328 4488 4761
2 2 1437 1851 2705 3126 3438 3808 4214 4589 4920 5235
2 3 848 1332 2008 2810 3534 4017 4463 4761 5200 5576
2 4 1148 1711 2280 2572 2954 3369 3590 3812 4122 4548
2 5 713 1549 1882 2336 2759 3261 3547 4074 4377 4696
2 6 1306 2301 2892 3403 3815 4231 4508 4772 5138 5361
2 7 1341 2120 2699 3548 4050 4385 4705 4870 5194 5495
2 8 1052 1786 2224 2843 3371 3807 4462 4961 5247 5981
2 9 985 2050 3129 3788 4610 5574 7013 7989 8231 8823
2 10 803 1729 2414 2698 3175 3722 4384 4840 5577 5858
3 0 919 1550 2410 2701 2940 3593 3928 4155 4457 5065
3 1 1161 1502 1820 2156 2555 2767 3321 3879 4145 4435
3 2 1160 2080 2364 2698 3051 3262 3869 4208 4607 4781
3 3 773 1142 1656 2020 2410 2779 2998 3170 3581 4040
3 4 967 1920 2354 2962 3531 3854 3958 4351 4628 4957
3 5 754 1436 2246 3045 3790 4253 4896 5423 5832 6176
3 6 942 1682 2352 2764 3241 3862 4490 4620 5005 5318
3 7 883 1537 2344 2929 3447 4218 4517 4905 5429 6027
3 8 980 1751 2501 3070 4331 4960 5850 6220 6758 7339
3 9 1314 2188 3043 3810 4105 5353 6118 6414 7127 7758
3 10 1196 2131 3575 4062 5181 6093 6986 7794 9241 10064
4 0 1155 1960 2898 3752 4112 4530 4982 5295 5897 6256
4 1 757 1539 2248 2769 3553 3955 4791 5134 5682 6380
4 2 708 1341 1991 3412 3875 4287 5156 5577 5984 6461
4 3 699 1204 2085 2627 3043 3471 3804 4199 4678 5042
4 4 767 1516 2136 2547 2968 3208 3601 3828 4132 4470
4 5 972 1773 2161 2654 2884 3344 3561 3861 4233 4681
4 6 986 1509 1699 2058 2689 3142 3461 3877 4190 4424
4 7 515 1715 2224 2905 3582 4140 4953 5480 5947 6653
4 8 2117 2793 3387 3958 4314 5013 5486 6239 6462 6893
4 9 1158 2121 3153 3946 4302 5784 6594 6838 7668 9015
4 10 697 2220 3342 4434 5452 6254 7036 7874 8581 9700
5 0 976 2058 2985 3473 4333 4706 5329 6132 6898 7591
5 1 867 1601 2244 2792 3196 3574 4011 4524 5072 5446
5 2 694 1217 2141 2737 3194 3501 3999 4361 4693 5264
5 3 888 2254 2826 3396 4492 5118 5682 5947 6233 6619
5 4 588 1201 1777 2034 2624 2858 3296 4053 4392 4761
5 5 1180 2089 2433 2864 3187 3426 3625 3916 4377 4746
5 6 765 1216 2023 2515 3177 3628 4102 4544 4895 5344
5 7 889 1966 2295 2707 3121 3439 4135 4643 4810 5045
5 8 1176 2222 3465 4124 5104 5734 6450 7391 7772 8770
5 9 1192 2424 2971 3564 4127 5010 5816 6090 6772 7508
5 10 1023 2866 3364 4353 5526 6070 7250 7992 8510 8738
6 0 625 1186 2172 2905 3553 4056 5007 5445 6098 6502
6 1 1457 2133 2653 3034 3287 3655 4344 4905 5510 5799
6 2 1424 2979 3768 4105 4439 5111 5533 6081 6469 6825
6 3 879 1268 1768 2227 2694 3328 3865 4283 4755 5638
6 4 843 1297 1942 2289 2726 3187 3528 4288 4811 5318
6 5 739 1526 1970 2445 2967 3453 4074 4553 5153 5666
6 6 866 1730 2497 2845 3467 3898 4434 4769 5083 5508
6 7 1270 2477 3153 3799 4274 5044 5432 6066 6527 6819
6 8 1170 1970 2653 3328 4086 4939 5858 6468 7406 8378
6 9 753 1808 3054 4112 4677 4954 5866 6370 6953 7419
6 10 1356 2340 3949 4512 5567 6853 7450 8475 9857 10312
7 0 907 1964 3133 4301 5053 5585 6584 7666 8216 8776
7 1 804 1660 2189 2673 3420 3839 4193 4637 5403 6147
7 2 646 1239 2384 3253 3997 4407 5052 5659 6116 6702
7 3 1436 2366 3061 3661 4212 4797 5309 5977 6507 6927
7 4 944 1424 1786 2346 2742 3648 4512 4951 5582 6233
7 5 1595 2710 3331 4851 5699 6938 7395 7662 7948 8543
7 6 916 2019 2743 3318 4008 4622 5341 6114 6638 7189
7 7 1230 2690 3447 3991 4563 4982 5603 6171 6728 7096
7 8 1627 2047 2606 3241 4119 4472 4760 5682 6498 6964
7 9 1789 2627 3360 4628 5391 6093 7144 8136 8885 9616
7 10 1730 2771 3864 5002 6155 7172 8831 10135 11411 12586
8 0 1918 3203 3917 4776 6143 7083 7872 8776 9967 10805
8 1 740 1568 2437 3216 3750 4422 5053 5569 6394 7248
8 2 892 1442 2286 2884 3458 4638 5377 5929 6319 6822
8 3 415 1223 2176 2852 3696 4127 4789 5372 5924 7098
8 4 590 1295 1880 2537 2956 3535 4090 4688 5404 5906
8 5 798 1524 2738 4128 4649 5065 5681 6160 6480 6921
8 6 823 1792 2608 3635 4012 4677 5137 5594 6296 7343
8 7 875 1384 2493 3811 4304 4801 5200 5655 6191 6619
8 8 711 1819 2601 3407 4437 4867 5648 6338 7180 7950
8 9 1697 3108 4642 5682 6953 8046 8846 9924 10842 11835
8 10 930 1931 3292 4207 6075 7661 8302 9280 10705 11707
9 0 655 1357 2003 3148 4280 5449 6583 7521 9077 10014
9 1 1532 2432 3178 3809 4544 5526 6726 7141 8385 9268
9 2 961 1552 2313 3063 3937 4614 5268 6064 6821 7483
9 3 849 2229 2782 3254 3626 4473 5155 6142 6931 7707
9 4 1170 1943 2842 3705 4503 5312 6102 6679 7467 8258
9 5 589 1070 1443 2248 2877 3329 3923 4481 5042 5532
9 6 1185 1666 2258 3219 4331 5268 6057 6514 7272 8193
9 7 1084 2197 2943 3611 4334 5479 6283 7235 8142 9243
9 8 798 1798 2997 4748 5664 6626 7328 8554 10690 11592
9 9 1205 2231 2816 4101 4925 5720 6319 7686 8449 9152
9 10 746 2178 3089 3622 4232 5489 6610 7875 8679 10555
10 0 690 2178 3319 4558 6687 7670 9088 9668 11066 12255
10 1 937 1896 2493 3254 4177 5377 6517 7996 8990 9888
10 2 1183 2200 3231 4540 4997 5840 6473 7622 9082 9737
10 3 788 2141 2961 3997 5191 7133 7915 8880 10099 10625
10 4 753 2665 3184 4159 4647 5038 5964 7219 8025 8709
10 5 1754 3078 4408 5540 6515 7889 8940 9830 11104 12175
10 6 747 2440 3509 4142 5012 6128 7339 8936 9856 10654
10 7 253 1416 2897 4376 5452 7379 8369 9472 10655 12342
10 8 1053 1957 3573 6038 7252 8904 10534 11340 12466 13578
10 9 1731 3153 4175 5277 6121 7684 8749 9686 10529 11982
10 10 1757 4274 5716 7072 8002 8908 9714 10736 11730 12879
