0 0 313 1380 1928 2172 2533 3174 4088 4400 4823 5592
0 1 893 1875 2327 3317 4125 4908 5698 6518 7342 8053
0 2 349 1303 1906 2447 2859 3556 3946 4910 5391 5786
0 3 638 815 1577 1797 2496 3124 3455 3984 4423 4580
0 4 1342 2138 2725 4093 4581 5416 6185 7633 8136 8666
0 5 1275 2093 2849 3373 3868 4414 5470 6283 6840 7531
0 6 1099 1756 2805 3689 4868 6565 7267 8460 9534 10562
0 7 536 1153 2008 2796 3585 4031 4999 5872 6463 6895
0 8 1291 2183 3566 4394 4939 5511 6357 7021 7940 8686
0 9 472 1074 1361 1791 2267 2814 3558 4111 5050 5444
0 10 959 1753 2674 3400 4383 5051 5978 6503 7273 8247
1 0 1166 1692 2064 2385 2742 2965 3305 3560 3899 4467
1 1 844 1636 2153 2396 2890 3185 3787 4115 4472 4776
1 2 631 1017 1548 1944 2277 2751 3140 3388 3703 3884
1 3 1224 1989 2392 2838 3173 3364 3762 4073 4762 4958
1 4 702 1596 2419 3159 3642 4055 4322 4981 5453 5640
1 5 839 1541 2218 2744 2928 3295 3525 3729 4105 4352
1 6 987 1695 2017 2633 3110 3576 4009 4273 4757 4956
1 7 517 1002 1595 2213 2692 3069 3607 4091 4352 4707
1 8 1581 1981 2623 3154 3777 4056 4458 4825 5203 5594
1 9 1096 1729 2916 4573 5567 6350 6980 7479 7740 8035
1 10 1631 2300 3154 3914 4628 4974 5454 5837 6051 6622
2 0 1545 2196 2962 3560 3886 4353 4972 5332 5806 6232
2 1 1059 1551 1990 2252 2725 3328 3697 4097 4525 5013
2 2 1687 2148 2484 3019 3406 4018 4347 4740 5189 5398
2 3 1926 2569 3176 3576 4098 4415 4854 5137 5506 5711
2 4 1302 1822 2280 2586 2924 3371 3583 3755 3882 4368
2 5 541 1395 2001 2423 3018 3532 3851 4052 4467 4844
2 6 649 1402 2151 3190 3515 4040 4582 5031 5350 5573
2 7 1626 2308 2880 3382 3890 4435 5013 5353 6130 6559
2 8 863 1904 2211 2497 2731 3049 3667 4082 4727 5061
2 9 436 1011 1774 2336 2897 3359 3530 3836 4290 5161
2 10 1440 2248 3311 3982 4583 4960 5795 6694 7155 7470
3 0 1025 1697 2370 2705 3227 3732 3980 4411 4825 5181
3 1 492 1402 2272 2401 2829 3268 3674 4288 4547 4900
3 2 1419 2040 2430 2778 3252 3560 3800 4163 4500 4783
3 3 898 1396 1872 2464 2761 3360 3650 3992 4317 4526
3 4 1392 1996 2824 3292 3874 4413 4791 4984 5388 5636
3 5 843 1780 2716 3206 3741 4079 4434 4795 5137 5430
3 6 496 1289 1733 2010 2417 2966 3635 3961 4194 4488
3 7 890 1713 2457 2951 3479 3962 4206 4508 4888 5394
3 8 1735 3023 3529 4784 5434 6175 6771 7377 7732 8400
3 9 2467 3247 4389 5229 6056 6947 7078 7545 7795 8187
3 10 1389 2339 3928 4372 4666 4985 5363 5790 6379 6988
4 0 592 903 1707 2731 3172 3625 3987 4886 5764 6141
4 1 680 1138 1726 2177 2640 3251 3865 4302 4771 5404
4 2 850 2085 2648 3166 3776 4302 4670 5209 5484 6190
4 3 1289 1866 2754 3249 3540 3882 3985 4495 4751 5152
4 4 547 1080 1551 1958 2582 3040 3492 3729 4213 4478
4 5 652 1334 2099 2860 3250 3721 4030 4290 4518 4892
4 6 755 1729 2179 2617 2994 3150 3505 3829 4286 4769
4 7 718 1810 2212 3085 3783 4257 4475 4972 5502 5788
4 8 1192 1734 2296 3327 3743 4288 4957 5488 6795 7608
4 9 1101 2364 2981 4298 4745 5174 5732 6480 6997 7492
4 10 750 1952 2707 3299 4137 5064 5708 6517 7223 7988
5 0 773 1599 2035 2587 3250 4057 4512 4982 5495 6060
5 1 1130 2514 3027 3527 4130 4463 4943 5442 5826 6097
5 2 1111 2133 2558 3044 3440 3960 4206 4496 4749 5181
5 3 1175 1577 2250 2594 3482 4057 4347 4572 4934 5441
5 4 900 1327 1701 2315 2839 3076 3262 3845 4105 4425
5 5 667 1315 2251 3107 3419 3956 4285 4521 4793 4973
5 6 1381 2148 3153 3575 4028 4412 4988 5432 5766 6143
5 7 1156 1872 2329 2867 3255 3675 3953 4191 4524 5035
5 8 1555 3034 4369 4887 5940 6676 7524 8092 8890 9498
5 9 1384 2257 3026 3558 4244 5161 5826 6317 6915 7484
5 10 1993 3196 4184 4651 5016 5357 6267 7140 7520 8329
6 0 912 1952 3376 4269 5145 5742 6233 6581 7187 8109
6 1 775 2368 2931 3727 4046 4556 5389 5786 6075 6696
6 2 717 1467 1966 2589 3633 4055 4577 5125 5690 6018
6 3 1079 1558 2116 2291 3187 3630 4245 4685 5473 6070
6 4 1101 1749 2730 3319 3952 4522 5018 5322 5931 6441
6 5 1413 2326 3038 3571 4071 4493 4902 5519 5852 6321
6 6 1120 1969 2517 3017 3390 3933 4329 4546 4907 5284
6 7 1439 1898 2398 3322 4186 4586 5013 5516 6080 6414
6 8 1015 2473 2974 3589 4066 5139 5552 5952 6727 7119
6 9 1459 2562 3204 4621 5297 5876 6431 7248 7606 8470
6 10 677 1802 3245 3811 4559 4990 5946 6298 6825 7375
7 0 704 1415 2468 2793 3711 4853 5587 6962 8073 9135
7 1 805 1969 2503 3247 3917 4498 5399 6363 6966 7608
7 2 1095 1886 2252 3001 3871 4574 5414 6080 6823 7152
7 3 1893 2722 3354 3658 4047 4737 5165 5738 6072 6928
7 4 1582 2191 2786 3133 3435 3972 4456 4965 5834 6152
7 5 863 1325 2083 2836 3636 4606 5112 5516 5993 6372
7 6 1220 2102 2967 3364 3996 4454 5204 5557 5858 6679
7 7 622 1388 2253 2915 3239 4238 4923 5550 6037 6547
7 8 676 1765 3265 4132 4844 6059 6706 7146 7395 8088
7 9 1407 2646 3908 4146 4795 5539 6267 6813 7424 8114
7 10 2158 3651 4749 5781 6597 7573 8882 9970 11088 11852
8 0 921 2023 2812 4446 5109 6796 8111 8691 9328 10032
8 1 1216 2174 2707 3236 3930 4482 5077 5844 6494 7205
8 2 1700 2701 3324 4103 4723 5306 6455 7009 7631 8139
8 3 830 1597 2906 3495 4254 4590 4801 5127 5536 6246
8 4 1060 1702 2672 4127 5003 5826 6265 6888 7902 8572
8 5 717 1789 2611 3200 3916 4497 4864 5689 6620 7160
8 6 1030 1755 2873 3886 4831 6366 7428 8274 8658 9049
8 7 605 1220 1979 2403 2819 3219 3703 4112 4863 5743
8 8 1102 2029 2877 3533 4028 4633 5045 5592 6348 7066
8 9 836 1387 2499 2898 3471 4957 5738 6294 6943 7464
8 10 1179 1458 2171 4263 5092 6420 8065 9383 10391 11197
9 0 864 1670 2826 3509 4583 5300 6882 7621 8569 9430
9 1 1606 2363 2954 3391 3894 4501 6176 7617 9100 9752
9 2 826 1903 2754 3329 3808 4252 5327 5956 6783 7534
9 3 594 1768 3002 3603 4658 5331 5961 6847 8347 8700
9 4 1199 2589 3188 3830 4574 5981 7082 7877 9373 10205
9 5 537 876 1557 2010 2660 3051 3421 4014 4520 5011
9 6 772 1903 2805 3430 3906 4576 5204 5846 6848 7672
9 7 1494 2370 3363 3911 4085 4633 5067 5315 5699 6030
9 8 762 1567 2194 2803 3453 3990 4625 5292 5944 6344
9 9 1130 1915 2691 3295 4467 5101 5744 6544 7078 8444
9 10 1663 2805 3645 4383 4956 5222 5858 6164 6465 6861
10 0 1527 2311 5097 6164 7727 9171 10209 11578 12483 14388
10 1 1134 2575 3696 5691 7154 7822 9066 11196 12520 13552
10 2 1500 2293 3393 4305 5455 5988 6914 7752 9313 9844
10 3 821 2166 3103 3906 4625 6099 7488 8752 9727 10676
10 4 710 1805 2892 4146 5087 6516 7213 8593 9729 10463
10 5 831 2037 3125 3740 4613 6021 6964 7883 9869 10581
10 6 736 2154 2981 3649 5189 6078 6857 9134 9809 10570
10 7 894 2408 3210 4122 5048 5711 7063 8369 10501 11138
10 8 1543 2450 3151 3842 5332 6487 7337 8248 9330 10138
10 9 1482 3644 5322 6682 8127 8900 10126 11496 12893 14265
10 10 1581 3224 4055 5429 8158 9300 10458 11982 12664 13671
