0 0 953 1263
0 1 345 692
0 2 19 29
0 3 294 574
0 4 280 583
0 5 4 94
0 6 366 462
0 7 178 277
0 8 35 587
0 9 22 36
0 10 70 91
1 0 32 63
1 1 33 208
1 2 489 520
1 3 9 63
1 4 48 639
1 5 428 457
1 6 26 118
1 7 46 499
1 8 287 1019
1 9 376 493
1 10 55 60
2 0 191 490
2 1 37 176
2 2 14 269
2 3 335 419
2 4 83 152
2 5 92 302
2 6 666 846
2 7 391 681
2 8 1177 1377
2 9 113 138
2 10 126 143
3 0 216 228
3 1 113 116
3 2 40 661
3 3 42 456
3 4 308 739
3 5 16 302
3 6 297 615
3 7 164 215
3 8 11 67
3 9 458 478
3 10 13 243
4 0 345 358
4 1 337 882
4 2 29 71
4 3 143 971
4 4 4 175
4 5 394 687
4 6 85 119
4 7 167 429
4 8 28 169
4 9 19 433
4 10 31 625
5 0 19 59
5 1 114 442
5 2 272 315
5 3 42 257
5 4 477 701
5 5 82 659
5 6 322 728
5 7 91 203
5 8 143 221
5 9 186 193
5 10 694 1005
6 0 487 1045
6 1 104 695
6 2 461 543
6 3 112 419
6 4 230 611
6 5 24 470
6 6 868 943
6 7 86 840
6 8 47 422
6 9 236 430
6 10 58 92
7 0 43 94
7 1 164 190
7 2 345 665
7 3 159 285
7 4 156 541
7 5 159 625
7 6 166 390
7 7 598 1197
7 8 3 59
7 9 197 453
7 10 339 1177
8 0 9 109
8 1 293 585
8 2 11 28
8 3 60 107
8 4 97 105
8 5 597 788
8 6 62 396
8 7 315 334
8 8 4 63
8 9 4 115
8 10 88 472
9 0 258 499
9 1 3 378
9 2 111 381
9 3 24 69
9 4 140 201
9 5 134 160
9 6 444 539
9 7 151 232
9 8 152 535
9 9 646 682
9 10 48 1157
10 0 107 264
10 1 18 28
10 2 122 641
10 3 311 1012
10 4 85 199
10 5 970 991
10 6 21 509
10 7 464 1579
10 8 810 1107
10 9 5 118
10 10 288 540
