0 0 906 1825 2961 3560 4067 4829 5594 6479 7179 7591
0 1 1171 2016 2696 3488 4175 4735 5277 5861 6681 7708
0 2 741 1944 2818 3660 4454 5696 6804 7575 8203 9038
0 3 1004 1849 2536 3119 3564 4079 4430 5875 6918 7701
0 4 1394 1917 2878 4098 5035 6257 6970 7819 8820 9558
0 5 1024 1908 2824 3902 4492 5397 5974 6801 7191 7953
0 6 527 1197 2479 2950 3357 4567 5064 5655 6523 7618
0 7 982 1494 2269 2856 3415 4376 4895 5672 6256 6607
0 8 491 888 1476 2131 2537 3087 3990 4708 5480 6128
0 9 677 2260 2740 3431 3878 4303 5154 6128 6755 7348
0 10 1099 2247 4216 5233 5906 6595 7574 8078 8746 9447
1 0 450 962 1449 1881 2217 2448 2989 3309 3545 4034
1 1 831 1258 1627 1940 2508 2850 3168 3498 3757 4114
1 2 635 1153 1860 2418 2661 3019 3502 4097 4484 4867
1 3 688 1501 1918 2438 2774 3415 3761 4087 4312 4604
1 4 1141 1470 1778 2092 2502 3059 3290 3606 3976 4270
1 5 1181 1581 2159 2624 3077 3501 4007 4420 4967 5422
1 6 1917 2370 3114 3454 4001 4528 5046 5540 5835 5999
1 7 709 1296 2092 2685 3162 3980 4358 4705 5357 5916
1 8 557 1361 1942 2656 2895 3509 3838 4455 4928 5521
1 9 1623 2333 2865 3723 4422 5368 5654 6442 7120 7671
1 10 714 1690 2140 2632 3272 3806 4251 5368 5727 6096
2 0 1057 1847 2224 2639 3061 3326 3791 4225 4604 5410
2 1 1430 2322 2824 3228 3475 3695 4124 4344 4580 4722
2 2 1066 1832 2287 2537 2868 3132 3560 4016 4339 4637
2 3 584 1257 1660 2139 2430 2961 3237 3573 3825 4142
2 4 937 1811 2567 3067 3385 3847 4174 4510 4780 5215
2 5 794 1506 1959 2430 2938 3403 3766 4128 4643 4941
2 6 713 1257 1518 1915 2404 2776 3137 3344 3618 3959
2 7 581 1575 2183 2467 3313 3559 3869 4230 4546 4961
2 8 538 1322 1721 2303 2582 2877 3333 3759 4011 4552
2 9 1258 2133 2843 3035 3776 4504 5225 5939 6720 7535
2 10 1763 2699 4791 5453 6143 6784 7406 7927 8403 8975
3 0 1000 1542 1933 2645 3026 3381 3544 3784 4115 4703
3 1 1357 1957 2485 3061 3805 4645 5127 5524 5974 6376
3 2 2029 2756 2946 3356 3999 4291 4736 4973 5347 5522
3 3 577 1104 1617 2063 2377 2718 3211 3683 4059 4352
3 4 945 2229 2647 2948 3307 3540 3877 4179 4548 4822
3 5 800 1507 1961 2206 2648 3357 3649 3952 4482 4713
3 6 1028 1980 2476 3005 3325 3719 4081 4411 4843 5213
3 7 606 1310 2349 2862 3336 3706 4070 4978 5444 6028
3 8 654 1928 2822 3887 4474 5232 5780 6463 6707 7188
3 9 638 1548 2648 4031 5052 6295 6806 7406 8054 8857
3 10 1032 1707 3301 4782 6337 7270 8825 9538 10482 11507
4 0 948 1665 2869 3455 4060 4868 5419 5948 6232 6603
4 1 880 1748 2255 2613 2990 3470 3818 4046 4317 4614
4 2 605 1709 2302 2840 3409 4301 4842 5335 5753 6102
4 3 1000 1681 2325 2516 3004 3433 3782 4123 4513 4743
4 4 1233 1732 2435 2946 3421 3910 4272 4675 5068 5349
4 5 1047 1688 2302 2889 3633 4030 4481 5188 5527 5725
4 6 742 1457 2000 2271 2686 3069 3460 3960 4308 4523
4 7 1103 1478 1838 2322 2971 3465 3776 4370 4740 5323
4 8 1120 2366 3121 3919 4429 5073 5735 6293 6961 7367
4 9 1763 2384 2893 3552 4282 4934 5448 6066 6557 7486
4 10 586 1466 2648 3042 3914 4479 5043 6099 7196 7601
5 0 662 2002 2393 2651 3101 3689 4261 4854 5693 6302
5 1 989 1668 2445 2752 3331 4366 5133 5692 6490 7062
5 2 1328 2786 3946 4618 5024 5611 5958 6284 6699 7229
5 3 671 1540 2138 2533 3000 3381 3683 4019 4249 4632
5 4 1320 1860 2173 2656 3630 4255 4678 4915 5155 5546
5 5 885 1734 2230 2457 2728 3171 3606 3937 4199 4584
5 6 819 1571 1824 2347 2791 3524 4074 4609 4924 5069
5 7 1115 1991 2765 3254 3734 4023 4569 4917 5432 6080
5 8 650 1429 2506 3221 3961 4795 5547 6499 7575 8273
5 9 1480 2218 2920 3478 4323 4988 5794 6355 7662 9125
5 10 1185 1925 2879 3560 4130 4777 5367 5933 6630 7216
6 0 1319 2225 2932 3283 4273 4709 5189 5897 6875 7372
6 1 1181 1711 2518 3652 4509 5093 5476 6146 6816 7226
6 2 1263 1833 2547 3361 3761 4336 5052 5650 5934 6572
6 3 1308 1668 2258 2835 3536 4559 5085 5615 5931 6502
6 4 779 1520 2284 2908 3196 3593 4087 4327 4873 5585
6 5 1586 2108 2415 2748 3169 3538 3828 4249 4594 5106
6 6 797 1630 2113 2475 2926 3316 3601 4130 4596 5214
6 7 972 1632 2140 2962 3745 4215 4737 5312 5687 6712
6 8 974 1892 2521 2990 4380 5109 5934 6928 8124 8616
6 9 1152 1599 2295 2865 3334 3981 4617 5154 6368 7182
6 10 810 1627 3143 4094 4671 5186 5914 6761 8238 8586
7 0 473 1237 1959 3256 4184 5373 6042 6656 7794 8309
7 1 1316 2495 3057 3533 3885 4759 5458 6114 6634 7270
7 2 934 1531 2494 3292 3767 4866 5792 6281 6989 7473
7 3 995 1907 2773 3219 3706 4279 5164 6263 7124 7858
7 4 965 1784 2891 3579 4176 4470 4848 5515 5968 6334
7 5 1221 1751 2453 3143 3802 4306 4915 5454 6605 7048
7 6 911 1815 2463 3261 3798 4251 4728 5244 5691 5941
7 7 721 1709 2794 3442 4190 4483 5005 5469 5611 6043
7 8 964 1587 2271 2740 3613 4227 5315 5717 6938 7549
7 9 1216 2617 3531 4571 5859 7446 8603 9836 10530 11967
7 10 1953 3372 5072 6650 7656 8833 10035 10764 12254 13267
8 0 1232 2150 3416 3998 4522 5715 6310 7166 8352 9306
8 1 1402 2076 2670 3698 4627 5839 6710 8002 9183 10066
8 2 458 1009 2269 2998 3645 4294 5081 5511 5923 6641
8 3 1351 2226 2998 4024 4536 5431 5900 6370 6785 7176
8 4 1144 1790 2301 3062 3473 4237 4563 5129 6312 6926
8 5 598 1215 2050 2629 3381 3744 4299 4600 4933 5851
8 6 426 1129 2533 2838 3507 4019 4910 5670 6174 6575
8 7 957 2081 2579 3313 4249 4709 5388 5974 6446 6864
8 8 505 1387 2433 2984 3649 4186 4846 5520 5874 6695
8 9 839 2171 3130 4016 4188 4952 5635 6180 6576 7179
8 10 745 2093 4721 6487 8591 9915 10654 11372 12144 12941
9 0 1435 2456 3062 3732 5453 6188 6917 7591 8618 9531
9 1 668 1215 2649 3638 4487 5387 6935 7706 8465 9459
9 2 556 1498 2433 3538 5827 6206 6880 7515 7833 8454
9 3 481 1247 2188 3304 4528 5472 6021 6601 7127 8387
9 4 821 1708 2129 3840 4494 4862 5374 6003 6614 7424
9 5 716 2520 2913 3873 5051 5811 6442 7047 7445 8196
9 6 1078 2130 2742 3442 3933 4794 5116 6071 6664 7112
9 7 1397 2111 2905 4411 5554 6131 7549 8489 9139 9638
9 8 554 1455 2680 4046 4859 6360 7491 8170 9018 9730
9 9 1369 3132 4387 5565 6548 8825 9870 11126 12179 13103
9 10 1540 2714 3922 5031 6182 7653 8866 9816 11107 11783
10 0 1270 2511 4170 5824 7301 9037 10563 11551 12465 13576
10 1 1113 3442 5010 5484 6428 8022 8382 9555 10500 11085
10 2 682 3115 4721 5512 6561 7328 8671 9827 10798 12156
10 3 1240 2604 4699 5243 5908 6443 7303 8623 10363 11710
10 4 799 1843 2908 4825 6293 7032 7779 8458 8980 9913
10 5 1018 2271 3634 4399 5808 7033 7662 8471 9363 10414
10 6 1490 2990 3750 4854 5424 6806 7690 8027 9011 9495
10 7 781 2371 2878 4122 5423 6244 7042 7673 8196 8901
10 8 1282 2287 2874 3603 5698 6821 7844 9119 10635 11615
10 9 1864 3622 4535 5865 7309 8840 9777 10768 11836 13889
10 10 1355 3091 4031 6154 7120 8839 9395 10553 11525 12965
