0 0 910 1728 2153 2845 3503 4239 5081 5829 7054 7556
0 1 410 950 1366 2088 2373 2991 3332 3550 4104 4578
0 2 560 1310 2393 3032 3619 4536 5658 6602 7295 8104
0 3 871 1870 2405 3668 4431 5046 5547 6272 6817 7417
0 4 812 2131 3229 4029 4530 5206 5624 6276 7142 7852
0 5 859 1675 2214 2791 3499 4550 5322 5647 6700 7778
0 6 1102 2080 2709 3357 4767 5422 6218 7221 7882 8500
0 7 637 1259 2360 2968 3338 3750 4567 5126 5880 6235
0 8 1175 1669 2953 3819 4574 5663 6857 7874 8979 10073
0 9 861 1737 2794 4055 4927 6344 7150 7676 8538 9750
0 10 754 1450 2166 2997 4044 4852 5542 6659 7725 8891
1 0 676 1255 1834 2414 2961 3737 4258 4601 4803 5055
1 1 682 1568 1856 2432 3131 3512 3702 4079 4454 4657
1 2 890 1584 2343 2721 2936 3289 3752 4038 4272 4607
1 3 936 1911 2601 3101 3574 3715 4052 4243 4449 4720
1 4 816 1627 2086 2419 2897 3145 3536 3830 4099 4464
1 5 1280 1602 2013 2650 2971 3333 3731 3958 4321 4557
1 6 754 1894 2655 3259 3728 4370 5017 5419 5847 6060
1 7 1048 2004 2694 3305 3839 4315 4728 5173 5578 5933
1 8 1656 3079 3401 3776 4349 4565 4886 5157 5553 5930
1 9 979 2104 2693 3614 4885 5310 6203 6891 7262 7696
1 10 1541 2555 3053 3471 4278 4761 5336 5762 6317 6765
2 0 787 1368 2095 2327 2844 3327 3842 4647 5042 5549
2 1 404 848 1189 1503 1844 2004 2307 2929 3272 3531
2 2 646 1374 1673 2111 2571 2839 2971 3383 3632 3954
2 3 1002 1485 1902 2444 2844 3182 3761 4070 4583 4875
2 4 881 1390 2047 2264 2811 3401 3855 4312 4750 5118
2 5 928 1894 2578 3037 3455 3879 4373 4588 4882 5108
2 6 1148 1798 2468 3081 3577 3824 4156 4625 4870 5032
2 7 1345 1940 2526 3272 3561 3727 4272 5007 5403 5641
2 8 1980 2748 3325 4190 4427 4799 5029 5354 6046 6677
2 9 463 1547 2362 3385 4376 4876 5552 6334 6864 7319
2 10 1503 3389 4267 4681 5805 7044 7744 8381 9035 9404
3 0 662 1292 1942 2526 2837 3013 3616 4272 4786 5017
3 1 1219 1879 2376 2640 3256 3776 4120 4551 4915 5478
3 2 831 1511 1895 2775 3111 3260 3426 3820 4196 4509
3 3 986 2029 2662 3272 3614 4053 4410 5120 5467 5905
3 4 1633 2286 2855 3287 3656 4157 4471 4908 5149 5448
3 5 794 1163 1858 2253 2752 3244 3460 3972 4195 4442
3 6 520 1235 1750 2153 2568 3328 3847 4268 4611 5062
3 7 621 1720 2423 2803 3384 4344 4926 5560 5886 6062
3 8 1077 2126 2670 3490 4369 4897 5472 6094 7000 7545
3 9 1646 2936 3900 4981 5450 5935 6574 7259 7915 8603
3 10 1840 2618 3151 3843 4357 4516 4950 5448 5814 6124
4 0 637 1359 2416 3112 3555 3975 4224 4567 4787 5176
4 1 1662 2353 2872 3490 3770 4413 4825 5128 5355 5671
4 2 589 1209 1719 2021 2445 2864 3109 3421 3826 4278
4 3 981 1645 2178 2444 2892 3437 3796 4095 4388 4643
4 4 706 1190 1740 2146 2480 2945 3096 3556 3958 4180
4 5 577 1293 2011 2610 3426 3679 3944 4099 4457 4791
4 6 602 1569 2128 2783 3074 4046 4325 4643 5016 5384
4 7 853 1863 2628 3221 3617 4121 4673 5030 5628 6064
4 8 1419 1927 2687 3493 4346 4942 5784 6683 7862 8411
4 9 543 2092 2964 3388 4079 5294 5863 6430 6901 7362
4 10 1821 2985 4604 5391 6633 7023 8154 9753 11166 12673
5 0 369 974 1759 2179 2861 3625 4303 4898 5523 6539
5 1 717 1429 2092 2690 3083 3895 4437 4753 5425 5871
5 2 597 1173 2547 3019 3795 4270 4753 5230 5712 5965
5 3 734 1229 1895 2308 2890 3322 3864 4119 4644 5436
5 4 1345 1887 2635 3101 3395 3831 4100 4742 5275 5934
5 5 862 1368 1969 2430 2818 3255 4046 4493 4891 5392
5 6 1395 2007 2635 2937 3621 4069 4354 4739 5117 5545
5 7 865 1710 2315 3026 3655 4020 4812 5363 5688 6034
5 8 701 1778 3151 3595 4136 4305 5319 6005 7089 7840
5 9 874 1675 2827 4042 4366 5097 6663 7323 7922 8560
5 10 1858 2677 3731 4098 4713 6160 6521 7285 7965 8650
6 0 574 1056 1584 1959 2428 2951 3764 4768 5406 5842
6 1 1189 1939 2362 3093 3823 4358 4879 5170 5463 5835
6 2 856 1592 2095 2572 3152 3519 3987 4372 4686 5363
6 3 837 1331 1835 2425 2957 3157 3627 4159 4639 5150
6 4 817 1681 2235 3271 3973 4489 4969 5787 6229 6800
6 5 450 841 1314 1608 2095 2312 2723 3164 3904 4670
6 6 1208 2011 2947 3348 4072 4484 5188 5528 6141 6507
6 7 1099 2474 2910 3284 3731 4154 4641 4903 5156 5693
6 8 1070 1717 2267 3431 4033 4763 5585 6228 6843 7564
6 9 357 1077 1971 2749 3200 3617 4489 5034 5979 6612
6 10 1445 2519 3700 4119 5541 6576 7799 8597 9557 10406
7 0 662 2269 2793 3183 4017 4809 6069 6769 7513 8561
7 1 536 1512 2323 3132 3577 4477 5138 5823 6389 6700
7 2 1099 2145 3141 3381 4566 5468 6091 6877 7428 8219
7 3 620 1914 2660 2972 3302 4313 4983 5328 5858 6318
7 4 882 1510 2213 2675 3027 3638 4100 4548 5081 5390
7 5 793 1739 2595 3130 4077 4451 4868 5412 6019 6326
7 6 1389 2510 3375 4131 4746 5072 5334 5806 6132 6714
7 7 1142 1768 2195 3232 3748 4236 4502 4863 5203 5877
7 8 831 1877 3127 3751 4321 4959 5781 6309 6758 7441
7 9 1260 2431 3010 3384 4212 4770 5104 6056 6453 6756
7 10 1105 2354 3867 4370 5641 6896 7782 8839 9670 10337
8 0 1607 2759 4053 4732 5718 6302 6930 7790 9013 9883
8 1 2003 2854 3515 4704 5810 6316 7543 8507 9056 9490
8 2 1761 3018 3971 5140 5846 6248 7108 8035 8374 9275
8 3 790 1768 2387 2750 3249 3925 4791 5952 6651 6971
8 4 885 1791 2975 3714 4135 4628 5317 5826 6104 6836
8 5 992 1764 2300 3057 3739 4680 5333 5980 6554 6834
8 6 1319 2563 2936 3616 4055 4686 4963 5312 5761 6169
8 7 1787 3020 3484 4159 4720 5414 5690 6214 7043 7333
8 8 665 1419 1676 2545 2851 3931 4775 5279 5973 6241
8 9 723 1655 3248 4044 4997 5688 6163 7397 8084 8531
8 10 2114 3140 3634 4445 5117 5660 7208 7790 8821 9780
9 0 1666 2891 4243 6175 7145 8145 8756 9334 10721 11607
9 1 1763 2847 3814 4538 6511 7217 7516 8035 9156 10231
9 2 857 1707 2468 3020 4157 4967 5336 5764 6585 7504
9 3 1489 2367 2846 4379 4893 5190 5826 6307 7039 7455
9 4 1239 1559 1822 2655 4502 5444 6793 7276 8424 9169
9 5 999 2492 3278 4840 5192 5754 6602 7559 8586 9007
9 6 1228 2044 2831 3630 4606 5149 5687 6131 6661 7412
9 7 393 1700 2269 3313 3968 4687 5428 6010 6360 6893
9 8 958 1686 2144 3182 4123 4746 5617 6285 7936 8464
9 9 1050 1948 3720 4887 5747 6694 8003 8806 9107 10105
9 10 1873 3233 4536 5783 6391 7259 8496 9769 10292 11031
10 0 455 1677 2988 4175 5281 6012 7461 9327 10371 11038
10 1 1166 1915 3078 4107 5063 7215 8394 9474 11171 12321
10 2 1226 2239 2748 4245 6160 7613 9036 9762 10588 12385
10 3 1080 2388 3125 4259 5495 6943 7824 8906 9957 10859
10 4 1197 2079 3322 4829 5747 6444 6879 8253 8929 9517
10 5 1201 3031 3944 5409 6635 7347 8139 9134 10487 11395
10 6 1275 2521 3391 3857 4245 5306 6489 7524 8351 9268
10 7 734 1909 3396 4826 7067 8072 8734 9577 10197 11052
10 8 1138 2046 3571 4698 6744 8380 8975 9861 10692 12053
10 9 1512 2871 4402 4927 6427 7883 8999 10888 12694 14579
10 10 1383 3364 4701 6693 7986 10091 11870 12911 13898 14402
