0 0 1679 2869 4133 4567 6145 7448 8348 9992 11837 13795
0 1 562 1132 2347 3323 4107 4484 5727 6312 7165 8133
0 2 1837 2813 3742 5103 5742 6474 7114 7691 8249 9117
0 3 1018 1400 2212 3132 3503 4126 5003 5612 6343 7289
0 4 890 1634 2033 2411 3109 4053 4771 5311 5710 6119
0 5 856 1792 2542 4093 4904 5558 6211 6543 7503 8584
0 6 670 965 1818 2495 3297 3867 4593 5222 5778 6445
0 7 1409 2110 2923 4097 4684 5850 6333 6914 7981 8698
0 8 692 1308 1601 2516 3370 3874 4346 4701 5481 6124
0 9 824 2035 3218 4231 4923 5818 6888 7801 8574 9623
0 10 702 1741 2348 2896 3671 4603 5553 6452 6747 7497
1 0 978 1604 1993 2335 2882 3446 3899 4056 4348 4657
1 1 480 994 1663 1935 2255 2540 2786 3039 3357 3639
1 2 1145 2075 2658 3285 3448 4051 4547 4959 5180 5577
1 3 708 1524 2152 2429 2852 3311 3706 4085 4630 5016
1 4 760 1727 2209 2750 3176 3308 3524 3999 4322 4616
1 5 1365 1878 2167 2772 2971 3228 3472 3651 4114 4597
1 6 1725 2790 3316 3645 4107 4769 5300 5594 5915 6236
1 7 1191 1425 1752 2064 2407 2833 3359 3701 3944 4200
1 8 1358 2165 2812 3491 3937 4442 4737 5315 5823 6161
1 9 1234 2108 3277 3876 5433 6050 6580 7547 7989 8450
1 10 1338 2261 2704 3158 3567 4203 4594 4882 6189 6704
2 0 1183 1828 2218 2665 3133 3598 3998 4423 4747 5078
2 1 876 1883 2338 2796 3092 3580 3861 4311 4614 5080
2 2 1020 1748 2240 2957 3587 4126 4623 4912 5249 5648
2 3 1157 1739 2086 2487 2952 3202 3477 3694 4040 4620
2 4 1231 2243 3161 3660 4023 4499 5021 5408 5857 6168
2 5 388 1252 1718 2163 2617 3002 3539 4070 4528 5036
2 6 1024 2047 2519 2882 3598 4031 4445 4815 5059 5396
2 7 694 1258 1738 2310 2780 3393 3886 4113 4348 4567
2 8 2610 3335 3761 4107 4745 5188 5731 5906 6445 6786
2 9 802 1865 2900 3494 4436 5366 6231 6968 7967 9014
2 10 952 2410 2741 3612 4353 5590 6352 7207 7707 8522
3 0 1034 1874 2654 3452 4177 4517 4933 5457 6024 6463
3 1 991 1676 2190 2641 3099 3312 3708 3961 4242 4516
3 2 603 1462 1901 2388 2810 3144 3657 3868 4092 4558
3 3 383 1076 1583 2057 2407 2685 3003 3308 3870 4221
3 4 882 1406 2001 2432 2746 3091 3398 3719 3874 4081
3 5 717 1307 2090 2348 2626 2918 3289 3521 3909 4332
3 6 1247 1698 2470 2876 3114 3458 3764 4255 4525 4968
3 7 1066 2158 2442 2862 3416 3931 4460 4774 5592 5875
3 8 1199 1951 2567 3172 3655 4055 4377 4761 5366 5955
3 9 1445 3202 3767 4551 4918 5537 5777 6216 6875 7145
3 10 747 1749 2521 3505 4570 5305 6104 6910 7636 7978
4 0 932 1981 2806 3203 3940 4514 5219 5777 6409 7151
4 1 720 1400 2079 2625 2865 3176 3485 3684 3949 4413
4 2 1143 1510 1959 2331 3084 4018 4290 4665 4962 5550
4 3 710 1149 1500 1789 2292 3180 3581 3863 4372 4710
4 4 970 1544 2079 2547 2844 3317 3876 4463 4704 4985
4 5 885 1865 2288 2665 3330 4037 4326 4564 4978 5385
4 6 933 2776 3622 4223 4857 5209 5767 6482 6765 7181
4 7 579 1252 1563 2737 3271 4023 4294 4559 5135 5694
4 8 2088 3273 3801 4574 5126 5723 6163 6421 7930 8351
4 9 1326 2183 3503 4543 5069 5929 6961 7504 7999 8568
4 10 1931 2617 3443 4418 5323 6192 6690 7668 8794 9760
5 0 749 1287 1856 2346 2922 3701 4188 4832 5327 5988
5 1 832 1385 1851 2201 2854 3232 3875 4258 4950 5643
5 2 947 1365 1960 2758 3260 3489 3884 4124 4513 4730
5 3 694 1543 2071 2946 3432 3749 4157 4570 5142 5581
5 4 671 1479 2070 2398 3157 3364 3835 4231 4798 4998
5 5 887 1554 1938 2269 3100 3551 4387 4966 5427 5822
5 6 618 1945 2567 3074 3424 3690 4003 4520 4948 5150
5 7 1381 2013 2352 3008 3343 3863 4297 5041 5394 5637
5 8 1423 2169 3173 3564 4522 5153 5598 6128 6469 7406
5 9 1519 2836 3917 4610 6114 6591 7390 8230 8527 8950
5 10 392 1457 2475 3383 3914 4870 5398 5986 6559 7445
6 0 479 893 1197 2171 3306 3868 4259 4704 6635 7180
6 1 583 1294 1900 2322 2656 3288 3816 4720 5343 5797
6 2 1751 2443 2873 3482 4009 4652 5084 5309 5952 6615
6 3 1308 2091 2640 3174 3679 3894 4391 4692 5161 5740
6 4 1248 2070 2673 3198 3908 4646 5124 5490 5943 6346
6 5 799 1092 1611 2183 2475 3007 3296 3565 3844 4230
6 6 746 1381 1903 2430 2702 3050 3382 3833 4234 4540
6 7 417 1860 2618 2926 3305 3823 4194 4569 5011 5577
6 8 788 1261 1998 2893 3612 3898 4650 5656 6078 6841
6 9 1261 2533 3916 4735 5770 6618 7548 8347 9446 10628
6 10 1056 2837 3490 5001 5618 6187 6722 7360 8365 8862
7 0 566 1177 2363 2956 3440 4180 4987 5678 6837 7121
7 1 491 907 1878 2500 3571 4056 4898 5551 6276 7030
7 2 976 1847 2715 3140 3602 4050 4785 5246 5827 6999
7 3 1202 1733 2501 2910 3564 4198 4616 5084 5581 6132
7 4 1131 2355 3716 4115 4525 5007 5379 5657 5968 6279
7 5 791 1265 2127 2796 3465 4266 4804 5467 5956 6509
7 6 948 1410 1671 2459 3086 3513 3828 4296 4929 5240
7 7 486 1252 1765 2574 2951 3543 4157 4971 5320 5715
7 8 767 1481 2036 2676 3616 4429 5334 5714 5971 6223
7 9 2363 2907 3945 4370 4806 5549 6024 6504 7060 7658
7 10 1447 3508 5381 6355 8065 8341 8678 8980 9925 10683
8 0 1301 1504 1938 2848 3488 4904 6119 7385 8916 10460
8 1 1323 2065 2614 3568 4468 4756 6127 6627 7276 7626
8 2 1309 2221 2806 3622 4331 5130 5788 6435 7763 8469
8 3 1063 2185 3132 3546 4216 5210 7079 7737 8544 9353
8 4 1257 1782 2478 3268 4041 4496 4837 6516 7643 8302
8 5 980 2473 3081 3471 3979 4901 6073 6589 7337 7964
8 6 1344 2055 2422 2936 3234 3888 4473 4878 5489 5829
8 7 554 1165 1757 3151 3981 4767 5522 5903 6084 6529
8 8 1012 2121 3113 3837 4820 5599 6629 7088 7414 7634
8 9 2052 4284 5468 6502 7697 8737 9932 10535 11141 11951
8 10 957 1628 3134 4689 5841 6789 7609 8816 10754 11534
9 0 325 1454 2334 3039 4104 4838 5650 6713 7786 8152
9 1 1157 1939 2855 3557 4753 6174 7186 8080 8913 9434
9 2 531 1686 2226 2975 3208 4639 5735 6483 6984 8077
9 3 889 2494 3570 4069 5089 5879 6345 6811 7759 9097
9 4 1396 2156 3173 3845 4824 5436 6240 7706 8985 9693
9 5 799 2014 2955 3676 3991 4661 6105 6602 7371 8163
9 6 611 1432 2330 2997 3546 4501 4895 5236 5718 6441
9 7 549 1559 1908 2493 3113 4275 4888 5641 6224 6602
9 8 3174 4272 5310 5885 7426 8641 9593 10149 11380 12050
9 9 1531 2557 3952 7124 8149 8777 9487 10098 11748 12593
9 10 790 1794 3597 4475 4964 5484 6655 7091 7683 8531
10 0 1362 3490 5190 6585 7184 8181 10147 11461 12788 14380
10 1 678 1986 2808 4167 4972 5269 6727 7508 8895 11204
10 2 1465 2418 3294 4585 5224 6457 8020 9362 10263 11763
10 3 1070 2265 3055 4312 5102 5814 6822 8125 9070 9773
10 4 980 1779 3188 4812 5976 7335 8581 9917 11286 11857
10 5 1121 2217 3000 3742 4217 5534 6970 8027 8706 9402
10 6 707 1977 3186 4235 4952 5672 6655 7859 9146 9692
10 7 1521 2735 3533 4504 5625 6918 8078 8863 9595 11086
10 8 1169 2364 4799 6202 7929 8598 9780 11622 13572 16015
10 9 1300 3889 6448 8031 9312 10688 12163 13667 14285 15468
10 10 907 2542 3919 5607 7365 9464 11130 12029 13211 13728
