0 0 73 127 194 264 329 394 456 531 583 638 1 3 3 6 8 9 9 10 10 14
0 1 69 120 186 253 314 374 431 497 549 604 4 5 7 11 13 16 19 20 21 23
0 2 75 126 208 268 331 395 453 514 575 627 1 3 4 8 10 13 16 17 22 22
0 3 56 120 185 241 288 351 406 478 546 617 1 3 4 6 6 12 14 14 14 15
0 4 73 134 205 260 321 367 451 520 568 618 4 5 7 7 10 12 12 17 17 19
0 5 60 119 189 260 323 377 438 517 574 644 4 6 7 10 13 13 17 18 20 21
0 6 81 151 217 284 363 439 502 570 632 688 4 6 7 11 11 13 17 18 19 19
0 7 81 146 212 283 356 402 466 524 589 634 2 5 7 8 11 14 19 19 25 31
0 8 88 158 220 286 355 412 469 539 599 652 0 6 8 9 10 12 14 15 16 16
0 9 68 126 194 246 320 376 451 514 576 637 1 1 1 5 8 10 14 16 18 18
0 10 63 119 164 228 300 382 451 512 581 645 4 7 8 14 16 21 22 23 25 28
1 0 65 134 190 254 316 375 424 485 555 615 0 1 4 4 8 9 10 12 14 14
1 1 66 139 217 277 329 384 427 490 552 597 3 5 7 10 11 13 15 20 21 21
1 2 72 142 208 282 324 406 477 529 588 640 0 2 4 6 7 9 9 10 11 11
1 3 73 149 218 261 347 410 471 532 587 645 2 2 6 6 11 13 17 19 19 21
1 4 61 121 192 273 319 385 450 529 579 651 1 8 11 12 12 13 14 14 16 19
1 5 75 129 183 264 324 385 420 488 547 599 8 12 13 16 17 19 21 21 22 23
1 6 68 122 175 229 297 336 383 439 493 563 1 6 9 11 14 15 18 18 20 24
1 7 71 130 178 230 285 341 390 437 504 572 2 3 5 6 7 7 8 9 12 13
1 8 73 139 199 263 309 366 428 499 552 603 4 6 8 10 12 14 15 16 18 18
1 9 49 117 186 266 340 392 454 515 580 629 2 5 10 11 12 13 16 16 16 18
1 10 70 137 207 256 330 394 437 512 577 629 0 4 6 9 9 12 14 17 18 20
2 0 60 114 196 272 332 396 463 528 596 661 0 6 8 10 14 15 18 20 21 24
2 1 62 134 194 247 323 367 423 492 553 611 2 3 3 5 6 9 12 13 14 15
2 2 60 117 170 224 290 350 406 476 548 607 2 3 4 6 7 9 11 11 13 15
2 3 68 139 207 263 326 374 435 495 547 626 3 5 9 11 14 16 20 21 25 28
2 4 56 116 172 243 303 378 433 488 561 628 1 4 5 6 9 11 13 15 18 19
2 5 74 142 208 277 330 401 471 529 583 652 0 0 7 10 11 13 16 16 17 19
2 6 64 119 176 246 295 348 419 505 570 635 2 3 7 7 10 11 11 14 21 22
2 7 79 152 211 268 316 380 440 504 557 617 2 5 7 11 12 13 15 19 19 20
2 8 72 143 220 272 339 408 457 531 572 612 6 8 9 12 12 12 14 15 18 19
2 9 64 126 178 231 285 355 406 464 538 614 2 4 6 6 8 10 11 12 13 16
2 10 76 132 195 269 327 389 454 502 560 621 2 5 7 10 11 11 11 12 12 13
3 0 84 153 221 269 340 392 463 524 583 664 3 5 7 11 13 17 18 19 22 24
3 1 58 124 193 260 318 385 445 508 570 627 3 7 11 14 14 16 18 20 21 23
3 2 57 112 185 249 311 367 419 485 536 596 3 6 8 12 18 20 22 22 25 25
3 3 92 142 218 283 339 396 461 508 563 629 3 6 8 11 13 15 16 18 20 20
3 4 73 138 202 268 325 389 444 501 555 613 4 8 11 13 15 17 21 23 25 26
3 5 74 144 194 262 322 362 430 504 552 610 2 3 4 8 9 9 10 13 13 14
3 6 94 154 230 295 350 408 459 506 574 622 6 8 9 10 12 13 15 17 18 18
3 7 54 102 165 239 305 374 439 480 539 583 7 11 12 13 16 16 18 20 22 25
3 8 88 138 221 261 331 409 469 520 586 652 5 9 12 13 17 18 20 23 24 27
3 9 77 137 202 262 330 368 439 492 552 613 3 4 8 11 15 16 16 16 16 17
3 10 54 131 188 255 335 400 453 529 597 659 2 5 6 7 10 10 13 13 13 18
4 0 61 121 181 243 308 362 425 474 539 595 4 6 9 11 13 13 16 17 18 21
4 1 68 127 184 252 305 366 429 487 552 621 7 7 11 13 14 18 22 22 23 28
4 2 74 138 201 251 308 352 419 477 542 601 1 6 10 14 15 15 16 18 20 23
4 3 72 132 206 270 348 402 458 528 588 636 4 5 5 7 7 8 9 10 11 11
4 4 81 151 205 270 345 394 451 505 555 621 4 6 7 8 8 9 11 11 13 15
4 5 80 155 226 296 350 423 485 557 602 655 2 4 4 11 11 13 15 17 17 17
4 6 69 128 190 268 324 394 456 520 584 648 5 6 9 10 10 13 15 17 17 17
4 7 67 132 200 259 320 385 452 525 570 604 3 6 8 10 11 14 16 19 20 20
4 8 59 127 179 238 289 331 386 444 487 518 2 3 5 6 7 8 12 18 18 18
4 9 93 179 258 288 343 412 450 516 570 635 5 6 8 10 12 14 17 18 20 24
4 10 68 136 187 239 281 338 395 444 496 557 5 7 9 11 11 14 15 16 18 23
5 0 79 164 230 314 366 422 476 541 602 654 4 6 8 10 15 16 20 23 24 26
5 1 75 134 193 259 325 387 451 497 562 633 5 8 9 12 13 15 17 18 21 23
5 2 84 141 215 289 335 390 456 520 574 644 4 5 10 14 17 18 19 21 23 25
5 3 78 156 208 262 322 380 429 477 536 593 3 5 7 8 8 12 13 15 15 16
5 4 76 143 201 255 328 397 465 539 616 689 0 4 7 8 11 12 16 17 21 24
5 5 58 112 170 234 300 365 432 493 550 609 2 6 7 9 9 10 10 12 15 16
5 6 75 123 184 262 326 397 459 513 576 643 2 4 5 6 7 8 10 12 12 14
5 7 76 145 204 280 332 395 466 532 571 616 3 8 9 12 12 13 17 19 20 21
5 8 75 148 194 256 305 356 408 448 529 606 0 0 1 4 4 5 5 7 9 9
5 9 63 129 190 255 297 353 422 484 531 582 6 9 9 11 12 15 16 21 24 24
5 10 78 131 187 237 294 348 397 452 505 573 4 5 9 10 12 17 18 19 21 22
6 0 75 153 222 292 361 424 494 557 620 677 6 9 16 20 22 24 28 30 34 41
6 1 55 121 198 273 325 387 455 520 566 634 4 4 7 9 11 12 14 19 20 22
6 2 70 123 179 238 283 355 414 469 515 595 2 2 7 9 14 15 16 16 18 20
6 3 72 139 210 273 306 373 447 500 542 594 5 10 11 12 13 15 16 19 22 23
6 4 79 128 179 251 315 385 451 533 577 618 2 4 5 9 11 15 19 20 21 22
6 5 57 113 164 223 283 344 408 467 518 589 2 4 6 7 12 17 17 18 19 20
6 6 76 142 207 280 341 405 458 518 569 632 3 6 11 17 23 24 25 28 29 33
6 7 71 129 186 245 300 351 418 451 495 546 3 3 4 5 6 7 8 8 8 9
6 8 65 139 212 264 316 371 403 445 505 563 3 7 10 16 18 20 22 22 24 24
6 9 75 140 195 251 308 382 426 492 540 584 0 5 6 7 8 8 8 9 9 11
6 10 61 145 214 276 330 383 440 513 591 636 4 5 6 6 8 8 9 9 10 12
7 0 84 147 196 257 315 373 426 494 561 621 2 3 7 11 13 14 15 17 17 19
7 1 65 116 191 239 301 363 449 503 561 629 2 3 4 4 4 6 9 10 13 13
7 2 60 127 187 252 327 386 455 528 614 670 5 6 9 10 12 17 22 24 25 27
7 3 67 141 205 269 325 371 431 502 584 666 3 7 10 12 13 17 17 18 19 21
7 4 61 127 172 225 293 342 415 457 509 578 3 6 6 7 15 18 20 20 21 22
7 5 67 137 202 281 341 404 467 528 603 662 3 6 6 6 10 11 13 15 19 20
7 6 71 126 182 237 285 340 395 458 524 579 1 2 2 5 6 7 8 11 11 14
7 7 82 158 200 269 327 386 454 488 534 583 4 6 7 9 12 14 15 15 16 16
7 8 76 133 181 238 290 353 414 458 515 574 6 6 7 8 8 11 13 16 16 16
7 9 66 112 167 238 289 354 423 482 564 615 3 5 6 12 13 13 14 18 20 23
7 10 77 123 180 223 275 337 384 447 492 538 3 4 4 5 5 8 9 12 13 14
8 0 73 116 180 254 308 366 445 507 560 614 4 5 7 10 12 13 17 21 23 27
8 1 84 139 190 249 311 353 416 474 526 586 7 10 12 15 17 20 20 22 23 26
8 2 89 143 222 277 345 415 490 550 598 675 8 13 15 16 17 19 20 21 24 26
8 3 62 128 212 270 339 377 432 477 534 598 2 4 7 9 11 14 15 17 20 23
8 4 83 153 216 271 331 382 436 490 535 591 1 3 8 12 15 16 18 21 24 24
8 5 73 135 182 237 315 361 438 504 553 597 1 2 5 6 8 11 13 15 17 20
8 6 55 115 165 233 292 359 424 475 518 580 0 4 5 9 9 10 16 18 20 20
8 7 71 151 210 263 329 365 432 507 554 631 4 6 7 10 12 12 12 16 17 18
8 8 67 127 194 255 298 369 419 473 521 581 4 6 7 7 7 8 10 14 14 17
8 9 75 134 199 259 300 365 426 473 526 587 1 7 7 8 9 9 9 9 9 10
8 10 76 142 207 250 317 372 424 481 519 559 2 5 6 7 9 12 14 16 16 17
9 0 65 133 197 245 302 350 419 490 534 590 2 2 5 6 7 10 11 14 17 20
9 1 74 147 218 281 334 384 440 515 559 607 2 6 6 7 10 12 13 15 15 15
9 2 69 137 200 254 321 372 424 491 557 613 6 11 13 17 18 20 24 25 28 29
9 3 96 157 227 291 350 405 462 520 602 659 0 3 6 8 8 8 9 11 18 22
9 4 61 118 157 219 267 321 377 428 494 571 2 5 5 7 7 8 8 12 18 20
9 5 67 144 205 258 319 373 422 505 547 596 2 3 6 10 13 13 15 15 16 16
9 6 81 144 196 268 347 401 434 491 545 589 2 3 4 4 6 8 8 12 12 13
9 7 61 130 213 279 339 394 443 526 569 628 2 3 5 6 7 9 9 10 11 15
9 8 82 145 215 275 328 392 442 483 544 616 2 6 6 10 14 16 17 18 20 24
9 9 80 147 202 280 333 373 415 466 518 567 1 1 3 3 6 6 9 9 10 10
9 10 70 134 193 252 306 379 423 462 507 546 0 0 2 3 6 7 7 7 10 12
10 0 71 138 201 264 335 400 491 555 614 682 4 7 8 9 13 18 23 24 27 28
10 1 57 110 189 236 296 350 409 461 525 577 2 7 9 12 15 15 17 17 17 19
10 2 79 157 224 292 349 409 453 499 551 605 3 5 7 7 10 13 14 17 19 21
10 3 65 115 172 253 305 379 434 497 549 632 2 5 7 8 14 14 17 20 20 20
10 4 69 136 195 257 311 361 399 444 516 564 8 8 8 9 9 12 14 17 18 21
10 5 55 121 196 252 320 401 442 495 553 633 5 5 8 10 12 13 13 13 14 16
10 6 66 117 180 241 314 381 450 498 533 585 3 6 7 9 11 14 16 17 18 18
10 7 64 131 168 232 275 330 378 428 490 556 0 2 2 3 8 9 10 11 12 15
10 8 64 135 215 272 314 379 445 500 551 598 5 6 8 10 10 12 15 15 18 20
10 9 59 122 181 231 290 336 398 465 518 570 2 4 6 6 6 8 10 11 12 14
10 10 70 150 214 264 306 341 386 448 505 554 1 4 5 7 7 7 7 7 8 11