0 0 76 148 209 277 353 408 453 515 580 649 3 5 8 11 13 15 18 18 19 21
0 1 68 143 198 262 336 407 474 543 610 690 3 8 13 14 15 17 22 27 30 34
0 2 81 154 204 268 328 382 432 495 563 628 4 7 8 9 10 11 11 14 16 16
0 3 80 142 220 287 356 421 475 535 604 679 3 6 10 15 19 19 20 21 25 27
0 4 74 145 217 274 344 417 473 534 599 678 0 1 6 10 14 18 18 18 18 20
0 5 75 135 196 262 334 407 470 525 589 655 4 7 8 10 12 15 15 18 19 21
0 6 76 155 203 280 338 393 456 536 600 680 2 4 7 7 7 8 9 12 13 16
0 7 56 113 167 256 317 377 453 512 565 635 3 4 4 7 8 10 13 14 19 20
0 8 70 137 209 285 353 430 503 570 624 680 2 3 3 4 5 7 9 10 11 11
0 9 68 128 191 257 317 367 434 494 560 634 2 5 7 8 8 9 11 13 14 17
0 10 70 127 204 261 313 382 446 505 571 642 3 6 7 7 10 12 14 15 15 18
1 0 73 147 211 293 364 427 506 550 598 652 1 4 5 8 11 13 14 15 15 16
1 1 74 162 212 272 349 409 478 542 599 640 2 4 4 6 10 13 13 14 14 15
1 2 77 143 217 274 349 419 492 545 588 635 2 3 7 7 9 12 12 16 17 18
1 3 63 146 225 286 344 413 477 515 596 670 2 3 5 5 7 12 15 17 17 18
1 4 73 133 194 229 293 350 418 483 535 587 4 5 7 10 14 15 15 16 18 22
1 5 80 149 217 281 339 393 444 497 549 600 5 6 8 11 11 14 16 17 19 20
1 6 69 122 185 243 303 360 410 470 534 601 4 4 5 6 6 8 10 10 13 16
1 7 68 128 184 262 340 398 462 523 596 657 1 6 7 12 14 16 19 22 26 32
1 8 75 142 209 277 319 390 441 505 568 632 3 7 7 11 12 13 15 18 21 22
1 9 65 128 194 246 297 359 402 457 501 541 4 6 10 13 15 19 19 20 22 23
1 10 84 167 243 297 354 413 456 519 569 628 5 7 8 9 12 14 16 21 21 22
2 0 68 135 192 267 329 394 451 506 572 619 7 7 10 14 18 19 21 23 24 27
2 1 80 148 215 275 351 416 481 536 601 664 7 7 8 9 9 10 11 13 15 15
2 2 79 143 217 277 331 379 450 520 573 624 3 5 6 9 9 11 13 16 17 17
2 3 81 149 212 265 338 392 440 515 574 643 3 7 12 13 15 16 19 21 22 25
2 4 66 123 189 262 325 393 454 521 582 643 8 13 18 19 20 22 22 26 27 27
2 5 78 131 185 256 300 360 421 473 551 610 1 5 8 12 12 12 19 22 27 27
2 6 58 126 194 257 317 373 447 503 558 610 2 7 7 7 9 12 14 14 16 20
2 7 69 147 220 291 344 420 488 554 622 660 1 7 7 10 11 17 18 19 20 21
2 8 53 103 164 240 292 347 412 464 502 557 1 4 5 8 10 11 12 13 14 14
2 9 68 134 192 253 310 378 420 473 512 574 1 6 8 8 9 11 13 15 15 15
2 10 76 140 199 251 314 381 450 510 576 641 4 6 7 8 10 14 20 20 21 24
3 0 67 120 199 252 326 384 432 495 567 621 1 5 6 8 10 11 14 16 17 17
3 1 69 140 207 267 326 378 446 522 577 644 1 4 5 5 6 7 10 12 15 16
3 2 73 146 211 293 368 427 477 538 613 695 4 5 5 7 8 9 11 14 18 19
3 3 61 136 187 242 291 346 412 474 544 585 2 3 6 8 11 14 17 23 26 28
3 4 73 151 215 277 348 405 476 529 595 660 3 3 7 9 13 15 15 15 15 17
3 5 76 144 210 264 338 411 475 519 568 632 6 9 10 13 13 18 20 23 23 25
3 6 73 131 210 272 339 405 479 548 593 655 0 1 1 4 6 7 11 14 17 18
3 7 71 146 209 269 334 407 468 524 592 642 4 7 10 11 16 18 19 22 24 26
3 8 60 135 188 244 294 348 409 466 517 577 4 7 8 8 11 14 16 16 17 17
3 9 75 131 208 274 337 394 452 482 551 614 3 4 5 7 7 9 11 12 16 19
3 10 70 134 207 264 305 371 434 473 521 575 7 8 12 14 15 18 20 21 21 22
4 0 65 145 216 285 347 393 454 516 571 634 0 5 8 10 11 12 12 12 14 20
4 1 70 135 204 264 335 394 466 534 596 652 1 3 4 9 10 10 15 16 20 21
4 2 66 142 205 263 325 378 422 486 547 609 5 12 12 14 14 17 17 18 19 21
4 3 68 128 192 245 301 350 422 468 529 576 2 2 5 8 9 11 12 12 13 15
4 4 63 122 180 252 323 395 478 546 608 687 1 1 2 2 5 5 8 10 12 16
4 5 74 137 191 263 345 401 461 529 590 648 3 3 5 6 10 10 13 17 17 18
4 6 72 143 221 275 325 386 434 495 563 618 5 6 14 16 16 18 20 22 23 25
4 7 74 140 197 263 311 381 427 494 541 613 4 6 11 13 16 17 19 24 26 27
4 8 56 122 180 247 296 368 415 470 519 560 4 6 7 9 12 13 17 18 19 22
4 9 61 115 183 247 311 353 395 468 512 571 3 5 9 11 12 13 14 16 17 22
4 10 67 127 172 225 283 336 369 416 487 540 2 3 3 4 4 5 6 9 12 14
5 0 70 137 220 286 354 410 459 538 614 681 6 7 9 11 15 15 15 18 21 23
5 1 56 114 166 236 295 353 414 470 532 617 3 5 8 11 11 13 14 16 20 25
5 2 92 162 224 270 336 415 488 546 604 690 2 6 10 10 12 12 16 16 18 22
5 3 79 141 195 274 334 393 443 481 547 608 3 4 6 8 14 15 17 18 19 22
5 4 77 132 186 227 294 348 375 417 496 548 5 7 10 11 12 14 14 14 16 17
5 5 63 110 166 235 310 361 411 508 564 632 1 5 9 11 12 15 16 19 20 21
5 6 70 127 180 251 295 357 419 484 549 609 2 5 6 7 7 8 8 10 11 12
5 7 77 130 201 251 300 362 401 459 534 593 6 6 7 7 10 11 14 15 15 16
5 8 73 124 179 250 304 353 396 447 489 546 2 3 4 7 9 13 13 13 14 17
5 9 88 154 218 272 322 382 443 491 535 582 3 4 6 8 10 11 13 17 20 20
5 10 66 120 180 250 287 334 380 438 497 538 6 7 7 11 11 13 15 16 17 18
6 0 71 139 190 249 308 375 442 492 559 635 4 8 9 12 13 15 15 16 16 16
6 1 65 122 194 260 327 413 477 535 595 655 0 1 1 4 7 9 9 11 12 14
6 2 57 132 204 268 333 402 466 530 592 636 2 3 4 8 9 10 12 15 19 20
6 3 66 129 192 254 313 371 438 510 566 637 0 2 5 9 12 14 15 18 23 23
6 4 77 120 195 263 329 397 449 530 596 646 4 5 9 13 18 20 24 25 29 32
6 5 70 144 200 252 310 369 425 485 545 606 5 5 6 7 8 9 11 14 16 16
6 6 55 130 180 244 300 369 403 455 507 558 2 3 4 5 7 11 11 12 14 14
6 7 74 132 193 247 306 360 434 482 547 591 2 5 6 7 10 13 14 14 15 15
6 8 78 131 189 254 320 380 450 494 559 627 2 3 5 7 7 8 9 11 13 15
6 9 72 129 188 238 299 364 417 475 529 586 2 5 7 10 11 12 16 16 16 18
6 10 58 131 189 211 278 325 375 443 498 555 3 4 11 11 14 17 20 24 24 27
7 0 84 141 196 263 304 357 422 476 541 599 1 4 5 7 8 9 10 10 12 12
7 1 70 113 201 256 331 397 465 522 577 639 0 2 3 5 6 6 8 10 11 12
7 2 83 127 197 264 319 402 457 506 561 602 2 4 5 7 9 12 13 15 17 19
7 3 77 143 200 269 321 379 439 528 607 676 2 4 5 7 7 7 10 12 14 14
7 4 64 122 192 237 303 358 407 467 536 596 4 7 8 8 10 13 13 15 15 16
7 5 69 125 187 236 311 363 427 474 527 575 2 4 5 9 12 13 15 15 17 18
7 6 65 134 189 266 327 377 443 504 570 628 2 2 3 4 6 9 10 15 19 20
7 7 78 149 219 266 327 389 450 529 581 643 3 3 4 4 6 8 9 12 12 13
7 8 95 149 215 280 332 396 440 502 545 593 1 3 4 5 8 14 14 17 18 18
7 9 69 133 215 277 322 383 433 498 556 622 1 3 6 7 7 7 7 8 9 10
7 10 64 121 179 234 293 331 383 431 486 535 1 3 4 7 8 12 14 14 17 17
8 0 65 122 186 273 349 410 465 530 583 637 7 7 10 14 16 19 22 24 26 30
8 1 65 129 189 246 309 365 425 481 568 621 0 3 5 5 5 8 11 13 18 20
8 2 74 137 212 270 328 386 444 501 580 642 2 2 5 6 6 9 10 12 16 16
8 3 77 147 217 264 310 371 423 472 541 594 3 3 7 7 9 13 16 18 19 23
8 4 93 162 230 292 343 387 450 524 578 622 3 6 8 8 9 11 12 12 14 15
8 5 67 125 195 248 299 353 405 471 514 589 3 6 9 10 13 15 17 22 23 26
8 6 74 123 183 241 309 369 424 458 517 575 4 4 9 9 10 14 15 15 16 21
8 7 73 149 207 259 328 388 458 510 572 623 2 4 7 11 14 14 17 17 17 18
8 8 67 137 207 288 343 422 461 507 569 622 3 9 12 13 14 15 15 16 17 17
8 9 67 132 201 259 315 370 420 470 533 595 2 4 6 10 12 15 15 15 18 19
8 10 63 113 186 230 287 340 403 458 511 583 0 1 2 3 6 6 7 8 12 12
9 0 60 117 184 259 326 399 478 549 596 654 5 8 9 12 14 15 18 21 23 27
9 1 84 151 216 264 338 404 456 530 599 669 1 1 3 5 6 10 11 13 14 18
9 2 92 130 181 236 290 342 393 449 525 587 2 2 3 4 9 10 11 12 14 17
9 3 58 117 179 234 281 351 413 471 527 575 2 7 8 8 9 13 13 16 18 18
9 4 62 112 166 214 278 343 393 455 533 584 1 1 6 6 8 8 8 10 10 13
9 5 64 129 199 238 285 333 387 442 496 538 3 8 11 12 12 12 13 16 18 20
9 6 58 124 179 245 322 393 462 521 565 636 2 3 3 5 7 11 11 11 14 15
9 7 66 124 189 255 310 377 437 492 552 609 3 5 6 12 12 16 19 21 24 24
9 8 65 97 161 229 265 302 356 419 493 544 4 5 8 9 9 14 16 17 20 20
9 9 72 127 200 266 337 385 429 487 541 592 2 3 3 3 7 7 8 10 11 13
9 10 56 114 162 210 260 325 394 445 508 558 2 7 10 11 12 13 14 15 17 18
10 0 77 149 203 245 293 356 433 483 537 589 4 5 8 9 9 12 14 17 21 23
10 1 80 150 215 284 350 414 466 511 574 629 3 4 6 8 11 12 13 14 17 19
10 2 61 142 195 255 308 365 423 464 530 581 1 2 4 6 7 11 12 13 19 20
10 3 93 151 216 290 339 394 459 530 593 646 2 4 5 6 8 10 11 14 14 16
10 4 73 141 190 249 315 366 402 459 520 594 3 3 3 4 5 7 7 9 10 10
10 5 86 154 208 288 349 403 457 507 571 627 3 6 8 10 13 14 15 15 15 17
10 6 70 145 222 295 335 387 458 513 554 608 2 3 8 10 11 12 16 16 19 20
10 7 62 125 155 219 278 331 374 444 497 561 4 4 4 4 4 4 5 8 11 11
10 8 69 128 178 229 280 338 403 467 534 580 3 4 5 6 6 11 12 12 15 15
10 9 53 111 170 241 283 351 391 455 512 583 2 4 8 8 8 9 10 10 14 15
10 10 62 136 201 250 314 383 427 494 541 590 1 1 5 6 7 8 9 9 14 15