0 0 64 139 206 257 324 386 457 518 585 664 1 2 3 4 5 9 11 14 15 16
0 1 71 144 209 272 338 410 456 523 582 638 0 1 2 3 5 8 8 10 10 12
0 2 72 134 201 252 340 404 454 522 586 655 2 5 6 9 9 11 12 14 14 17
0 3 67 124 194 263 326 399 461 540 594 665 1 3 4 5 6 8 12 15 15 17
0 4 74 145 201 269 349 429 495 554 633 706 2 10 12 14 15 16 16 16 21 23
0 5 83 162 218 266 333 391 443 521 601 661 1 1 3 3 5 8 11 14 17 21
0 6 72 139 205 256 303 360 429 478 545 601 0 4 10 10 11 12 13 15 17 20
0 7 63 129 205 255 307 373 439 501 560 620 3 5 11 16 17 18 19 21 25 30
0 8 57 119 168 243 325 371 448 503 557 623 1 5 7 10 15 15 18 20 24 25
0 9 86 153 198 271 320 390 460 538 613 676 7 9 9 10 13 15 19 21 24 25
0 10 74 119 187 241 308 386 452 507 583 650 4 5 9 10 12 17 19 19 21 25
1 0 50 128 196 251 321 408 477 539 600 657 0 3 5 8 10 12 14 15 19 20
1 1 77 128 183 233 304 368 442 507 564 608 4 7 8 9 9 13 14 16 17 17
1 2 70 136 208 267 325 372 410 467 520 588 3 4 6 11 12 13 14 14 14 15
1 3 64 135 186 226 258 314 363 417 482 539 3 6 10 10 11 14 17 18 20 21
1 4 62 144 222 258 325 385 446 511 572 625 4 6 8 9 11 14 17 20 23 24
1 5 64 125 183 233 288 358 417 476 535 581 3 4 5 6 7 11 12 14 18 19
1 6 64 141 195 248 307 398 455 525 596 647 3 6 7 9 14 17 19 20 22 23
1 7 74 138 187 263 317 381 440 493 551 599 4 7 8 8 11 15 17 19 19 21
1 8 83 147 213 262 331 394 444 485 544 600 6 7 12 14 14 17 17 19 21 23
1 9 87 158 231 291 368 423 479 540 616 647 4 5 9 10 11 13 14 14 16 17
1 10 69 122 167 238 300 356 410 464 516 561 5 8 8 9 12 15 21 24 25 25
2 0 87 168 234 308 368 435 498 570 631 689 2 6 10 12 14 16 17 20 20 22
2 1 72 147 208 280 343 396 462 539 593 642 4 8 10 12 13 14 16 16 20 21
2 2 78 127 200 258 328 394 453 496 550 593 2 2 7 8 10 14 19 19 21 21
2 3 74 139 198 252 314 377 430 489 550 613 1 2 5 6 7 8 9 12 14 18
2 4 74 136 188 254 324 387 456 514 576 611 2 4 8 13 18 20 22 24 25 27
2 5 74 130 183 249 312 367 420 479 535 596 4 5 6 9 12 13 15 16 18 22
2 6 56 110 180 248 319 389 441 497 559 627 2 9 14 15 16 16 16 17 19 19
2 7 74 148 196 262 325 367 423 462 509 588 3 5 6 11 12 14 16 16 17 19
2 8 47 124 188 260 329 393 440 493 537 592 0 5 10 12 15 16 19 22 24 27
2 9 63 124 177 245 304 372 428 492 547 603 1 3 4 6 8 11 13 16 19 22
2 10 62 123 176 246 296 369 429 504 548 594 2 3 7 9 10 11 12 15 18 20
3 0 70 139 209 250 319 372 429 499 580 635 3 6 7 9 11 11 12 15 17 19
3 1 63 133 188 261 308 383 457 509 588 641 3 4 6 9 11 15 17 18 22 25
3 2 81 137 209 265 325 380 452 514 572 641 3 5 5 6 7 8 10 11 11 11
3 3 79 144 203 263 304 354 415 481 543 588 2 2 3 4 5 5 7 8 11 11
3 4 87 163 227 284 340 405 461 514 569 651 2 3 5 8 13 17 17 20 23 25
3 5 70 124 179 240 299 363 417 477 539 587 4 6 9 11 12 13 14 20 22 22
3 6 48 114 167 211 271 325 391 449 507 546 0 5 7 7 11 13 15 15 15 20
3 7 75 141 200 248 326 391 455 509 576 644 3 7 8 12 12 13 14 15 17 19
3 8 76 151 196 254 326 377 422 487 535 606 0 2 3 7 9 12 15 16 16 19
3 9 73 156 220 281 324 366 426 501 570 619 0 1 4 4 7 10 11 12 17 18
3 10 82 153 215 291 353 411 447 507 564 630 3 6 9 9 11 15 16 19 23 26
4 0 74 131 199 256 312 382 450 522 586 640 2 4 6 10 11 11 12 13 17 18
4 1 64 112 182 234 308 356 411 465 525 593 5 6 6 8 10 12 14 15 16 17
4 2 75 140 187 253 324 386 449 520 593 656 1 3 4 7 10 16 18 21 22 25
4 3 60 122 184 248 323 385 428 481 534 582 4 5 7 9 9 11 11 12 13 13
4 4 73 137 196 272 351 411 477 544 608 658 6 10 10 11 14 18 20 20 21 22
4 5 49 105 154 226 291 352 395 436 509 556 2 4 4 11 12 14 15 15 18 19
4 6 74 158 224 271 330 391 464 498 559 610 1 4 5 5 7 11 11 11 12 12
4 7 67 135 207 283 372 427 491 539 610 667 4 6 8 10 13 13 16 17 17 18
4 8 78 145 193 246 315 362 419 478 532 598 1 2 5 7 10 11 11 11 13 13
4 9 64 138 200 267 323 376 443 492 520 579 3 4 8 9 10 10 11 13 13 14
4 10 69 129 197 246 319 366 426 484 538 594 3 4 5 6 7 8 9 10 10 12
5 0 84 146 212 281 352 428 487 532 597 665 7 9 11 15 20 23 27 28 31 33
5 1 65 137 185 254 317 362 410 440 499 560 3 8 11 12 14 17 18 21 23 24
5 2 67 152 204 258 331 398 468 533 600 675 0 4 6 8 13 16 19 21 23 25
5 3 80 129 201 257 326 401 465 536 598 663 2 3 6 8 9 10 10 12 14 18
5 4 87 150 215 274 327 397 463 533 585 643 2 3 4 6 6 7 9 10 15 17
5 5 67 116 188 228 299 367 414 475 546 604 3 4 6 8 11 13 14 18 21 22
5 6 69 115 181 263 331 385 424 496 570 635 5 8 11 14 17 18 18 18 19 19
5 7 48 113 167 239 289 344 395 453 510 565 1 6 7 9 10 12 13 16 16 19
5 8 62 117 169 236 292 336 398 453 521 576 3 6 9 11 12 12 15 16 18 20
5 9 67 128 194 271 344 400 459 527 591 647 4 5 7 8 9 10 13 16 16 19
5 10 63 107 161 225 270 324 383 435 475 532 1 3 6 9 12 12 12 12 14 15
6 0 71 145 216 287 354 420 490 557 634 699 3 4 8 11 14 17 18 21 23 26
6 1 73 140 199 257 324 381 427 479 534 591 4 7 7 7 9 15 19 20 21 21
6 2 68 149 196 241 289 349 414 466 509 577 3 5 6 6 7 11 12 13 13 18
6 3 76 135 213 293 344 387 439 496 559 616 5 6 6 6 7 9 12 12 13 15
6 4 66 134 201 272 310 365 441 504 552 627 3 6 7 9 12 13 15 16 17 19
6 5 81 156 217 277 326 404 465 529 589 648 4 6 7 8 8 9 9 9 11 13
6 6 87 150 222 274 326 379 442 498 545 594 4 5 7 7 8 9 10 11 15 18
6 7 85 154 207 288 333 394 453 533 600 656 3 4 6 9 9 12 15 19 21 23
6 8 65 123 192 249 302 340 402 454 506 558 1 3 7 8 9 10 10 11 14 15
6 9 80 148 227 267 320 369 436 503 554 590 3 5 10 14 17 18 19 20 22 23
6 10 75 138 199 263 326 395 465 514 585 637 6 8 12 13 14 17 18 19 20 20
7 0 68 135 197 270 319 383 465 527 579 647 1 4 8 11 11 12 16 20 22 24
7 1 65 129 182 243 296 366 426 487 528 580 3 5 5 7 9 11 12 13 13 16
7 2 58 112 181 255 316 351 416 474 543 607 1 3 6 7 9 10 10 11 19 23
7 3 74 139 205 274 325 404 463 515 569 629 1 3 4 5 7 9 10 11 11 13
7 4 68 137 178 242 307 381 442 501 559 608 1 2 4 6 7 7 7 11 13 14
7 5 67 127 188 246 313 371 434 504 551 609 3 4 6 8 10 12 15 16 16 17
7 6 58 123 192 245 297 357 411 460 526 587 2 5 9 9 11 13 13 13 13 16
7 7 76 138 197 249 317 377 417 471 520 564 1 2 7 10 11 14 15 17 17 19
7 8 73 136 177 209 276 338 406 476 536 598 4 5 10 11 14 14 15 15 18 19
7 9 64 121 176 232 274 329 402 473 531 583 2 3 4 6 7 7 8 9 10 12
7 10 67 133 196 264 335 395 452 498 564 624 4 7 8 10 10 11 13 15 16 16
8 0 69 156 223 272 331 390 453 518 566 600 2 4 6 7 7 10 13 14 14 15
8 1 76 137 201 258 335 386 459 514 573 644 7 8 10 11 14 15 17 19 21 22
8 2 73 128 204 268 325 384 434 517 562 611 1 2 2 2 2 2 4 5 6 10
8 3 69 138 200 259 322 371 444 504 571 629 2 3 4 6 9 11 14 16 18 18
8 4 64 126 178 242 308 362 416 483 547 605 1 3 5 6 7 8 11 14 14 16
8 5 69 133 199 276 336 402 470 536 597 666 1 1 4 6 10 10 14 15 15 17
8 6 68 137 197 264 319 367 424 482 543 596 1 5 7 11 11 12 15 16 16 17
8 7 98 159 213 276 321 383 435 500 562 621 2 6 6 8 9 11 14 15 17 19
8 8 74 114 178 227 288 358 409 440 490 553 1 3 6 9 12 13 14 14 17 19
8 9 68 140 202 260 305 368 421 481 537 604 4 6 7 7 7 9 11 13 14 14
8 10 68 140 203 263 331 387 434 504 568 631 4 8 13 16 20 22 24 26 26 26
9 0 74 132 191 265 345 402 464 530 589 664 3 5 7 9 9 14 14 15 18 21
9 1 66 126 200 261 312 376 419 475 545 603 5 5 10 11 13 16 18 23 27 32
9 2 65 118 172 228 301 359 401 457 525 567 1 3 4 7 9 11 13 13 15 16
9 3 55 122 174 234 317 393 447 501 560 633 2 5 5 6 10 10 10 12 13 17
9 4 65 107 162 226 300 354 423 489 530 589 1 3 3 4 7 8 10 13 13 13
9 5 73 152 211 273 349 398 474 555 608 666 2 4 5 6 11 11 13 15 16 16
9 6 73 131 183 236 291 350 408 481 534 581 4 7 8 9 9 10 12 13 16 18
9 7 74 152 193 259 327 372 412 467 531 579 1 4 8 9 11 12 14 15 17 17
9 8 60 134 194 261 327 397 449 508 574 617 3 4 6 11 12 13 15 16 16 18
9 9 52 124 192 235 306 382 432 500 563 618 0 3 5 7 9 11 11 13 13 14
9 10 85 152 215 276 332 388 443 511 522 555 5 6 8 12 13 15 16 19 19 19
10 0 75 126 198 260 331 403 454 536 584 622 4 9 11 14 18 19 21 21 21 23
10 1 70 133 184 243 303 371 428 489 548 608 4 5 5 7 8 12 13 16 18 18
10 2 64 136 204 266 335 400 456 512 572 621 2 4 4 5 6 7 8 9 11 13
10 3 58 126 183 248 299 371 423 483 541 619 1 1 1 2 4 7 10 11 13 16
10 4 74 128 184 242 293 353 428 482 533 608 1 3 3 3 4 5 13 15 17 20
10 5 67 129 187 250 322 387 454 520 568 614 4 6 7 9 10 11 11 15 16 18
10 6 72 117 188 256 298 375 427 485 548 583 4 6 9 10 11 13 14 14 15 18
10 7 67 115 169 219 271 328 395 435 492 553 4 5 8 8 8 11 12 12 16 20
10 8 71 131 190 255 312 354 395 461 513 575 2 7 8 10 11 12 12 13 14 15
10 9 77 137 187 259 330 379 429 494 562 617 4 8 8 8 8 8 9 9 11 13
10 10 66 131 189 241 317 374 441 492 550 599 3 4 5 6 8 9 9 10 10 11