0 0 82 159 227 294 359 414 485 556 612 675 0 2 5 7 12 13 14 16 16 20
0 1 60 132 205 272 341 399 457 517 579 636 0 1 4 6 8 10 15 19 20 23
0 2 75 123 175 243 285 342 402 462 521 583 5 6 9 12 13 13 16 18 22 24
0 3 80 133 195 256 334 407 455 531 591 651 1 1 2 2 5 8 10 11 13 16
0 4 61 140 198 261 310 364 430 499 564 622 4 6 7 8 9 11 14 18 20 24
0 5 62 134 201 251 312 386 438 508 571 629 3 4 5 10 12 15 19 21 21 22
0 6 63 111 169 235 305 374 430 508 562 635 8 10 12 13 15 17 21 22 26 27
0 7 66 125 189 256 331 392 463 527 590 659 4 4 5 8 8 9 11 14 14 17
0 8 70 145 193 261 322 382 442 491 566 625 2 3 4 6 8 9 11 11 11 12
0 9 76 147 212 275 336 399 468 540 607 674 2 3 5 9 12 13 16 20 21 23
0 10 63 132 183 252 311 385 445 493 559 624 3 5 8 8 10 10 10 12 13 17
1 0 49 121 186 253 329 404 472 539 601 642 1 3 6 7 10 11 12 14 15 15
1 1 68 132 197 266 327 387 440 506 566 627 3 5 8 9 10 11 14 15 15 15
1 2 47 107 161 235 304 354 417 484 538 601 3 4 5 9 11 13 15 19 22 24
1 3 67 136 198 257 323 394 466 525 590 630 4 6 9 11 12 13 13 14 16 17
1 4 73 157 244 293 351 415 492 563 622 699 3 5 9 10 12 13 16 17 17 17
1 5 79 151 211 269 325 369 429 495 567 636 2 6 6 6 7 7 11 14 16 19
1 6 85 148 224 288 350 415 466 519 576 628 2 3 4 5 6 6 6 7 9 12
1 7 77 134 209 274 333 404 475 538 612 657 2 3 6 9 10 12 16 17 19 20
1 8 64 119 173 257 309 370 424 483 541 596 3 5 7 11 11 13 14 17 17 19
1 9 65 126 198 263 314 379 450 533 588 655 7 8 10 13 17 19 22 25 26 28
1 10 97 154 206 255 315 377 434 485 547 588 4 5 9 9 11 16 18 21 22 23
2 0 60 119 182 244 297 357 415 472 516 565 2 3 6 9 12 16 20 20 22 23
2 1 74 136 197 256 322 383 455 511 590 654 1 2 6 12 13 15 15 16 17 19
2 2 62 135 203 246 306 371 432 510 582 636 5 6 10 10 12 13 14 16 21 23
2 3 57 132 200 253 313 381 437 497 568 627 2 6 8 8 12 13 16 18 23 25
2 4 83 129 186 266 317 361 425 487 524 575 3 6 8 8 11 12 13 13 14 14
2 5 83 165 242 300 368 420 494 537 589 665 2 6 8 8 11 12 15 18 18 19
2 6 77 133 177 242 308 380 450 495 561 603 3 7 7 7 9 10 11 12 16 16
2 7 83 160 216 289 361 416 459 516 574 624 1 4 8 14 18 18 19 20 21 22
2 8 86 150 206 259 304 371 418 487 549 621 5 8 10 10 13 15 15 20 21 24
2 9 80 147 215 279 346 410 475 525 587 639 2 4 6 6 8 9 12 13 16 19
2 10 84 153 217 271 322 392 450 519 585 636 1 3 4 7 9 13 14 14 14 16
3 0 72 138 201 288 357 420 483 541 598 681 6 10 11 12 16 18 21 24 29 29
3 1 77 128 189 240 301 376 433 475 549 631 1 5 10 10 11 14 15 16 18 19
3 2 63 127 185 253 303 365 429 482 546 591 1 1 5 8 8 10 14 16 18 20
3 3 79 134 204 267 330 399 460 529 591 664 3 4 7 10 12 15 16 17 17 17
3 4 59 104 171 227 287 376 443 495 585 644 1 3 3 3 4 9 12 14 15 16
3 5 78 147 201 265 326 399 458 520 581 624 11 14 17 20 24 29 31 33 35 37
3 6 66 125 178 238 327 386 439 509 566 635 1 5 7 9 12 15 18 18 19 20
3 7 82 142 205 262 325 390 461 512 557 620 3 4 5 5 8 8 11 13 13 14
3 8 66 146 213 252 308 359 418 453 506 547 0 3 4 4 5 5 8 8 10 12
3 9 74 129 192 258 326 402 456 514 575 644 2 2 5 5 10 12 14 16 16 16
3 10 67 123 172 234 296 365 421 466 517 576 1 2 3 5 5 7 8 8 8 8
4 0 65 127 190 242 321 374 435 493 542 634 5 7 7 8 11 12 13 15 17 22
4 1 69 151 229 288 351 422 498 562 606 678 3 7 10 11 11 12 15 19 21 23
4 2 65 126 188 248 290 353 399 464 525 598 5 6 11 14 15 15 17 18 21 24
4 3 85 147 221 274 347 401 454 505 565 627 4 4 8 8 10 13 15 15 17 19
4 4 55 126 183 239 296 357 402 462 519 560 5 5 8 10 12 15 15 18 20 20
4 5 76 136 209 270 328 393 452 517 579 637 0 5 7 7 8 11 12 15 18 20
4 6 63 121 175 258 334 377 433 495 556 621 3 3 4 9 9 11 16 19 20 21
4 7 71 129 168 235 306 362 415 471 527 587 4 9 11 15 18 20 23 24 25 29
4 8 61 123 196 244 304 360 405 475 519 597 1 2 3 3 6 7 11 13 15 16
4 9 56 120 180 222 269 329 372 426 477 550 3 5 5 7 8 9 10 11 11 12
4 10 65 148 207 266 330 387 440 499 561 612 2 5 5 5 5 5 5 5 5 5
5 0 76 132 193 267 315 379 431 470 536 581 3 6 7 7 7 8 10 14 15 15
5 1 70 137 201 255 338 413 468 513 572 631 0 1 5 5 6 11 12 13 18 19
5 2 66 129 191 244 286 345 411 483 537 581 2 2 3 4 7 10 14 16 18 19
5 3 81 142 195 239 304 375 433 481 544 601 2 6 7 8 10 12 13 17 17 19
5 4 61 135 190 245 318 387 447 505 567 605 4 7 9 11 12 14 15 16 18 18
5 5 50 129 203 260 316 388 452 503 555 603 1 4 6 7 7 9 9 13 13 14
5 6 74 142 199 270 332 383 440 499 548 621 2 2 5 6 7 8 9 9 12 14
5 7 74 137 212 265 323 362 408 447 500 570 3 7 9 13 15 17 21 22 24 26
5 8 54 118 166 223 290 349 414 468 544 587 2 4 5 6 6 8 8 8 12 15
5 9 64 113 185 248 305 375 426 470 505 568 0 2 2 4 5 5 6 7 7 9
5 10 68 140 197 253 311 365 445 489 549 605 2 3 5 7 7 9 12 13 17 18
6 0 63 132 215 258 330 405 476 542 605 682 3 3 4 6 7 9 10 14 16 20
6 1 59 133 213 282 353 409 475 537 611 679 1 2 2 4 6 6 9 10 14 16
6 2 74 131 193 249 309 367 425 472 530 598 4 6 7 11 16 17 18 20 21 23
6 3 69 157 234 289 329 401 466 534 591 657 5 9 12 15 16 22 24 28 29 30
6 4 77 124 185 249 313 366 420 473 538 591 0 0 0 2 2 4 4 4 6 8
6 5 69 146 229 283 341 387 457 506 561 630 2 6 11 12 12 15 19 21 21 21
6 6 68 127 197 252 329 387 431 486 534 583 3 5 5 6 9 11 11 13 14 15
6 7 78 142 199 266 318 382 459 523 558 620 4 4 6 8 9 9 10 12 13 14
6 8 64 128 183 250 331 383 434 507 557 612 2 6 10 13 14 17 17 18 18 18
6 9 87 175 228 289 353 399 462 519 579 642 3 6 8 9 14 14 15 15 19 19
6 10 66 111 180 243 305 361 409 477 525 580 2 2 4 6 9 14 16 17 18 19
7 0 78 122 193 276 340 399 464 521 569 622 3 3 5 7 8 9 10 10 10 11
7 1 86 136 205 262 327 390 448 508 571 624 3 6 8 10 12 15 21 21 26 28
7 2 67 126 166 220 291 354 418 482 524 581 1 1 3 4 5 7 9 13 15 17
7 3 60 122 174 241 307 365 428 486 537 577 3 7 10 11 14 15 16 17 17 18
7 4 70 127 190 262 328 382 437 500 565 623 6 8 11 11 11 11 11 12 14 15
7 5 76 133 195 252 309 352 436 496 542 593 3 3 4 6 7 9 10 11 11 14
7 6 78 135 181 246 314 376 437 498 553 626 5 7 9 10 11 13 13 13 14 17
7 7 61 120 158 221 280 345 409 472 536 606 3 6 11 13 13 14 15 16 19 20
7 8 63 135 205 253 303 369 432 485 518 556 2 5 6 6 6 7 7 7 8 8
7 9 80 153 216 276 344 409 446 502 554 602 4 5 8 9 15 19 22 24 24 27
7 10 65 125 187 248 314 380 461 529 577 634 4 7 9 12 16 18 21 21 23 25
8 0 57 122 199 277 339 417 489 553 605 668 5 7 10 12 16 19 22 26 29 30
8 1 85 165 236 295 355 424 470 532 589 664 7 12 16 20 22 25 26 27 29 33
8 2 76 142 194 273 335 401 464 511 578 645 5 8 8 9 12 14 17 18 19 21
8 3 65 118 204 244 314 372 424 478 553 618 1 5 9 9 10 11 12 17 20 23
8 4 71 131 183 247 292 356 403 447 502 575 2 5 9 10 11 12 15 17 20 20
8 5 63 125 188 256 310 379 432 484 546 604 4 6 7 8 11 14 14 17 17 22
8 6 66 117 182 230 273 343 387 441 498 550 2 3 4 5 5 7 7 8 8 10
8 7 63 124 195 236 281 337 390 458 509 565 2 4 7 8 10 11 15 19 20 22
8 8 60 138 200 265 301 356 427 478 538 611 2 10 11 14 17 20 21 22 22 26
8 9 60 121 184 239 303 355 419 471 529 590 3 3 4 5 6 10 11 11 13 14
8 10 66 148 196 247 293 338 416 462 529 582 3 8 10 11 12 14 15 15 16 18
9 0 62 141 209 277 343 399 453 523 591 658 5 6 8 11 12 14 15 18 22 26
9 1 75 134 198 259 316 379 426 492 550 616 2 4 9 11 16 19 19 20 23 28
9 2 62 120 168 229 283 332 384 464 522 588 2 3 6 8 9 12 14 15 16 18
9 3 86 142 209 268 311 356 407 470 531 596 3 4 4 5 5 6 11 15 15 16
9 4 68 151 200 253 328 387 445 471 540 616 3 6 7 9 11 12 12 14 15 18
9 5 70 144 203 272 323 370 415 461 504 574 1 3 5 7 9 12 13 13 14 14
9 6 64 123 182 230 279 332 385 440 485 543 1 1 3 6 9 9 11 13 14 15
9 7 57 106 172 217 273 321 374 447 512 556 3 5 7 9 10 11 13 14 14 14
9 8 57 130 196 278 345 405 461 511 567 622 1 5 6 6 8 9 9 11 12 13
9 9 75 132 188 249 300 360 414 480 520 575 4 7 9 11 12 17 18 19 21 21
9 10 53 107 160 214 269 328 393 447 499 541 0 4 4 6 7 9 14 15 18 19
10 0 62 127 193 248 319 383 441 510 567 626 2 4 6 6 8 10 12 17 17 21
10 1 57 132 214 278 348 429 487 565 629 691 4 5 9 13 18 19 21 23 23 26
10 2 62 115 173 239 298 371 440 492 553 612 3 4 4 5 10 13 14 19 21 25
10 3 76 152 222 283 345 413 480 532 582 635 3 4 8 9 10 10 12 13 14 16
10 4 60 127 190 238 304 377 434 479 537 596 2 4 4 5 6 8 9 9 12 13
10 5 56 128 197 264 316 358 420 473 524 589 4 7 13 13 14 16 16 17 17 19
10 6 73 136 214 272 331 395 447 506 552 601 1 2 3 6 7 8 10 12 13 15
10 7 82 130 193 257 332 398 434 482 529 604 3 5 9 10 13 14 19 19 22 22
10 8 62 134 188 222 277 349 407 482 546 598 2 5 5 6 8 10 10 12 13 14
10 9 59 124 187 224 283 343 386 439 476 499 4 10 12 14 15 19 22 28 28 30
10 10 59 115 164 217 288 338 402 472 513 557 5 6 8 10 12 15 17 18 20 21