0 0 73 147 204 244 300 358 423 499 564 632 3 4 5 7 9 11 16 18 21 27
0 1 65 141 220 276 337 414 484 555 617 692 1 3 3 4 5 8 9 12 12 13
0 2 66 129 193 244 299 356 416 484 549 615 5 8 11 14 14 17 19 22 27 28
0 3 61 121 181 241 296 360 412 485 559 624 1 4 8 9 12 17 18 20 21 24
0 4 73 139 209 271 326 392 445 513 588 659 0 2 4 4 5 6 8 11 18 19
0 5 81 142 196 268 315 372 431 490 563 632 4 5 7 7 11 12 15 16 18 20
0 6 76 149 217 287 356 425 500 542 601 658 0 3 6 9 10 11 13 15 18 21
0 7 84 145 211 273 341 405 465 520 581 633 1 6 9 12 14 15 18 21 21 26
0 8 59 124 186 243 301 355 430 505 564 616 4 7 8 9 11 13 14 20 22 24
0 9 69 137 196 252 309 359 430 478 556 613 1 4 7 10 11 11 13 13 14 15
0 10 79 156 193 258 314 371 428 496 557 627 3 7 8 9 10 10 12 16 20 25
1 0 85 140 189 264 330 395 455 521 586 656 4 4 5 5 6 7 8 8 8 12
1 1 73 133 205 261 319 367 420 477 524 575 2 5 10 10 10 10 11 11 14 16
1 2 62 144 215 285 354 422 475 537 597 666 2 2 4 6 9 10 13 15 17 18
1 3 67 126 202 260 319 383 456 531 604 677 4 8 9 12 12 15 15 16 20 23
1 4 77 143 204 270 326 402 458 515 587 631 4 6 8 11 13 18 19 19 19 19
1 5 62 109 168 235 306 361 430 494 569 613 3 5 10 12 13 16 18 19 22 25
1 6 75 128 196 249 294 347 407 474 525 589 4 5 7 7 7 8 9 12 12 13
1 7 68 116 172 221 281 353 426 476 545 613 4 5 5 5 6 8 10 10 11 14
1 8 68 135 202 254 316 381 435 490 551 623 2 3 5 6 11 13 14 14 17 19
1 9 66 124 178 233 301 357 419 476 536 603 2 4 6 9 9 12 13 15 16 17
1 10 76 131 182 249 310 378 429 490 546 615 4 6 7 8 11 12 14 16 17 19
2 0 71 125 205 270 326 389 455 520 585 642 1 4 6 6 12 14 16 18 22 22
2 1 44 110 171 243 319 380 432 493 573 638 3 6 6 8 11 11 12 12 15 17
2 2 75 139 199 264 353 414 479 538 602 658 3 5 9 11 15 16 17 18 19 20
2 3 79 143 190 246 296 363 413 471 533 601 2 6 9 10 11 12 14 18 18 19
2 4 59 119 178 237 304 349 411 465 513 577 4 10 12 15 16 17 17 17 20 21
2 5 76 142 196 245 296 369 460 535 571 626 4 4 5 7 9 11 11 13 13 14
2 6 75 152 198 257 303 367 419 479 520 577 1 4 5 7 8 12 13 14 16 17
2 7 57 113 203 261 329 398 460 517 550 603 1 4 6 7 11 12 14 15 15 17
2 8 90 149 209 280 334 390 444 504 561 612 6 8 8 10 12 14 18 21 23 24
2 9 57 113 175 239 304 381 440 512 576 638 1 5 7 9 10 11 14 14 14 18
2 10 69 137 199 252 306 353 414 461 517 569 5 7 9 10 12 13 14 17 17 17
3 0 71 153 203 259 324 376 446 503 556 624 2 6 9 11 15 16 17 18 22 23
3 1 63 141 196 277 347 421 484 539 599 665 4 6 6 8 10 11 12 13 13 15
3 2 74 130 200 268 339 385 449 508 551 621 3 4 5 5 9 16 20 21 22 24
3 3 77 133 187 262 322 386 462 536 605 667 1 1 3 5 5 6 8 12 12 17
3 4 59 131 198 261 321 379 441 502 566 635 1 3 6 9 13 17 17 18 21 24
3 5 83 138 211 282 341 393 459 520 584 658 2 6 6 10 12 15 19 23 23 26
3 6 90 149 229 280 331 385 434 504 550 613 7 8 10 16 18 19 20 20 22 23
3 7 68 147 233 280 334 388 440 500 563 613 4 6 8 10 10 10 12 14 16 18
3 8 59 126 190 272 339 391 459 528 567 595 0 4 4 5 6 8 11 11 12 12
3 9 88 154 198 264 322 371 432 495 550 596 2 4 7 8 10 12 13 16 17 18
3 10 89 165 230 286 341 400 462 518 593 651 5 6 9 11 11 14 14 15 16 16
4 0 55 113 171 240 308 377 423 479 529 601 2 4 4 7 9 10 12 14 19 20
4 1 76 145 210 274 336 394 460 537 599 666 1 4 5 5 7 8 8 13 14 15
4 2 81 141 208 280 346 382 454 509 555 597 3 5 9 12 14 14 15 16 19 21
4 3 54 104 172 230 303 368 441 515 587 640 1 2 3 3 8 11 11 13 15 16
4 4 82 160 251 315 360 416 471 535 598 655 1 1 3 3 6 7 11 12 15 18
4 5 72 124 207 266 321 379 446 520 588 644 2 3 7 10 11 12 14 16 16 17
4 6 77 136 198 253 310 369 442 492 543 592 4 6 7 7 9 9 11 14 14 14
4 7 67 143 190 247 296 364 426 482 545 604 1 3 5 9 12 17 18 20 22 24
4 8 60 111 181 250 303 381 440 502 554 625 0 1 3 4 6 9 11 13 14 15
4 9 65 125 174 231 306 359 440 502 560 610 3 5 6 7 9 9 11 13 15 18
4 10 72 121 184 256 314 366 423 488 539 599 3 5 7 10 11 12 13 13 15 17
5 0 82 163 229 284 345 394 461 540 605 680 2 5 8 11 14 17 18 20 23 25
5 1 69 129 197 248 296 366 417 469 534 599 2 4 6 9 10 12 13 13 13 15
5 2 67 127 180 233 294 346 408 476 546 606 2 5 6 9 12 13 17 18 20 22
5 3 80 142 203 283 331 413 473 545 588 648 0 0 2 3 4 6 7 9 11 13
5 4 77 130 211 280 353 411 479 529 601 655 1 3 6 8 11 13 13 15 15 19
5 5 71 128 198 254 320 372 427 495 545 598 1 3 6 8 8 10 13 14 15 17
5 6 78 134 198 257 325 400 471 540 590 644 3 8 9 12 18 20 23 23 23 27
5 7 74 125 187 242 287 348 415 497 556 621 1 2 2 2 3 5 7 8 9 12
5 8 68 121 178 248 299 346 400 441 485 542 3 8 12 15 16 19 20 23 26 28
5 9 71 127 178 254 301 363 414 468 528 575 3 5 6 8 10 10 13 15 18 20
5 10 90 141 206 254 302 348 392 444 506 562 1 3 4 4 4 4 6 8 12 14
6 0 71 129 181 245 322 374 432 490 538 591 4 5 7 13 14 16 17 19 23 24
6 1 76 141 197 268 321 382 434 487 558 614 5 7 13 17 19 22 24 28 29 33
6 2 75 146 198 246 318 376 440 506 568 632 1 2 4 4 5 7 7 9 11 14
6 3 49 115 173 222 288 349 409 473 514 572 2 4 6 9 10 11 14 15 18 18
6 4 78 147 221 281 348 428 490 562 633 673 3 5 7 8 9 13 14 15 15 15
6 5 76 141 216 273 332 400 472 533 590 631 1 3 3 5 6 10 13 14 14 14
6 6 77 150 200 276 324 385 447 488 564 636 1 4 5 8 8 10 12 12 12 13
6 7 71 150 221 295 365 441 499 566 620 685 2 3 7 11 15 16 16 16 20 20
6 8 81 138 186 238 301 344 399 452 514 584 1 5 6 8 9 13 15 18 19 21
6 9 69 135 191 261 322 377 432 489 559 618 1 2 3 4 6 7 9 10 15 16
6 10 82 145 196 272 325 380 448 526 578 631 7 8 9 11 13 14 16 17 21 23
7 0 73 148 188 248 308 377 426 482 533 577 3 7 9 9 12 14 17 20 28 30
7 1 59 116 185 245 302 355 412 463 519 593 2 3 5 8 9 11 14 17 20 21
7 2 63 118 175 241 303 376 435 482 532 600 2 4 5 5 7 12 14 15 16 18
7 3 76 139 212 269 328 390 454 528 611 671 1 4 4 5 7 7 10 10 12 13
7 4 78 148 205 262 325 382 443 504 564 636 3 6 7 8 9 10 12 15 16 19
7 5 62 125 205 262 323 379 434 483 548 608 5 12 16 19 19 20 22 24 28 30
7 6 75 133 188 233 291 363 421 482 531 592 8 10 13 16 17 19 22 24 25 28
7 7 72 143 213 279 353 414 481 538 601 648 1 4 5 6 6 8 10 12 13 15
7 8 57 124 188 245 298 349 401 452 506 573 7 7 7 9 12 15 16 17 18 19
7 9 64 144 202 273 325 391 445 493 539 589 1 3 7 11 11 14 19 21 23 26
7 10 75 143 220 277 321 376 416 472 498 540 4 7 10 12 13 13 14 15 17 17
8 0 67 126 197 276 346 422 496 566 638 699 1 2 4 7 10 12 14 15 15 20
8 1 59 120 194 261 318 382 460 525 592 661 1 2 6 6 6 9 13 13 15 17
8 2 64 129 198 269 333 396 448 512 572 624 4 10 11 15 18 18 19 20 26 29
8 3 62 123 181 249 310 364 406 484 529 588 4 4 5 5 9 12 14 18 19 20
8 4 85 156 241 304 366 425 491 532 594 657 3 6 10 11 11 11 17 18 19 19
8 5 56 132 178 251 317 402 461 520 581 646 0 3 4 4 6 6 7 9 13 15
8 6 79 155 207 263 331 409 462 509 568 610 4 7 8 10 12 12 15 17 19 19
8 7 79 129 187 251 303 347 414 472 548 603 1 4 8 11 14 14 16 19 21 22
8 8 65 126 194 265 321 377 440 505 557 613 0 0 0 2 3 4 5 7 10 14
8 9 70 138 210 275 348 413 460 518 581 633 2 4 4 5 6 8 9 10 12 14
8 10 82 143 207 260 314 369 428 493 540 600 4 5 7 7 9 9 10 11 11 11
9 0 62 126 182 249 308 372 441 480 541 609 3 4 4 6 8 8 13 14 17 21
9 1 80 149 222 281 367 432 495 563 614 663 0 2 4 8 13 15 16 17 17 19
9 2 63 121 178 242 320 373 427 504 580 642 6 7 11 13 15 17 17 17 19 20
9 3 60 134 196 262 330 395 453 512 585 642 1 3 5 7 9 9 12 15 16 19
9 4 56 121 186 249 311 368 427 474 542 606 5 9 10 11 13 16 19 20 23 25
9 5 69 117 170 226 278 330 399 470 518 578 3 4 7 8 9 12 12 14 14 16
9 6 67 132 180 237 289 345 399 469 513 586 4 9 11 13 14 16 20 21 21 24
9 7 55 108 168 229 290 342 395 438 510 552 4 5 7 13 16 16 18 20 21 22
9 8 67 131 184 250 308 358 408 461 532 580 5 7 9 12 12 15 17 19 21 22
9 9 70 138 208 264 326 377 424 494 550 613 1 7 7 8 11 11 11 13 14 15
9 10 52 128 166 226 276 343 398 443 493 548 7 8 9 10 11 11 14 18 18 18
10 0 73 132 193 255 318 386 436 517 589 666 1 4 6 6 6 8 9 12 12 12
10 1 67 123 197 275 337 406 464 527 604 645 2 3 5 6 10 11 11 11 16 17
10 2 70 129 187 253 338 409 480 543 589 646 4 8 9 9 10 12 12 12 14 15
10 3 64 150 213 268 341 404 462 531 595 662 0 0 0 1 2 2 4 6 6 10
10 4 77 152 198 239 298 356 424 505 558 635 1 5 6 8 13 16 21 21 21 23
10 5 55 105 153 209 263 331 399 445 494 545 2 5 6 6 7 7 7 8 9 10
10 6 74 127 200 246 299 358 411 462 509 569 6 9 9 13 16 19 24 25 26 27
10 7 56 117 160 214 258 311 357 417 482 550 2 5 5 5 7 9 9 11 12 14
10 8 80 149 224 291 357 404 454 503 573 630 1 4 7 9 11 13 13 14 15 17
10 9 75 131 193 238 302 354 411 468 506 563 2 2 6 11 12 13 14 14 15 16
10 10 57 121 190 261 320 381 444 510 560 620 7 9 12 14 15 15 16 19 20 20