0 0 67 144 214 273 328 402 464 551 619 682 2 3 9 11 12 18 20 23 26 28
0 1 79 141 209 258 321 381 455 514 576 627 3 5 7 11 13 14 17 18 21 25
0 2 71 145 214 276 345 406 465 533 583 647 5 10 12 13 13 15 15 18 21 26
0 3 61 120 173 243 302 373 437 502 574 623 5 8 9 11 11 14 15 18 21 23
0 4 66 123 194 253 305 361 419 483 546 608 1 2 2 2 5 5 6 7 10 10
0 5 65 137 189 268 327 400 464 537 593 668 2 5 6 10 10 10 12 13 16 18
0 6 79 152 229 299 364 432 475 534 622 688 2 5 6 8 10 11 11 13 18 21
0 7 64 128 188 252 308 376 433 506 573 641 5 6 7 10 12 12 18 20 22 24
0 8 80 144 214 281 337 396 459 523 579 633 3 5 10 12 14 16 18 21 25 31
0 9 76 139 219 293 357 426 492 545 613 677 3 6 7 10 12 13 13 14 17 19
0 10 82 154 217 291 342 397 467 519 581 657 6 11 13 15 17 19 22 25 25 26
1 0 73 128 190 278 340 403 470 537 596 668 0 1 4 8 9 13 14 18 22 24
1 1 55 122 182 271 322 374 454 529 591 659 2 5 9 15 16 16 18 19 20 25
1 2 83 160 234 293 350 427 489 537 584 650 5 6 9 14 16 17 22 22 23 25
1 3 66 138 207 266 322 378 440 498 551 620 2 6 9 13 14 14 15 17 17 20
1 4 71 127 190 256 312 368 433 484 536 592 5 7 8 12 15 16 20 22 24 24
1 5 76 141 198 251 317 379 427 482 549 603 4 6 7 11 13 16 19 21 24 26
1 6 66 126 170 224 302 355 421 485 524 584 4 8 8 11 14 15 16 22 22 26
1 7 59 146 214 281 356 419 481 553 611 673 2 6 9 12 15 16 19 21 23 26
1 8 66 130 188 265 322 385 449 515 569 636 3 5 6 7 8 11 12 13 13 14
1 9 53 130 191 268 344 411 471 554 606 690 5 11 13 15 16 18 18 19 21 23
1 10 73 131 190 252 302 363 410 457 520 583 2 4 9 11 12 16 18 18 22 23
2 0 67 123 181 241 307 374 428 466 527 595 3 10 11 15 19 23 24 26 29 33
2 1 71 127 197 285 343 415 476 550 608 669 5 7 7 8 9 11 13 14 16 19
2 2 60 128 189 250 324 397 458 521 577 646 2 3 4 7 8 12 14 15 16 19
2 3 69 126 176 233 302 369 426 489 549 615 3 5 6 7 9 13 15 16 18 19
2 4 68 115 168 225 296 362 439 496 561 603 2 5 6 6 10 16 19 21 23 24
2 5 60 135 190 252 297 358 427 475 529 572 0 0 2 2 4 4 4 4 4 7
2 6 79 140 192 258 320 365 433 509 577 642 3 9 10 15 18 22 23 25 26 28
2 7 74 146 220 286 346 404 460 518 559 598 1 2 4 6 10 10 13 15 15 15
2 8 86 146 212 272 340 391 480 553 600 667 3 4 8 12 13 13 17 19 19 21
2 9 59 124 196 259 314 367 426 481 537 596 5 9 13 15 16 18 18 19 21 24
2 10 68 142 189 255 321 386 449 525 574 643 4 4 4 5 7 8 8 11 13 13
3 0 72 128 191 268 332 413 470 537 594 665 2 5 6 9 9 13 15 18 20 22
3 1 92 171 239 298 363 420 489 550 610 668 3 7 8 8 9 10 14 16 18 19
3 2 80 139 210 267 334 392 472 529 584 646 5 7 9 9 11 11 14 19 21 29
3 3 62 116 170 240 302 364 410 468 545 607 5 6 8 10 10 12 18 20 21 22
3 4 64 131 219 286 340 410 481 541 590 660 3 4 5 6 8 9 11 12 12 13
3 5 50 120 179 242 311 378 449 509 575 640 2 2 3 6 7 12 16 19 23 25
3 6 76 135 179 246 285 352 416 456 522 594 6 6 7 7 8 9 12 12 12 14
3 7 72 145 221 278 344 395 454 533 589 656 2 5 8 13 13 13 14 15 16 18
3 8 76 140 205 267 324 385 448 500 571 636 4 7 11 12 12 14 16 17 17 17
3 9 59 120 184 232 282 349 407 470 522 568 3 6 11 11 15 16 18 19 19 21
3 10 75 149 198 265 325 367 433 480 552 606 0 1 2 3 3 4 6 6 6 10
4 0 80 149 206 254 324 375 449 509 559 620 4 4 4 5 8 10 12 13 13 17
4 1 80 153 214 269 321 388 450 513 589 659 2 5 7 9 11 14 16 18 19 21
4 2 70 147 215 291 349 415 477 536 598 668 3 5 7 8 9 10 12 13 14 14
4 3 60 119 183 242 298 379 428 487 543 605 1 2 3 6 10 12 12 13 17 19
4 4 63 138 214 271 336 407 461 501 564 612 0 2 6 8 11 12 12 13 15 17
4 5 68 131 200 250 302 351 417 471 534 586 2 2 4 5 6 7 8 9 10 12
4 6 63 113 182 244 306 378 443 510 554 617 1 2 3 6 7 8 8 10 11 12
4 7 68 133 201 253 310 362 437 504 573 648 2 5 8 10 14 18 18 20 21 22
4 8 73 164 219 279 352 419 487 550 618 669 4 8 8 9 12 16 17 17 18 20
4 9 53 100 166 236 290 376 450 501 574 622 3 4 5 7 9 10 10 11 14 15
4 10 74 154 211 291 332 383 426 511 562 630 1 4 4 4 4 5 6 8 9 11
5 0 57 131 190 242 305 368 438 494 543 601 5 8 11 13 16 20 23 28 28 28
5 1 69 142 207 264 323 390 448 524 575 647 2 5 10 10 15 20 20 21 23 25
5 2 74 115 178 250 304 346 409 465 511 559 4 4 5 6 7 8 10 10 13 13
5 3 72 143 206 272 338 406 475 531 602 671 2 3 7 10 11 16 18 18 19 19
5 4 89 154 213 264 323 392 446 522 594 639 2 5 6 8 11 13 13 14 14 14
5 5 77 141 195 265 310 385 438 489 544 597 4 6 7 8 10 12 13 14 15 16
5 6 66 121 187 252 312 363 412 470 528 586 5 8 8 11 14 15 16 17 18 19
5 7 76 135 199 251 332 393 448 489 536 587 2 5 7 7 8 9 11 13 15 15
5 8 75 150 237 305 369 418 461 522 580 638 3 4 6 6 11 13 16 19 22 25
5 9 76 135 192 239 296 352 407 454 503 536 4 6 8 11 13 16 21 21 21 25
5 10 80 138 194 244 315 367 400 423 482 543 1 3 5 6 6 8 8 8 9 11
6 0 62 129 200 253 318 382 446 518 567 633 4 6 9 11 13 13 16 17 18 19
6 1 55 130 198 278 337 405 458 527 604 662 1 2 6 11 12 16 17 17 19 19
6 2 71 131 174 244 301 354 411 460 524 588 2 5 5 7 10 12 13 14 17 20
6 3 74 142 191 244 292 351 414 485 540 607 5 10 10 12 15 15 16 20 20 20
6 4 81 161 236 318 375 432 507 592 645 707 4 6 8 10 11 11 13 14 14 17
6 5 61 119 177 222 290 347 394 448 495 548 3 5 6 8 10 12 12 12 15 17
6 6 81 131 187 253 312 374 424 482 540 592 2 5 8 10 11 11 12 16 16 16
6 7 71 112 167 223 273 323 398 447 502 542 6 7 8 9 9 11 16 20 22 24
6 8 79 139 212 275 337 386 450 508 571 620 1 1 1 1 1 2 2 4 5 7
6 9 62 121 179 261 320 375 433 494 553 611 4 9 11 15 17 18 18 19 21 23
6 10 78 135 205 241 298 356 397 433 500 565 4 7 10 10 11 14 20 23 24 26
7 0 68 136 213 283 352 429 475 549 614 679 3 6 10 12 16 18 19 20 20 24
7 1 74 147 210 285 354 413 477 542 603 647 1 6 8 9 10 11 14 18 20 22
7 2 71 112 185 242 290 348 402 460 507 561 5 7 10 12 14 14 16 17 18 18
7 3 67 127 198 263 311 371 426 489 556 614 3 4 9 9 12 13 14 17 19 20
7 4 93 169 224 282 353 399 474 526 590 658 2 2 4 7 9 12 15 16 17 19
7 5 63 121 205 251 309 372 430 472 528 584 3 4 6 6 7 9 11 14 15 16
7 6 54 123 177 231 299 353 425 476 527 558 2 5 7 9 11 14 19 21 23 23
7 7 72 124 172 221 270 315 371 416 461 508 7 9 13 15 16 16 17 18 18 19
7 8 71 136 191 257 319 379 427 484 533 605 5 9 9 13 14 16 18 19 20 20
7 9 72 128 187 249 314 384 425 481 531 586 2 2 6 8 9 12 13 13 16 18
7 10 60 112 176 241 293 353 407 452 520 585 3 3 3 4 7 10 12 12 12 12
8 0 72 141 214 273 327 376 443 495 565 601 3 5 6 8 11 11 13 16 16 17
8 1 71 128 192 257 320 390 445 513 571 637 5 8 8 8 11 11 12 12 14 18
8 2 74 146 229 282 333 397 445 513 563 621 7 10 12 14 18 20 21 22 23 25
8 3 75 145 200 262 329 396 468 538 581 640 3 7 9 10 10 13 14 15 17 18
8 4 87 170 237 305 377 451 530 586 642 692 2 3 8 9 10 10 11 12 13 13
8 5 75 138 192 227 282 331 381 448 512 569 1 5 6 8 10 12 13 15 16 17
8 6 66 131 204 266 330 390 442 503 566 618 3 5 9 11 12 15 16 17 19 21
8 7 70 125 179 239 299 367 420 467 518 582 3 5 8 9 10 14 17 17 17 18
8 8 67 153 218 274 322 377 434 485 536 577 2 2 3 6 6 6 9 11 13 15
8 9 73 129 191 243 288 334 406 475 532 571 3 3 6 8 11 12 12 12 14 14
8 10 53 131 194 248 332 365 421 462 511 573 1 2 3 3 5 5 6 6 6 8
9 0 70 139 204 267 322 386 440 505 573 634 5 9 13 15 16 18 18 20 23 25
9 1 80 155 218 271 348 416 464 533 582 631 1 2 2 4 4 5 5 6 7 8
9 2 76 147 212 259 327 376 448 521 589 648 1 5 6 6 7 8 9 10 14 15
9 3 73 130 173 242 302 359 417 473 540 596 1 1 2 6 8 11 12 12 14 14
9 4 84 127 189 263 314 370 430 482 543 612 2 4 5 7 10 10 10 11 11 13
9 5 59 146 204 259 325 377 425 479 532 577 5 11 12 15 19 20 22 23 26 27
9 6 57 114 164 230 288 339 395 460 511 572 1 4 6 7 7 7 9 10 11 13
9 7 69 149 203 254 318 377 437 501 561 603 3 6 6 7 8 9 11 14 16 16
9 8 64 134 184 248 300 356 418 464 529 595 3 7 9 10 10 13 14 14 14 15
9 9 84 147 195 244 288 359 410 478 542 603 5 6 6 8 12 14 18 20 23 25
9 10 55 119 166 215 271 319 386 437 489 529 0 3 5 6 6 6 7 7 7 8
10 0 55 129 213 278 345 408 490 536 595 672 5 7 8 9 10 12 13 15 17 21
10 1 69 133 198 253 347 414 480 553 615 669 2 2 6 13 16 16 16 19 20 20
10 2 62 123 186 256 314 375 444 506 568 628 1 2 3 6 10 11 14 19 19 20
10 3 60 110 156 218 269 318 374 435 493 550 3 5 6 7 8 11 13 18 18 19
10 4 82 159 236 296 357 440 510 555 605 659 2 6 10 15 17 17 19 20 23 25
10 5 79 134 196 261 327 396 451 495 565 613 2 2 4 6 11 11 13 14 14 15
10 6 44 99 154 222 282 323 382 439 484 536 4 7 8 10 11 15 16 17 18 19
10 7 66 124 174 226 302 362 427 472 518 582 3 6 9 11 15 16 17 19 20 24
10 8 72 124 185 257 311 375 429 475 511 570 1 3 5 5 6 11 16 17 17 19
10 9 79 139 213 273 337 383 422 478 539 571 3 4 7 7 8 9 10 10 11 12
10 10 74 140 187 254 304 343 391 457 521 550 3 3 3 5 6 7 7 9 11 12