0 0 61 138 202 261 335 394 438 493 559 619 2 3 5 6 8 9 13 13 16 17
0 1 71 129 203 263 341 422 491 568 625 687 1 2 8 8 9 12 13 18 18 19
0 2 78 146 217 272 331 379 434 493 563 627 4 6 6 10 13 18 19 21 24 28
0 3 71 142 198 273 341 407 449 521 599 668 1 3 4 6 9 9 9 10 15 19
0 4 66 137 192 257 334 409 466 540 594 661 3 5 6 7 9 10 11 12 15 17
0 5 66 143 217 297 375 445 500 562 634 697 7 9 11 13 15 17 17 17 21 22
0 6 72 149 212 295 366 417 484 541 600 665 0 3 6 8 9 9 12 18 20 23
0 7 69 129 175 231 313 363 427 484 542 600 2 5 5 7 11 12 13 17 17 18
0 8 79 145 218 283 355 423 485 536 596 659 4 6 10 13 16 20 23 24 26 27
0 9 53 112 166 224 273 334 403 463 526 577 4 5 8 10 12 14 15 18 20 21
0 10 62 125 177 242 301 357 428 497 561 617 1 3 3 5 6 6 8 13 16 17
1 0 78 136 202 266 326 389 455 529 595 658 3 4 8 9 10 10 14 14 15 17
1 1 76 159 224 275 319 381 456 509 575 649 3 5 6 7 8 11 14 15 19 22
1 2 76 139 209 295 359 409 460 530 590 651 1 8 11 12 13 16 19 21 22 26
1 3 73 149 200 256 322 372 429 500 550 593 2 3 5 7 9 11 14 15 17 17
1 4 88 146 225 301 361 403 459 516 571 637 4 6 9 11 12 13 14 14 16 21
1 5 65 115 166 239 292 354 413 487 552 601 5 6 9 10 13 14 18 20 21 23
1 6 54 136 213 275 339 399 464 516 598 666 5 11 12 13 14 17 21 22 22 25
1 7 59 109 170 228 283 344 411 472 529 600 5 5 8 8 8 10 11 13 15 16
1 8 82 142 205 270 342 413 456 508 566 625 3 5 8 10 10 12 13 14 14 14
1 9 84 134 203 265 330 373 436 496 559 616 2 2 5 7 9 12 14 17 20 21
1 10 72 119 193 263 328 398 470 546 616 685 2 3 5 5 8 9 12 12 12 14
2 0 74 129 197 252 311 372 446 519 572 627 1 6 7 7 9 9 13 15 16 18
2 1 75 134 194 261 337 391 454 514 584 639 3 4 7 9 11 11 16 21 24 29
2 2 80 139 217 276 337 387 445 508 559 622 2 6 8 8 10 13 14 14 16 19
2 3 87 143 212 285 334 405 479 538 602 671 5 7 8 11 12 14 20 22 25 26
2 4 88 149 204 276 345 392 456 519 578 634 2 2 6 7 7 8 10 15 17 17
2 5 62 126 199 260 308 376 428 477 529 580 3 6 10 12 13 16 17 18 21 23
2 6 73 130 192 247 322 385 452 522 570 629 2 3 3 6 6 8 10 14 15 16
2 7 59 127 199 260 323 392 441 492 558 600 3 7 9 9 9 12 13 13 15 18
2 8 56 112 169 230 283 348 403 446 500 553 1 6 9 10 10 14 14 16 19 19
2 9 70 131 207 263 303 361 438 509 574 629 4 5 6 8 11 14 17 20 21 24
2 10 52 111 161 207 268 322 382 442 496 544 2 2 3 5 7 7 8 9 10 10
3 0 54 137 210 262 334 389 472 541 598 664 3 6 7 8 9 9 15 15 17 17
3 1 84 148 215 286 338 403 471 535 595 653 3 8 11 12 13 16 17 18 20 21
3 2 56 116 171 212 276 317 376 420 484 548 4 9 10 10 11 11 14 14 17 19
3 3 72 134 198 251 306 361 394 461 523 590 4 7 7 9 10 11 13 14 15 17
3 4 75 135 211 265 331 397 468 530 615 688 4 8 13 13 14 17 17 20 23 25
3 5 76 137 206 286 350 403 466 521 588 652 1 1 1 2 2 4 7 8 9 12
3 6 83 157 212 274 344 394 431 498 559 619 4 8 11 13 13 14 15 18 19 21
3 7 68 136 193 251 315 387 445 511 589 639 4 5 8 8 10 10 10 10 11 13
3 8 69 122 196 267 321 372 450 511 566 606 4 7 9 11 11 14 14 14 17 17
3 9 82 148 222 266 320 386 456 519 568 625 5 6 9 12 15 18 21 23 27 29
3 10 59 125 177 230 257 322 374 429 480 537 3 4 7 8 10 12 13 13 14 18
4 0 59 129 190 271 334 393 455 519 569 609 2 3 5 6 9 10 10 12 12 15
4 1 79 136 193 250 318 378 430 501 556 611 3 5 5 5 7 7 8 11 12 12
4 2 73 141 210 264 311 381 443 499 568 633 1 2 6 8 10 12 15 18 20 20
4 3 72 131 199 273 313 375 422 495 553 597 0 3 7 10 10 11 12 17 21 24
4 4 72 146 209 279 325 373 441 504 576 635 2 5 5 6 6 6 7 9 15 18
4 5 58 122 174 236 287 366 408 492 558 597 1 6 7 8 8 8 9 14 15 16
4 6 76 156 218 275 329 379 418 486 536 602 2 5 9 11 12 16 17 19 22 28
4 7 69 119 173 237 276 331 388 453 534 592 2 5 6 7 10 11 12 17 21 24
4 8 90 151 217 285 333 388 452 519 577 629 5 7 8 10 12 13 14 16 17 20
4 9 72 119 167 227 305 351 394 448 512 559 0 1 1 4 4 5 7 7 10 12
4 10 74 143 199 271 310 376 430 483 530 572 1 2 3 5 7 10 11 12 12 13
5 0 77 147 204 258 312 373 431 478 552 614 1 4 6 8 9 9 11 13 15 18
5 1 78 136 203 260 319 386 439 496 548 623 2 7 8 10 13 15 17 17 21 23
5 2 85 154 210 280 333 397 461 522 583 645 7 9 11 12 15 17 21 23 23 25
5 3 84 146 234 308 383 448 502 560 612 668 3 5 6 8 8 9 11 14 15 16
5 4 66 128 192 266 319 388 458 515 573 639 1 2 3 4 5 6 10 12 12 15
5 5 62 114 183 254 313 373 438 512 576 645 2 4 7 12 13 14 17 20 25 28
5 6 61 115 185 246 285 336 397 467 516 572 1 3 6 7 7 7 8 11 11 11
5 7 53 130 183 246 295 352 413 485 537 598 3 7 7 12 15 16 19 25 25 28
5 8 76 139 223 290 347 417 466 504 547 601 3 6 7 9 12 16 16 16 17 17
5 9 71 127 189 246 294 361 428 490 546 603 1 5 8 9 10 11 12 14 14 15
5 10 82 152 225 278 321 382 435 482 522 583 4 6 8 11 11 12 13 14 14 14
6 0 50 99 155 216 282 340 402 470 541 610 2 2 4 6 10 13 15 15 15 17
6 1 70 121 179 247 319 380 449 496 550 598 5 7 8 12 14 15 15 17 19 20
6 2 77 138 212 270 352 425 496 556 613 681 3 9 12 13 14 16 17 18 22 23
6 3 66 127 202 268 330 390 442 496 550 602 3 3 7 9 10 13 15 15 18 18
6 4 75 130 203 256 302 366 420 481 536 604 3 5 9 10 14 16 17 17 17 21
6 5 76 125 186 251 307 381 456 526 594 657 2 3 4 6 6 8 12 16 17 19
6 6 71 155 219 274 313 368 420 472 532 582 2 5 6 8 8 9 11 13 15 16
6 7 47 108 177 253 315 361 441 490 518 566 2 5 8 10 11 14 16 17 17 20
6 8 76 145 217 282 335 397 452 506 549 600 4 6 8 10 11 11 13 14 14 16
6 9 65 131 184 235 279 331 396 454 521 559 5 7 7 7 9 13 14 14 14 16
6 10 58 102 159 215 243 309 379 445 497 550 1 2 2 6 7 8 9 10 10 10
7 0 62 127 201 265 332 388 441 515 583 652 2 4 6 6 8 12 13 16 18 19
7 1 72 140 201 263 324 380 454 511 571 614 1 3 8 10 10 15 17 20 21 23
7 2 88 149 226 286 343 385 441 503 554 623 2 5 6 7 9 10 13 14 17 21
7 3 70 136 199 261 329 396 446 513 585 640 4 5 9 11 15 18 19 23 27 31
7 4 69 163 237 304 374 435 479 531 600 675 3 5 5 10 12 17 19 20 22 22
7 5 75 126 193 272 346 387 456 511 566 616 4 6 8 12 16 16 18 19 21 22
7 6 54 118 183 256 318 377 436 505 556 632 2 3 4 7 12 13 15 16 18 19
7 7 75 131 214 282 340 390 467 510 563 625 5 8 8 8 8 9 11 13 14 14
7 8 71 129 195 264 308 367 408 463 510 561 4 4 7 10 10 12 15 15 16 17
7 9 66 134 203 276 340 381 420 477 533 584 2 4 6 10 13 14 15 17 20 21
7 10 86 149 209 272 314 337 399 457 529 570 6 10 12 14 15 18 18 18 22 22
8 0 79 141 205 264 317 382 429 487 553 623 1 1 2 4 4 4 4 5 8 11
8 1 81 146 218 291 361 420 481 549 611 651 2 5 7 8 11 13 14 16 19 23
8 2 68 148 214 287 348 416 496 575 641 693 5 6 8 9 11 12 13 14 21 22
8 3 65 131 192 250 307 370 443 499 554 597 3 3 6 9 12 13 15 17 20 22
8 4 69 117 185 240 307 365 431 492 558 623 2 4 5 8 10 16 17 19 19 22
8 5 85 170 229 290 326 386 452 512 566 606 1 3 3 4 5 7 7 7 8 9
8 6 79 149 221 276 330 387 459 518 569 633 2 2 7 7 8 9 9 12 13 14
8 7 62 126 185 262 333 392 456 497 555 596 3 6 9 13 13 19 21 24 27 28
8 8 56 101 155 206 259 317 375 429 497 547 1 1 6 7 8 10 11 12 12 14
8 9 73 121 188 247 313 388 437 483 526 583 5 6 9 11 15 16 18 22 24 24
8 10 68 138 205 286 363 412 472 534 602 643 4 5 6 8 10 12 13 16 18 18
9 0 71 134 207 264 334 403 468 548 615 677 1 6 8 10 13 15 18 19 21 23
9 1 64 138 212 290 359 422 480 547 606 678 4 8 9 12 15 18 20 20 20 23
9 2 74 143 199 244 300 368 425 485 539 606 3 5 7 8 9 14 14 14 15 15
9 3 67 128 208 267 342 408 480 538 608 663 6 10 12 14 16 17 19 20 26 28
9 4 74 136 212 259 310 378 450 497 564 623 4 6 7 7 8 12 15 15 17 18
9 5 69 125 176 228 279 342 381 417 471 519 0 1 4 4 9 12 13 14 15 15
9 6 57 141 194 249 323 373 409 451 525 600 4 7 9 10 13 15 17 19 21 26
9 7 64 109 163 223 270 322 366 421 474 536 2 3 4 7 8 9 10 11 14 15
9 8 62 125 194 255 327 401 447 490 553 606 1 4 4 4 6 7 8 8 9 10
9 9 63 130 179 240 300 364 427 456 503 563 2 3 3 6 9 9 11 14 16 17
9 10 61 115 181 242 291 331 385 427 482 527 4 5 6 11 13 13 13 14 14 16
10 0 81 144 210 289 364 422 493 569 623 709 3 6 9 12 15 16 18 20 23 25
10 1 66 142 193 262 335 404 474 534 603 667 1 2 4 7 8 9 10 12 14 15
10 2 64 132 194 258 317 374 426 467 544 596 3 5 6 6 8 9 13 14 17 21
10 3 57 139 208 274 329 395 472 545 600 666 1 5 6 6 7 9 10 11 11 11
10 4 57 122 190 243 314 377 442 500 560 624 2 3 4 6 13 15 15 15 16 18
10 5 51 120 184 262 334 388 449 518 593 646 1 3 3 7 8 8 12 13 14 15
10 6 85 141 211 260 317 367 421 474 512 561 3 5 7 8 9 12 14 15 15 16
10 7 75 145 185 256 305 369 424 482 526 581 5 7 8 10 15 15 18 20 22 23
10 8 78 132 196 245 295 348 404 458 515 559 2 3 7 9 9 11 13 13 13 15
10 9 69 126 171 236 290 355 416 473 536 622 3 5 5 8 10 13 14 15 16 18
10 10 58 123 181 239 299 356 409 465 526 569 1 4 4 7 9 11 12 13 16 19