0 0 63 122 181 218 284 332 398 448 519 573 4 4 6 8 10 11 11 13 13 14
0 1 79 142 223 294 345 418 465 530 584 653 6 9 10 11 14 16 21 22 24 28
0 2 66 152 216 277 329 406 455 518 582 637 1 1 4 9 10 12 14 17 20 22
0 3 56 137 191 258 346 425 493 555 608 669 4 8 11 15 17 19 21 22 23 25
0 4 61 127 188 262 321 402 459 505 576 645 3 5 8 13 15 18 22 25 25 30
0 5 71 135 201 261 346 414 469 524 584 658 3 9 12 15 17 19 24 28 30 31
0 6 61 123 184 240 297 361 428 491 559 619 2 2 4 4 5 5 6 7 8 9
0 7 69 129 182 240 321 380 448 508 588 670 5 9 14 15 17 23 25 29 34 37
0 8 65 120 186 259 320 365 433 481 544 600 2 6 6 8 9 9 9 10 14 16
0 9 71 141 191 261 309 364 421 474 543 597 3 5 6 6 10 12 13 16 17 17
0 10 61 143 207 276 331 422 469 549 613 675 4 5 9 13 17 18 19 23 28 28
1 0 73 127 182 265 340 424 465 526 592 638 0 4 5 8 10 11 13 15 16 20
1 1 80 147 224 295 352 423 512 588 658 716 3 4 6 9 10 12 12 17 20 24
1 2 66 141 200 247 312 368 428 501 564 631 4 10 13 13 14 18 20 24 25 29
1 3 68 142 214 270 321 373 437 492 543 593 4 6 7 9 11 13 15 17 19 20
1 4 66 113 164 221 288 359 426 497 545 596 3 3 5 5 7 7 10 12 12 13
1 5 75 136 185 249 317 372 439 487 544 601 3 4 6 8 11 11 14 18 20 28
1 6 68 133 200 264 327 373 440 515 577 634 1 4 11 12 15 17 17 19 21 22
1 7 66 138 213 262 310 367 440 497 563 629 2 4 6 8 8 8 11 15 16 17
1 8 63 134 202 261 314 379 450 521 591 642 6 9 13 14 16 16 17 20 20 21
1 9 59 132 179 239 303 367 403 462 514 572 1 5 7 8 11 12 15 17 19 20
1 10 67 124 194 252 304 353 418 468 521 579 1 3 4 6 8 8 13 14 14 16
2 0 73 126 187 237 303 366 427 489 546 600 4 5 5 5 5 6 6 9 10 12
2 1 85 134 198 276 364 422 491 584 640 690 4 5 6 9 10 11 13 16 17 22
2 2 71 148 213 269 326 393 454 520 573 638 5 6 8 14 16 19 22 22 25 28
2 3 65 156 229 276 343 396 469 516 583 662 5 6 11 11 13 14 14 15 16 17
2 4 74 149 209 278 344 399 467 534 602 651 7 10 14 15 18 19 21 23 28 28
2 5 62 126 182 252 321 373 435 494 559 606 4 6 10 12 14 14 14 14 14 16
2 6 62 146 192 240 313 376 430 498 567 631 0 3 5 6 7 9 10 13 16 17
2 7 82 139 196 258 318 398 454 522 565 614 2 4 8 9 9 13 14 15 17 19
2 8 67 140 187 232 301 359 404 457 517 575 7 11 12 12 14 16 16 22 26 27
2 9 70 135 197 249 313 377 411 466 523 591 4 6 8 11 13 15 15 17 18 20
2 10 41 114 175 235 300 351 405 455 518 578 2 4 10 11 14 16 18 20 21 22
3 0 56 121 198 263 327 378 452 520 580 643 1 5 8 9 12 12 13 15 17 19
3 1 69 125 195 247 325 388 455 504 560 613 5 5 9 12 15 16 18 21 23 24
3 2 75 141 199 262 318 375 441 478 560 640 2 3 3 4 8 9 13 15 15 17
3 3 78 144 197 265 327 391 448 524 592 619 4 6 10 10 11 11 13 17 20 20
3 4 69 130 200 258 321 369 422 478 539 606 3 4 7 9 10 11 15 15 15 15
3 5 71 133 209 273 329 392 437 479 540 588 1 4 9 13 15 16 19 22 25 27
3 6 74 146 204 252 315 368 421 480 539 586 3 5 8 10 11 11 13 15 15 16
3 7 92 155 211 283 326 383 444 497 572 641 3 4 4 8 8 10 16 17 17 20
3 8 70 119 171 237 311 366 422 491 548 609 3 5 8 11 13 13 15 17 20 23
3 9 47 110 160 247 313 368 424 497 549 595 2 3 5 6 6 6 6 8 9 10
3 10 68 126 186 228 287 354 410 462 505 566 1 2 5 7 8 8 8 9 9 13
4 0 72 133 192 271 330 402 461 516 575 655 4 7 10 13 13 15 17 18 19 25
4 1 86 149 223 292 342 384 435 481 531 593 3 5 10 17 22 23 24 24 28 29
4 2 96 157 215 262 323 381 463 523 587 651 9 12 14 16 18 19 19 20 25 29
4 3 66 129 196 262 317 377 424 486 552 622 7 8 8 12 16 18 18 20 21 23
4 4 82 144 218 289 343 399 447 500 562 635 2 4 5 6 7 11 11 13 14 17
4 5 73 145 204 252 312 369 413 469 531 597 5 9 12 15 22 24 25 28 30 34
4 6 68 132 192 259 319 386 434 481 536 586 3 4 6 10 12 15 15 16 17 18
4 7 67 130 163 225 284 343 412 462 513 561 3 7 10 11 11 12 12 12 14 16
4 8 62 117 174 205 272 335 400 460 512 565 3 6 6 6 10 12 16 19 22 29
4 9 65 125 171 222 276 320 365 419 494 568 2 4 7 8 8 10 11 16 17 17
4 10 61 127 169 236 283 333 381 454 511 545 2 5 7 9 9 12 13 17 18 18
5 0 77 133 207 272 346 413 466 526 582 657 3 6 10 12 16 21 21 21 21 22
5 1 59 124 179 230 283 336 418 491 544 596 2 5 8 9 12 15 19 22 24 25
5 2 71 134 216 268 333 385 443 508 563 612 1 2 3 3 7 8 8 8 12 12
5 3 67 135 185 237 290 346 422 488 564 619 4 7 8 8 9 12 15 15 18 19
5 4 69 134 210 266 326 395 464 535 587 659 4 7 11 12 16 18 20 21 22 23
5 5 67 135 190 266 307 367 423 489 554 598 5 8 13 14 16 18 18 23 23 24
5 6 80 148 201 261 319 392 447 519 574 618 3 8 13 13 17 17 19 21 22 23
5 7 71 133 182 238 285 337 404 452 497 566 4 7 8 9 10 10 12 12 15 18
5 8 84 146 206 274 319 381 431 500 557 598 4 5 7 8 10 11 11 13 16 17
5 9 63 135 198 257 309 353 421 460 509 550 4 5 7 13 14 14 15 15 16 18
5 10 70 121 187 261 316 360 422 497 554 606 3 6 8 14 16 16 17 21 21 22
6 0 60 122 198 266 320 377 443 503 554 624 1 4 5 9 12 14 15 17 17 19
6 1 76 135 200 271 339 415 491 556 610 655 5 7 8 12 15 16 17 20 22 22
6 2 79 132 184 245 305 369 423 497 568 622 3 4 8 10 11 11 12 15 21 21
6 3 80 122 182 250 300 357 411 455 520 582 4 6 9 12 15 16 18 21 23 25
6 4 83 159 210 255 304 367 418 472 528 575 1 3 4 6 8 8 9 11 12 13
6 5 76 135 194 258 315 365 419 465 508 586 1 5 9 10 11 16 18 19 20 23
6 6 68 131 184 230 282 359 426 475 539 595 3 5 7 7 9 9 10 13 13 14
6 7 73 116 164 215 291 354 418 476 535 593 1 5 5 6 7 8 8 11 12 14
6 8 69 143 214 279 346 404 473 519 553 608 2 3 4 6 8 10 13 13 14 15
6 9 64 135 183 238 293 371 431 493 547 598 1 5 7 9 11 14 15 16 17 18
6 10 55 102 159 217 279 349 398 438 510 562 5 10 14 16 17 17 19 21 25 25
7 0 82 149 230 312 380 430 505 560 630 688 7 11 12 16 18 21 22 24 26 27
7 1 77 133 201 258 321 384 437 497 570 631 0 1 1 6 9 10 12 14 15 16
7 2 62 120 176 220 299 349 415 486 542 601 4 9 9 13 13 14 18 19 21 24
7 3 78 147 215 275 342 392 463 522 569 624 6 6 7 10 10 13 13 15 17 18
7 4 61 130 189 244 312 378 423 478 532 603 5 9 14 16 18 20 23 25 26 27
7 5 65 155 206 259 320 375 436 475 520 577 0 4 5 5 7 7 8 8 8 9
7 6 71 127 183 230 287 329 388 439 494 544 4 6 9 13 16 18 22 26 28 30
7 7 91 142 202 257 318 388 452 512 559 617 2 2 3 5 6 10 11 13 14 16
7 8 61 125 164 239 281 336 392 439 499 546 1 7 8 9 11 13 17 19 19 23
7 9 73 109 161 217 272 340 395 453 495 560 4 5 6 9 10 12 14 14 14 17
7 10 77 146 215 281 344 399 453 500 554 600 0 3 5 8 9 10 12 12 13 16
8 0 79 167 228 289 357 412 462 526 590 648 3 5 6 8 11 13 16 18 20 20
8 1 66 123 183 228 296 352 425 480 535 605 5 5 7 12 13 16 17 17 20 22
8 2 75 125 183 245 308 376 440 482 537 600 4 6 6 6 8 11 16 17 20 21
8 3 70 135 201 266 322 388 451 519 585 642 2 4 6 9 10 11 17 18 20 21
8 4 77 141 189 242 301 369 418 483 531 561 1 2 4 5 8 10 10 13 13 14
8 5 73 128 180 245 308 361 414 481 548 591 2 4 8 9 11 13 16 19 19 22
8 6 67 133 192 257 320 384 454 492 551 602 0 5 7 10 13 14 15 15 16 16
8 7 63 118 182 243 294 338 383 433 488 555 2 4 8 9 13 15 16 16 17 19
8 8 60 129 181 240 305 372 408 478 551 626 2 5 6 9 13 15 15 15 17 21
8 9 85 138 219 272 332 372 442 502 551 610 2 5 7 8 8 9 11 12 12 13
8 10 79 155 222 285 337 395 439 478 523 582 4 6 13 16 19 21 21 22 24 24
9 0 62 135 207 270 331 398 445 520 575 635 3 6 7 10 14 17 18 22 22 25
9 1 83 151 211 278 342 416 484 553 604 674 2 3 4 11 12 12 13 18 20 23
9 2 70 122 172 230 292 348 405 457 514 569 3 5 9 12 12 13 16 16 19 21
9 3 77 150 205 265 333 398 465 520 561 608 3 7 10 12 13 15 19 21 24 30
9 4 78 133 180 231 290 343 415 481 556 624 3 4 6 8 8 9 10 13 13 13
9 5 61 118 185 236 299 386 443 483 549 606 2 3 5 6 6 10 10 10 13 15
9 6 80 153 211 274 335 382 445 499 538 595 4 5 5 5 6 7 7 10 10 14
9 7 70 136 188 246 306 372 437 486 542 586 1 4 7 8 10 11 13 14 15 19
9 8 55 124 182 241 284 341 387 416 470 522 2 4 6 8 9 11 13 14 18 19
9 9 73 138 196 260 313 376 411 474 526 583 1 4 7 10 10 11 12 14 14 14
9 10 81 144 226 288 348 409 484 524 575 626 1 2 4 7 8 11 12 13 14 16
10 0 51 133 196 255 334 401 487 556 610 678 0 1 3 5 6 7 12 17 17 19
10 1 75 124 192 257 320 372 435 497 548 602 4 4 5 6 8 11 14 14 18 19
10 2 71 141 214 271 330 405 466 524 574 635 4 6 8 9 11 14 15 16 19 21
10 3 74 136 193 242 321 393 467 531 577 647 3 5 6 12 13 16 20 23 24 27
10 4 76 132 200 275 328 380 434 479 544 598 4 4 4 7 8 9 9 10 17 18
10 5 62 128 193 254 315 374 434 485 526 589 4 4 4 5 6 7 7 9 11 13
10 6 73 138 207 262 299 356 414 454 514 577 2 6 7 9 10 12 15 15 17 19
10 7 73 139 195 264 305 368 428 471 531 565 3 8 13 14 16 20 23 23 25 26
10 8 90 145 205 254 323 375 455 511 560 621 2 3 6 8 10 10 13 13 14 14
10 9 69 139 187 240 284 352 417 480 538 586 5 10 12 13 13 14 15 15 17 17
10 10 72 128 202 265 323 384 448 483 525 598 2 2 5 6 11 12 14 16 16 18