0 0 60 138 210 267 324 395 480 556 619 688 5 7 8 8 9 11 13 16 18 19
0 1 65 136 201 251 313 373 462 526 584 642 2 5 7 9 12 13 14 14 15 17
0 2 53 112 165 251 311 375 452 523 594 660 1 3 3 6 6 9 13 19 20 22
0 3 60 121 181 245 299 374 439 496 538 610 1 1 3 9 12 14 17 18 22 25
0 4 79 149 208 264 326 402 474 536 593 648 4 8 9 9 12 14 16 17 17 17
0 5 77 138 210 277 354 420 496 572 627 675 1 8 10 11 13 16 20 21 24 25
0 6 66 137 201 252 317 378 437 500 560 635 4 4 6 6 7 9 10 14 17 20
0 7 73 143 218 281 345 423 494 564 630 692 1 3 7 7 7 8 11 13 17 18
0 8 73 126 187 228 300 373 449 527 575 624 2 5 7 7 9 11 12 12 14 16
0 9 80 146 214 292 359 427 484 541 581 647 0 5 5 6 8 9 9 10 12 14
0 10 66 133 188 249 320 383 441 505 569 637 2 5 5 5 8 11 12 13 14 17
1 0 67 134 197 260 315 394 459 519 582 638 1 3 5 6 7 8 9 12 16 17
1 1 61 110 176 235 290 348 412 480 547 600 3 4 8 11 11 14 17 17 22 22
1 2 74 126 180 244 314 361 427 510 569 642 0 0 5 6 8 9 10 11 13 14
1 3 75 142 198 260 320 385 432 497 550 616 8 12 13 14 16 18 18 21 25 25
1 4 73 138 202 264 334 400 449 512 568 636 3 7 8 10 10 12 13 18 23 26
1 5 79 150 195 245 297 355 412 462 521 577 5 8 9 13 14 18 22 24 31 32
1 6 83 154 225 275 334 391 458 531 588 647 2 3 6 7 9 11 11 13 15 15
1 7 66 129 186 256 324 381 442 504 580 638 2 3 5 7 9 10 13 16 19 20
1 8 69 136 185 237 290 355 421 466 517 585 3 6 9 9 10 11 11 11 13 14
1 9 62 128 206 269 343 409 472 547 609 697 1 1 2 2 3 5 10 11 13 14
1 10 79 146 197 248 305 353 409 466 519 569 1 3 4 5 7 9 10 10 13 13
2 0 76 144 209 276 350 427 478 535 597 648 6 11 13 16 16 17 17 23 26 27
2 1 62 125 181 230 289 363 426 482 533 595 4 5 6 7 13 18 18 18 21 29
2 2 79 143 207 279 350 399 448 506 557 629 1 4 5 6 9 10 11 13 14 16
2 3 74 129 188 247 297 357 422 485 550 615 7 9 14 22 27 29 29 30 34 34
2 4 82 126 181 239 306 376 423 471 521 593 1 2 3 4 5 9 9 10 11 14
2 5 68 149 209 285 346 414 487 554 629 690 2 4 5 5 6 9 9 10 14 15
2 6 68 131 202 274 339 394 434 485 537 592 1 7 12 18 22 25 27 27 29 33
2 7 78 162 218 271 325 374 430 487 566 649 5 9 10 12 13 14 16 17 20 24
2 8 84 155 227 286 354 420 478 549 591 621 2 5 7 9 11 11 12 15 16 19
2 9 81 135 199 266 317 362 403 473 518 555 2 3 4 6 10 11 11 11 12 13
2 10 80 149 219 283 336 399 447 510 548 604 2 3 3 4 4 5 6 8 9 12
3 0 61 121 208 262 338 409 469 537 612 679 5 9 13 13 17 19 22 24 26 28
3 1 70 134 195 254 313 369 430 469 535 601 6 7 8 9 10 12 15 15 18 21
3 2 81 157 218 293 362 403 468 534 604 659 1 4 7 7 9 11 12 16 16 19
3 3 67 130 188 253 314 362 424 486 550 613 4 5 7 8 8 9 11 12 12 14
3 4 65 121 192 260 331 382 437 495 556 617 4 6 10 11 14 15 16 17 27 30
3 5 52 107 180 252 309 349 410 480 531 585 2 4 6 10 11 12 14 18 18 19
3 6 59 130 186 256 344 385 453 508 570 626 1 2 8 9 12 12 16 17 17 18
3 7 65 120 190 257 324 372 437 494 563 615 3 7 9 14 18 19 20 21 24 26
3 8 60 127 219 285 351 392 451 507 566 627 4 8 8 8 12 13 16 18 19 22
3 9 68 133 210 277 317 361 431 494 537 597 5 7 10 14 15 19 21 21 23 25
3 10 64 138 212 274 324 388 450 515 576 626 4 10 10 13 17 18 18 20 21 22
4 0 72 151 216 274 336 404 436 482 538 596 4 4 6 7 9 12 12 13 13 14
4 1 63 125 179 250 321 392 453 526 576 638 3 7 11 13 16 17 17 20 20 20
4 2 80 148 202 236 295 350 406 455 509 572 2 3 4 6 9 11 15 17 19 22
4 3 64 133 190 259 306 370 421 493 551 598 2 6 8 10 10 14 17 21 23 26
4 4 88 142 218 278 329 375 442 496 567 618 2 4 8 9 13 14 15 17 18 19
4 5 73 130 203 266 314 361 429 487 545 617 3 5 7 7 10 11 13 13 13 16
4 6 57 106 159 220 291 329 379 425 475 525 0 0 3 3 4 6 6 6 7 8
4 7 73 125 178 235 294 325 387 447 489 545 6 10 10 12 14 15 17 21 22 23
4 8 75 126 193 269 331 381 426 502 558 612 0 2 8 9 12 13 13 13 14 14
4 9 68 144 209 278 346 412 472 528 589 650 5 6 9 12 15 16 17 21 23 25
4 10 68 128 175 253 304 368 431 478 537 609 4 5 8 11 14 16 17 19 22 23
5 0 81 143 228 272 334 397 456 515 574 652 6 8 9 13 16 19 22 23 24 28
5 1 87 158 221 275 344 420 497 549 617 672 2 7 10 12 14 16 18 20 21 22
5 2 72 140 201 265 339 383 456 511 579 652 3 9 10 10 12 17 18 20 21 24
5 3 77 144 210 267 309 378 440 506 576 627 1 2 8 11 11 16 18 22 29 31
5 4 65 152 204 268 325 384 428 482 534 584 1 2 8 10 12 13 15 18 21 21
5 5 77 143 202 262 320 348 397 461 522 584 3 4 5 7 11 13 16 19 23 24
5 6 87 149 234 285 338 408 479 545 616 666 2 4 4 4 4 4 4 5 6 6
5 7 71 130 183 254 324 374 429 482 539 593 5 6 8 10 14 14 15 16 17 17
5 8 77 142 207 262 334 391 458 522 571 644 2 5 5 5 8 9 12 14 15 20
5 9 76 131 188 257 329 379 432 478 536 605 1 4 6 6 8 9 9 12 12 13
5 10 70 122 202 253 308 368 415 467 517 579 4 9 13 15 16 18 20 25 27 29
6 0 75 140 202 252 303 355 416 508 573 625 5 8 10 12 13 15 17 19 21 23
6 1 78 137 206 277 343 407 474 538 595 657 2 3 7 11 13 17 23 26 26 30
6 2 62 108 172 238 318 382 444 513 594 647 2 2 4 5 9 12 12 15 16 20
6 3 77 138 181 239 298 360 425 470 535 612 1 4 7 8 8 9 11 14 16 17
6 4 70 131 187 246 304 355 412 477 548 610 1 1 4 5 8 13 13 14 20 22
6 5 75 133 210 286 338 387 443 487 546 580 8 9 13 13 16 16 17 24 28 31
6 6 88 161 204 250 325 390 482 525 582 630 1 4 4 6 8 9 11 13 13 15
6 7 60 122 172 229 295 337 400 455 504 550 1 2 3 6 8 9 13 13 14 15
6 8 69 148 209 257 333 385 449 519 579 650 4 5 5 7 9 15 15 17 17 18
6 9 83 141 190 240 282 333 409 480 532 593 4 5 6 8 9 10 10 10 12 12
6 10 77 136 190 260 316 360 418 462 518 573 2 5 5 8 12 14 16 17 17 17
7 0 64 120 166 223 292 362 446 504 576 646 0 5 9 11 12 14 15 19 20 22
7 1 67 122 182 247 302 359 409 475 525 583 5 5 9 11 13 16 18 22 23 25
7 2 65 121 178 252 309 349 412 453 517 570 2 6 10 18 20 21 23 24 26 29
7 3 82 154 214 285 347 425 478 519 585 652 5 7 8 10 14 14 17 20 22 22
7 4 52 122 190 247 314 353 403 478 535 581 3 5 5 5 7 10 13 15 16 17
7 5 75 132 192 246 309 363 408 455 496 561 8 11 12 12 12 14 14 15 15 15
7 6 74 118 181 225 281 339 399 459 518 554 2 4 6 8 11 11 11 12 13 14
7 7 47 89 158 237 313 358 407 458 513 570 0 1 5 8 11 11 14 17 17 22
7 8 75 140 199 263 317 368 421 469 525 582 2 9 12 13 16 17 18 20 20 21
7 9 70 138 194 247 312 368 445 504 562 613 1 4 5 6 7 7 7 8 10 12
7 10 62 117 181 228 302 362 408 464 524 581 7 7 7 7 9 9 10 10 11 12
8 0 86 163 217 275 347 405 460 518 599 663 6 8 8 10 10 14 16 18 20 22
8 1 60 130 197 249 319 381 432 493 545 607 1 4 8 8 8 9 9 9 11 13
8 2 76 127 191 252 316 369 422 483 556 619 2 5 5 8 10 10 14 16 20 21
8 3 73 132 197 266 321 370 432 491 547 619 2 6 8 10 13 14 14 15 19 24
8 4 77 153 210 269 320 373 438 502 539 601 7 11 11 12 12 13 13 14 15 17
8 5 63 131 180 228 280 341 403 447 517 596 2 2 3 4 6 9 10 12 13 16
8 6 90 148 221 281 328 370 446 498 535 584 3 5 7 9 11 12 12 15 16 18
8 7 69 142 206 279 340 385 412 457 501 571 5 6 6 7 7 7 7 7 7 8
8 8 92 165 222 313 375 421 467 515 584 663 3 5 8 11 11 13 13 13 13 13
8 9 75 123 182 244 304 353 408 456 496 541 3 5 8 11 12 13 14 14 14 14
8 10 73 151 210 271 313 357 404 446 486 538 5 9 11 13 13 13 15 16 16 19
9 0 93 170 244 320 378 462 519 598 679 732 1 1 3 3 3 5 5 8 10 14
9 1 81 157 220 267 333 390 446 527 582 658 3 4 5 7 8 9 10 11 12 16
9 2 80 160 228 294 354 418 485 542 603 660 5 7 10 13 15 16 18 22 22 22
9 3 63 113 176 221 284 332 403 462 510 571 2 4 4 5 9 12 13 15 19 22
9 4 75 125 183 238 304 348 411 458 518 565 3 5 6 6 8 10 13 13 15 18
9 5 54 123 187 262 306 372 431 480 537 585 1 3 4 7 7 8 10 11 12 12
9 6 87 142 192 253 297 351 388 441 501 570 5 6 9 9 9 9 10 13 14 15
9 7 55 116 175 224 281 357 419 478 528 570 1 1 3 4 7 7 10 10 11 13
9 8 70 126 192 238 306 372 442 498 545 600 3 5 8 8 9 9 9 9 11 13
9 9 62 136 204 264 313 357 417 467 504 567 5 8 10 11 12 13 15 17 18 18
9 10 66 137 199 275 324 388 443 499 552 604 0 3 6 8 9 9 10 13 15 17
10 0 59 110 186 251 324 393 452 514 587 637 0 2 2 4 11 12 13 13 17 18
10 1 64 130 214 272 326 380 451 515 585 641 2 5 10 14 16 18 19 22 24 28
10 2 80 130 199 261 316 372 427 489 551 612 2 5 8 10 11 13 16 19 21 22
10 3 64 128 180 248 306 358 429 499 567 627 0 3 8 9 10 11 13 16 18 19
10 4 64 131 191 251 315 359 411 465 513 565 3 3 5 5 6 8 8 8 13 15
10 5 65 125 187 241 287 356 408 460 525 569 1 5 8 9 11 12 13 13 15 18
10 6 67 145 206 257 295 359 426 482 527 584 3 4 5 6 9 11 13 15 15 18
10 7 61 131 187 258 326 398 444 509 564 606 5 9 12 15 18 19 21 21 21 25
10 8 76 144 222 289 338 414 470 515 568 612 1 5 8 9 9 10 11 13 14 15
10 9 83 141 198 243 295 361 410 469 515 581 4 8 9 11 13 14 16 16 18 22
10 10 85 155 216 274 334 392 427 481 540 596 2 3 5 9 10 10 10 13 15 15