0 0 71 136 206 269 336 422 487 549 610 672 2 3 5 8 9 10 11 13 16 19
0 1 68 121 192 265 347 409 465 544 610 701 1 3 9 12 16 16 19 20 22 24
0 2 80 149 227 289 353 432 502 555 632 687 6 8 11 15 17 19 20 23 24 28
0 3 61 123 184 254 318 372 427 505 569 623 6 8 9 12 15 19 20 21 24 28
0 4 66 123 197 261 330 382 436 508 562 630 6 12 13 17 19 20 23 24 24 27
0 5 79 152 214 272 331 377 432 488 544 612 2 5 6 7 7 7 8 9 11 12
0 6 75 134 206 283 353 433 503 545 615 679 3 5 8 8 9 12 13 13 15 18
0 7 84 152 229 296 353 410 486 556 612 683 3 4 6 8 9 14 20 23 25 27
0 8 82 131 180 251 301 366 419 471 529 602 4 5 7 11 14 15 18 19 21 23
0 9 86 176 246 308 377 435 493 569 638 705 3 3 4 8 11 15 17 21 25 26
0 10 64 117 175 248 328 404 468 528 591 658 5 5 8 8 9 9 11 12 13 14
1 0 70 147 209 289 356 417 486 538 603 666 2 3 4 6 8 8 8 8 12 17
1 1 69 138 195 255 318 380 456 524 599 648 0 1 2 4 4 6 8 10 16 22
1 2 79 154 220 274 327 381 460 529 586 628 2 3 7 10 13 14 16 16 17 18
1 3 60 121 192 253 329 376 440 494 562 623 2 2 6 7 10 12 14 17 20 21
1 4 73 146 218 287 369 423 485 565 631 669 4 4 5 7 7 8 9 9 11 12
1 5 55 116 177 227 292 350 423 491 555 633 2 5 7 8 11 12 13 14 20 22
1 6 81 155 232 284 351 408 467 533 598 640 5 7 7 12 12 13 15 17 20 20
1 7 78 145 212 266 328 372 423 473 532 602 3 6 8 9 10 11 11 11 12 16
1 8 74 133 183 242 297 373 428 483 534 597 2 4 7 10 12 13 15 20 23 26
1 9 79 151 201 277 333 378 445 490 551 613 3 3 6 9 12 13 13 15 16 19
1 10 75 146 193 269 324 369 421 480 536 605 3 5 6 9 9 10 11 13 17 19
2 0 72 153 200 247 315 379 450 508 569 631 7 7 8 9 11 14 15 15 16 19
2 1 66 128 208 269 339 410 481 547 601 652 0 1 2 3 4 6 7 7 10 12
2 2 62 124 188 247 304 362 427 484 541 591 3 7 12 14 15 17 22 27 30 34
2 3 67 131 180 239 313 383 437 494 558 609 3 5 5 7 9 14 15 17 22 23
2 4 45 113 191 254 304 389 431 512 566 615 5 7 11 11 12 13 13 16 17 21
2 5 52 107 164 220 272 329 395 450 496 553 1 2 4 4 7 10 10 12 13 17
2 6 87 136 209 284 349 418 481 542 609 653 2 4 8 11 14 14 14 14 16 19
2 7 69 138 204 275 353 416 474 515 579 636 4 10 15 15 16 18 19 21 23 24
2 8 71 123 182 250 297 350 415 463 513 573 3 4 6 9 10 11 11 12 13 14
2 9 61 122 201 260 340 404 470 529 596 641 4 9 14 16 20 22 22 25 25 26
2 10 68 115 184 245 303 354 418 502 574 627 3 6 7 7 10 10 11 11 11 11
3 0 71 123 193 251 320 397 457 532 593 676 1 3 5 7 9 12 13 16 16 16
3 1 71 136 200 276 337 393 457 520 584 652 3 8 8 13 13 15 16 17 18 21
3 2 66 122 198 263 319 372 448 514 582 641 1 3 4 10 16 18 20 22 25 25
3 3 67 111 185 246 315 369 422 476 521 589 0 1 5 5 6 6 9 12 13 14
3 4 75 137 201 284 352 418 480 527 575 624 3 5 6 7 9 11 15 17 18 21
3 5 72 145 208 270 319 376 447 507 562 619 1 4 4 5 8 9 9 9 12 13
3 6 76 135 210 275 337 403 455 507 548 620 3 7 11 12 12 13 14 14 16 16
3 7 83 147 208 268 327 384 429 496 548 606 7 9 11 14 14 14 16 17 17 17
3 8 89 147 204 263 328 386 449 495 564 619 5 7 13 13 14 16 18 19 20 23
3 9 70 121 185 253 313 368 419 474 526 603 3 5 7 9 12 12 14 14 14 16
3 10 57 120 173 228 285 351 402 447 498 552 3 4 8 10 14 16 20 23 24 24
4 0 71 136 199 252 311 377 429 507 569 627 7 8 9 10 13 14 16 18 18 20
4 1 69 132 186 253 323 400 470 536 588 649 2 3 6 8 8 8 11 12 12 14
4 2 65 124 214 291 362 408 451 510 547 606 2 3 7 8 10 12 15 18 19 21
4 3 54 127 198 264 320 392 439 496 558 621 2 7 7 10 13 17 17 18 19 22
4 4 74 132 184 241 306 363 427 475 546 613 4 6 7 7 9 12 15 15 16 19
4 5 77 137 209 284 358 424 484 538 592 655 5 7 8 9 11 13 14 16 18 19
4 6 77 145 204 270 332 378 431 484 523 595 7 7 9 10 13 14 18 19 19 20
4 7 67 125 172 233 284 355 413 474 532 596 1 6 7 11 15 17 23 23 24 25
4 8 73 135 189 260 326 386 464 515 576 629 2 3 6 9 13 14 15 15 17 19
4 9 65 116 189 248 277 330 399 462 509 561 1 2 5 6 6 7 7 12 15 16
4 10 69 138 198 265 309 356 405 464 538 608 2 2 4 7 9 9 10 12 15 15
5 0 80 150 208 270 320 384 459 517 562 615 5 6 8 9 10 12 14 15 17 19
5 1 58 125 201 267 321 392 451 504 554 614 5 7 9 12 13 16 17 18 21 25
5 2 60 136 186 253 324 377 445 511 573 632 4 6 9 9 12 16 18 21 23 28
5 3 70 145 202 267 325 387 439 512 566 635 4 7 12 13 14 15 15 19 22 25
5 4 70 135 197 257 318 374 424 487 554 597 5 9 12 12 14 15 15 15 16 18
5 5 70 143 217 277 350 410 470 518 576 628 0 2 4 7 9 11 16 16 19 19
5 6 71 136 211 277 337 394 471 531 590 650 6 8 10 14 16 16 18 18 19 23
5 7 63 123 185 236 305 360 409 452 511 571 3 4 6 10 12 14 17 19 21 21
5 8 77 134 195 249 300 359 411 466 528 597 2 3 6 7 7 9 10 11 11 14
5 9 72 143 207 276 333 387 435 481 545 606 5 5 7 7 8 10 11 11 12 12
5 10 70 140 216 287 351 401 460 516 564 613 4 11 14 16 16 17 17 17 18 19
6 0 71 147 203 287 354 420 483 544 609 670 4 5 7 10 12 13 17 21 23 25
6 1 75 143 214 295 360 430 515 568 634 701 6 6 7 9 10 11 12 13 15 15
6 2 84 152 221 268 325 390 461 527 592 630 4 5 7 8 11 13 15 15 16 17
6 3 68 139 202 259 326 392 436 486 537 602 2 4 4 6 6 7 10 10 11 11
6 4 56 130 187 250 321 388 453 514 558 592 2 4 7 9 13 16 20 22 23 23
6 5 71 129 180 225 289 326 388 457 502 569 3 4 7 8 9 9 10 12 13 13
6 6 74 150 204 259 324 383 446 489 547 589 0 4 5 6 9 13 16 18 19 19
6 7 69 129 189 241 318 353 417 479 529 583 5 7 10 11 15 15 17 17 17 19
6 8 71 128 182 237 313 370 423 476 532 575 3 6 10 14 17 18 20 20 24 24
6 9 79 138 183 237 277 320 370 423 495 558 8 10 13 15 17 19 20 22 25 27
6 10 74 126 182 226 282 342 415 471 523 588 3 4 6 7 7 10 10 11 13 16
7 0 68 144 213 284 339 401 459 511 571 626 3 6 8 11 12 13 13 15 18 20
7 1 65 126 198 242 301 348 419 455 513 569 4 7 7 8 8 8 10 11 12 13
7 2 52 104 160 235 288 350 414 478 530 568 1 3 7 7 11 12 15 16 19 20
7 3 73 136 206 252 301 356 413 473 535 593 1 3 5 6 6 8 10 13 14 16
7 4 71 147 198 250 304 359 421 491 551 619 6 7 7 7 10 10 13 14 14 16
7 5 62 120 171 216 280 334 391 450 521 585 4 6 8 8 10 10 11 13 15 18
7 6 69 123 164 243 298 353 405 465 518 560 4 6 7 10 12 13 16 16 18 18
7 7 64 119 172 224 269 338 415 491 558 625 2 2 2 5 7 8 11 12 14 17
7 8 75 139 200 249 304 370 404 454 512 556 0 4 6 8 10 10 11 12 12 13
7 9 77 132 170 231 303 366 435 493 563 607 2 4 5 7 8 8 14 14 18 19
7 10 74 135 208 277 331 396 452 499 548 595 3 4 7 8 8 9 10 10 12 14
8 0 67 134 202 282 356 426 495 577 636 711 2 7 10 13 13 20 22 25 27 31
8 1 70 141 186 257 326 398 459 518 588 640 2 2 3 4 4 4 7 8 8 8
8 2 89 147 204 254 313 372 434 475 528 589 1 4 8 9 10 11 13 15 17 20
8 3 82 155 216 279 332 390 446 502 560 626 4 6 10 11 12 14 15 19 20 23
8 4 52 110 180 237 297 346 419 465 506 560 1 5 6 8 8 8 9 10 10 11
8 5 74 124 186 257 303 354 427 492 565 637 4 5 7 10 11 12 18 21 24 28
8 6 78 154 220 297 348 412 456 517 579 649 4 4 5 7 8 9 10 13 16 17
8 7 73 140 191 250 314 365 429 495 547 602 3 5 7 9 10 13 18 20 21 26
8 8 68 129 196 247 300 354 414 471 535 605 4 6 10 12 15 17 20 21 22 23
8 9 78 126 188 249 310 376 430 492 550 621 1 3 5 7 9 10 11 13 13 15
8 10 72 138 196 248 304 370 414 461 501 544 4 6 7 8 12 14 16 16 16 18
9 0 73 149 206 267 317 375 447 512 581 633 4 6 8 13 15 16 17 21 22 27
9 1 68 133 187 247 316 393 454 530 595 653 0 6 8 9 10 11 14 16 21 21
9 2 66 124 193 268 339 404 452 506 559 617 2 5 7 7 9 13 14 16 18 20
9 3 86 152 200 261 333 403 461 499 541 588 3 4 5 11 11 13 13 16 17 19
9 4 67 151 228 282 334 398 444 503 569 626 2 3 4 5 6 10 15 17 17 19
9 5 82 121 182 255 325 380 445 506 563 613 7 9 11 11 12 13 13 13 15 15
9 6 86 155 224 272 321 395 459 520 588 644 7 9 9 10 14 14 16 19 19 20
9 7 60 112 168 217 283 346 424 463 518 562 2 2 5 7 8 9 12 12 15 16
9 8 64 122 189 234 287 338 401 463 522 563 3 5 11 13 14 15 16 17 19 20
9 9 78 141 187 234 275 326 377 421 464 521 5 7 9 11 11 13 16 17 18 20
9 10 61 99 169 217 286 348 411 464 512 572 1 1 3 3 9 11 12 12 12 14
10 0 78 137 207 272 355 421 489 556 628 677 2 7 10 12 14 18 22 27 28 28
10 1 66 138 197 254 330 408 469 505 576 638 3 5 6 8 8 12 17 20 23 24
10 2 75 136 201 261 337 394 455 528 594 645 2 6 8 9 10 12 13 16 18 19
10 3 55 123 199 256 325 386 438 490 531 576 1 2 5 6 10 10 12 15 15 16
10 4 68 147 185 258 310 361 415 470 528 582 0 2 3 7 8 10 11 12 12 16
10 5 71 124 194 233 300 353 415 456 509 556 1 3 5 8 10 13 15 15 16 17
10 6 55 106 157 217 279 318 380 435 473 535 2 2 3 3 6 6 8 8 12 16
10 7 79 147 219 291 345 406 462 518 566 633 2 7 7 7 10 10 12 14 14 14
10 8 65 116 169 231 286 346 403 470 522 586 5 6 7 8 9 10 10 12 13 14
10 9 59 118 171 244 299 364 417 474 545 598 4 6 7 9 11 12 12 15 16 17
10 10 77 151 224 299 374 418 475 553 590 662 3 3 5 8 8 10 13 14 14 16