0 0 652 1752 2449 3102 3659 4399 5381 6258 6937 7916
0 1 865 1448 2289 3086 3465 4274 4983 5903 6712 7205
0 2 1891 2784 4155 4816 5225 6631 7560 8339 9295 10238
0 3 1048 1781 2325 3063 3580 3765 4353 4970 5543 5939
0 4 789 1295 2266 3018 3537 4239 4758 5540 6066 7472
0 5 1556 3207 4591 5268 6602 7382 8226 9027 10049 10606
0 6 843 1497 2116 2709 3127 3543 4053 4758 5393 5906
0 7 1102 1584 2371 3710 4826 5775 6375 7410 8242 8761
0 8 1685 3363 4337 5282 6733 7477 8147 8988 10114 11397
0 9 1313 2102 2846 3840 4978 6120 7129 7790 8639 9657
0 10 1187 2298 3685 4633 5518 6624 7402 8436 9402 10453
1 0 581 1431 2209 2624 2951 3394 3641 4129 4398 4798
1 1 1467 1831 2405 2898 3211 3766 4178 4470 4759 5156
1 2 1404 2007 2488 3117 3691 4045 4298 4525 4855 5173
1 3 1437 1940 2559 2956 3173 3644 3981 4415 4808 5036
1 4 578 1899 2702 3147 3506 4092 4343 4576 5024 5316
1 5 512 932 2273 2917 3409 3834 4089 4428 4682 4910
1 6 813 1559 2411 3258 3754 4256 4644 4893 5215 5675
1 7 1167 1765 2389 2653 3132 3620 3981 4523 4694 5073
1 8 596 1039 1757 2535 3162 3529 4219 4885 5257 5581
1 9 487 1550 2455 2781 3252 3545 4216 4650 5138 5667
1 10 888 1830 2303 2957 3256 3871 4263 4675 5144 5343
2 0 1586 2033 2257 2742 3234 3765 4105 4309 4763 5110
2 1 1049 1480 1999 2340 2619 3044 3281 3780 4094 4503
2 2 621 1368 1774 2106 2492 2816 3077 3540 3898 4164
2 3 1061 1594 2276 2762 3085 3357 3635 4176 4555 4956
2 4 963 1480 2098 2514 2902 3644 3928 4345 4616 5031
2 5 936 1477 1940 2460 2882 3295 3685 4041 4444 4743
2 6 977 2094 2550 3114 3623 4220 4485 4912 5160 5493
2 7 659 1481 1944 2504 2893 3372 4071 4405 4904 5282
2 8 1259 1775 2828 3669 4149 4551 4961 5227 5807 6048
2 9 1000 1974 2734 3672 3810 4306 5609 6224 6753 7148
2 10 1631 2611 3424 4313 4779 5668 6392 7654 8378 8921
3 0 1613 2632 3098 3679 3961 4429 4958 5348 6051 6548
3 1 672 1486 2299 2918 3300 3591 3891 4170 4659 4980
3 2 1155 1892 2312 2596 2975 3293 3644 3883 4390 4633
3 3 798 1443 2039 2556 2931 3485 3751 3961 4227 4410
3 4 820 1748 2184 2583 3053 3312 3609 3972 4186 4455
3 5 691 1922 2346 2716 3156 3489 3712 4175 4533 4909
3 6 472 1103 1441 1765 2427 2686 3037 3264 3495 3709
3 7 678 1426 2209 2516 3022 4127 4600 4943 5388 5794
3 8 663 1991 2904 3643 4135 4807 5533 6100 6484 7153
3 9 958 1964 2614 3312 4476 5169 6209 7312 8625 9707
3 10 651 1514 2198 2758 3406 4060 4512 5189 5743 6176
4 0 1547 2199 2531 3069 3633 4437 5552 6803 7701 8236
4 1 681 1389 1697 2075 2529 3061 3294 3619 4112 4554
4 2 569 1123 1443 2084 2385 2921 3359 3750 4158 4319
4 3 1298 2196 3015 3792 4061 4290 4691 5073 5391 5684
4 4 505 1292 1948 2421 2850 3441 3829 4257 4508 4972
4 5 1142 1599 1859 2249 2789 3032 3583 4160 4658 5059
4 6 621 1342 1708 2025 2421 2875 3233 3675 4004 4240
4 7 605 1211 1975 2413 2735 3094 3385 3772 4302 4669
4 8 977 1829 2387 2888 3222 3827 4746 5266 6283 6662
4 9 917 1889 2564 3331 4419 5444 6318 7185 8906 10203
4 10 1166 2214 3287 4154 5276 5723 6173 6941 7290 7935
5 0 839 1610 2409 3225 3930 4200 4620 5180 6153 6610
5 1 927 1395 1842 2523 2930 3640 4108 4688 5424 6086
5 2 777 1373 1574 1940 2222 2863 3434 3976 4407 4966
5 3 733 1667 2483 2984 3466 4011 4542 4994 5409 5832
5 4 931 1860 2468 3211 3620 4043 4551 5097 5431 5656
5 5 1289 1744 2075 2443 2959 3205 3841 4111 4503 5093
5 6 1421 2585 3227 3408 3618 4222 4592 4935 5457 5956
5 7 817 1565 1997 2519 3205 3632 4225 4787 5050 5587
5 8 532 1510 2447 3244 3864 4470 5285 5926 6314 6633
5 9 1597 2360 3250 3903 4746 5405 6958 7998 8856 9123
5 10 1974 3851 5011 5706 6397 6769 7470 8302 9161 9516
6 0 1460 2339 3405 4424 5610 6608 7286 8085 9048 9588
6 1 633 1483 2095 2781 3139 3694 4445 5222 5686 6451
6 2 970 1517 2357 2702 2989 3240 3534 3750 4068 4284
6 3 704 1061 1451 1846 2298 2853 3506 4192 4965 5283
6 4 755 1564 1973 2367 3126 3545 4079 4448 5003 5195
6 5 621 1473 2190 2455 2892 3203 3740 4071 4333 4800
6 6 794 1414 2194 2480 2841 3337 3648 3934 4263 4635
6 7 1006 1414 2703 3339 3761 4680 5376 5713 6079 6440
6 8 948 1719 2788 3428 4803 5702 7066 7749 8461 9564
6 9 1334 2351 3323 3729 4432 5698 6115 6937 8022 8606
6 10 1611 2551 4455 5094 5889 7015 7968 9152 10386 11251
7 0 769 1873 2588 3293 4068 4415 5054 5779 6605 7569
7 1 1370 2748 3618 4105 4492 5172 6406 7199 7875 8353
7 2 786 1402 1717 2348 3070 3662 4033 4423 4755 5170
7 3 452 872 1604 2212 2981 3452 3952 4652 5283 6154
7 4 739 1880 3407 4283 4958 5515 6061 6711 7057 7669
7 5 933 2025 2629 2987 3508 4271 4655 5055 5412 6057
7 6 460 1065 1712 2845 3425 4195 4554 4844 5059 5911
7 7 940 2359 3568 4719 5553 6583 6867 7179 7649 8236
7 8 553 1817 2515 3273 3715 4359 5066 5919 6831 7691
7 9 1488 2148 2876 3514 3931 5058 5834 6943 7642 8413
7 10 1237 2254 2844 3394 3989 5119 5633 6168 7080 8492
8 0 826 1547 3122 3873 4602 5390 6517 7534 8322 8912
8 1 850 1666 2207 2876 3835 4492 5250 5987 6732 7703
8 2 1065 1883 2824 3537 4103 4779 5218 6113 6844 7167
8 3 1715 2487 2943 3223 3653 4002 4482 5204 5902 6312
8 4 1057 1795 2735 3367 3930 4394 5555 6428 6855 7828
8 5 1961 2646 3507 4084 4627 5148 5803 6380 7350 7816
8 6 1114 2041 2910 3334 3860 4594 5322 5720 6200 6813
8 7 1216 1893 2375 3435 4056 4686 5234 5686 5884 6187
8 8 1181 2322 3955 4521 5148 5846 6302 6994 7779 8833
8 9 1286 3014 4084 4834 5721 7213 8734 9653 10267 10661
8 10 1737 4468 5017 5843 6848 7603 8581 9298 9632 10730
9 0 1049 2363 3548 4320 4952 6257 6837 7353 8474 9488
9 1 1603 2570 3559 4258 4947 5537 6464 7736 8342 9051
9 2 1746 2517 3325 4516 6539 7351 8640 9119 10063 10610
9 3 1421 2585 3359 4439 5286 6200 6456 6769 7897 8594
9 4 626 1109 2333 3129 4176 5701 7070 7769 8600 9434
9 5 1415 2314 3368 4478 5132 6032 6516 6960 7366 8217
9 6 770 1429 2509 3214 3633 4072 4943 5104 5636 6098
9 7 1243 2262 2969 3538 4089 4754 5503 6050 6536 6857
9 8 853 1558 2213 2936 3754 5191 5749 6128 6658 7686
9 9 1098 2735 4553 5659 6022 6898 7821 8664 9369 10392
9 10 1284 2641 4314 5403 6426 7569 8555 9131 9600 10093
10 0 1160 1888 3022 3996 5418 7316 8105 9257 10529 11586
10 1 866 2980 3571 5137 5787 7456 8611 9550 10474 11956
10 2 1138 2355 3398 5671 6869 7773 8558 9492 10220 10895
10 3 901 1721 2954 4160 4818 5560 6831 7929 8599 9403
10 4 577 2123 3129 4344 5080 6159 6965 7998 9350 10324
10 5 404 2817 3887 4855 5925 7916 8793 10450 12298 13498
10 6 1187 2572 3200 4117 4887 6046 7391 8288 9030 9987
10 7 1415 2254 2902 3951 4974 6065 6987 8028 9913 10650
10 8 1405 2740 3582 4537 5463 6710 8056 9654 10331 11465
10 9 1940 3638 4263 5882 7361 8302 9637 10845 12346 13291
10 10 1780 5075 6104 8263 9682 10953 11908 13777 15540 16239
