0 0 76 139 195 274 341 399 457 516 593 658 2 4 8 9 14 15 18 20 23 25
0 1 68 127 176 238 303 391 459 535 606 670 4 5 7 7 8 11 14 15 17 21
0 2 68 131 191 247 303 370 427 480 551 594 4 11 11 11 12 19 20 21 21 21
0 3 67 150 232 306 360 437 507 564 623 682 2 4 7 10 14 16 19 21 21 25
0 4 61 124 189 278 347 409 464 522 582 636 3 7 8 10 10 13 14 14 15 16
0 5 77 125 199 270 340 405 463 531 603 678 1 2 6 8 9 10 10 12 15 18
0 6 67 119 183 247 330 385 443 521 578 647 1 5 7 11 15 19 19 22 24 25
0 7 61 137 187 261 334 400 470 542 598 654 1 2 4 5 6 9 12 17 18 20
0 8 75 149 229 309 357 399 452 515 575 650 6 11 14 17 20 23 24 26 29 33
0 9 66 114 185 270 335 417 485 556 632 704 1 2 4 6 7 12 13 18 20 20
0 10 84 151 209 279 365 433 491 564 623 689 4 6 8 9 10 10 10 15 18 20
1 0 65 134 182 254 321 399 481 550 608 678 3 6 6 7 10 13 13 16 19 21
1 1 73 127 207 281 338 392 474 529 603 661 3 5 8 10 12 12 15 16 17 17
1 2 82 137 194 257 319 374 442 491 555 612 3 4 6 8 10 11 14 15 16 19
1 3 78 149 198 258 340 402 472 535 600 665 5 6 8 8 9 11 13 16 18 19
1 4 74 132 193 249 310 379 446 513 583 636 3 7 10 12 15 16 16 20 23 24
1 5 85 152 223 288 345 411 461 530 596 659 0 2 5 10 12 14 17 18 20 23
1 6 78 130 202 251 331 399 444 494 560 620 2 7 7 9 13 16 18 19 20 21
1 7 62 129 198 248 301 360 400 470 534 584 3 4 6 7 9 11 12 17 21 21
1 8 56 128 193 254 301 352 410 465 519 585 4 6 7 9 11 13 17 21 25 29
1 9 68 135 191 254 310 372 441 492 564 628 2 6 7 8 10 11 13 14 16 16
1 10 80 143 200 275 326 391 460 517 586 652 1 2 2 4 5 9 11 12 16 18
2 0 67 129 193 253 327 391 462 513 597 639 3 4 8 11 14 14 16 18 19 22
2 1 69 141 180 257 326 401 472 529 578 645 2 6 10 13 16 16 18 20 22 26
2 2 74 139 210 280 335 399 463 548 630 690 2 4 4 4 6 6 10 11 12 15
2 3 67 119 177 231 315 374 446 514 583 638 1 2 2 8 12 14 18 19 21 24
2 4 64 117 175 245 287 340 392 449 509 583 2 2 3 5 6 6 8 13 13 13
2 5 56 112 184 241 299 351 413 485 539 597 4 6 8 10 10 11 12 14 16 19
2 6 58 116 163 235 302 369 436 498 564 627 5 9 11 15 16 18 21 22 24 27
2 7 56 118 174 225 286 351 411 479 536 589 0 2 2 3 4 6 7 10 11 11
2 8 71 135 199 261 318 384 444 516 577 630 2 3 3 5 5 12 13 13 14 14
2 9 74 143 207 280 346 402 458 506 562 616 1 2 5 8 10 12 12 12 12 14
2 10 78 139 201 262 336 387 447 504 565 629 1 4 4 6 9 9 10 14 14 14
3 0 89 168 229 303 375 458 533 584 637 671 3 5 9 10 12 13 15 15 16 17
3 1 76 140 200 245 326 381 450 493 550 615 0 5 10 12 12 14 15 15 16 18
3 2 70 123 180 220 274 335 401 469 515 599 4 7 9 12 13 15 18 18 19 21
3 3 77 148 226 304 366 418 489 538 599 652 3 6 7 9 10 10 14 14 16 18
3 4 78 137 191 255 325 376 436 481 544 594 2 2 5 5 7 9 10 10 13 13
3 5 77 143 200 267 316 372 430 495 556 618 2 4 5 8 10 12 16 17 17 18
3 6 66 130 176 239 287 346 378 419 486 549 7 10 10 11 13 14 16 18 19 20
3 7 67 132 196 240 311 399 467 544 609 656 3 3 3 5 5 6 9 10 11 12
3 8 79 143 191 253 319 376 433 488 560 603 2 4 6 6 7 7 9 9 13 15
3 9 61 143 211 277 325 379 436 489 549 607 5 5 6 10 10 12 12 14 16 19
3 10 82 143 213 261 327 382 442 500 564 626 4 5 8 9 10 11 13 15 16 16
4 0 55 117 196 272 329 414 469 543 592 659 1 2 5 11 13 17 19 19 20 22
4 1 58 120 174 215 281 353 418 475 521 592 3 6 6 7 9 12 14 15 15 15
4 2 68 121 175 224 295 356 408 459 512 558 3 4 8 9 12 15 16 18 20 21
4 3 69 135 208 273 345 404 454 522 558 618 5 9 10 11 12 15 16 21 23 25
4 4 78 144 191 254 302 358 412 471 533 589 3 7 7 9 11 13 16 16 18 19
4 5 65 138 197 259 309 363 415 462 524 591 3 3 4 5 7 9 13 13 14 16
4 6 65 125 175 221 272 331 397 457 513 578 2 4 5 7 12 13 17 19 23 23
4 7 71 128 191 254 311 365 436 501 555 621 4 4 5 12 15 15 16 19 19 23
4 8 71 142 185 250 325 377 445 491 557 620 2 4 5 6 6 7 8 9 10 12
4 9 68 126 201 267 338 397 441 514 565 618 3 4 6 8 9 9 11 11 14 14
4 10 78 149 212 263 321 373 430 479 541 589 3 4 6 7 8 9 12 12 13 13
5 0 59 137 201 263 321 380 444 512 572 635 2 3 4 8 13 16 17 17 21 22
5 1 78 148 214 258 315 382 465 528 596 641 2 4 6 6 8 10 10 16 18 20
5 2 66 127 192 258 305 378 442 496 544 611 3 6 10 12 16 16 16 18 21 23
5 3 74 143 203 246 303 361 408 463 510 573 2 5 8 10 11 13 15 17 18 19
5 4 76 147 211 264 316 380 447 513 573 616 3 10 13 16 19 20 21 23 25 27
5 5 71 132 179 257 305 353 400 470 505 552 1 3 3 5 5 7 8 9 10 10
5 6 71 123 179 229 278 326 371 419 477 519 1 4 7 9 14 15 18 19 22 23
5 7 71 132 195 253 307 368 423 486 546 601 3 4 5 6 6 9 10 11 12 12
5 8 56 120 185 262 316 366 423 473 532 572 2 5 5 5 6 9 10 12 12 13
5 9 77 132 185 245 302 357 415 470 499 540 3 5 9 11 11 11 12 12 15 15
5 10 72 121 187 263 322 366 418 463 517 576 2 3 6 6 7 8 9 11 12 15
6 0 70 140 222 286 354 404 470 527 582 638 3 5 7 7 8 9 10 10 11 16
6 1 52 116 176 244 322 401 461 517 578 639 3 4 7 10 16 20 22 22 24 25
6 2 76 140 209 262 328 384 444 513 566 623 1 2 6 7 11 12 14 16 19 20
6 3 71 153 215 276 330 377 438 479 532 582 4 6 8 16 18 20 20 20 20 21
6 4 71 133 180 244 295 366 431 494 535 590 2 4 9 13 14 17 20 21 23 23
6 5 85 170 233 303 357 409 472 511 566 623 2 4 7 8 11 13 14 16 16 19
6 6 64 118 190 259 322 387 442 504 561 612 5 7 8 11 12 13 13 18 24 25
6 7 78 151 209 264 330 391 437 496 545 588 2 3 3 4 6 9 9 9 11 13
6 8 78 124 188 255 316 378 433 478 530 606 4 5 7 8 9 10 10 11 13 14
6 9 65 126 191 263 314 371 415 482 525 584 1 1 2 4 5 8 8 8 10 11
6 10 81 143 206 262 299 355 424 467 512 586 2 5 9 10 10 12 13 13 17 20
7 0 71 124 185 250 322 379 452 516 585 642 1 3 5 7 7 7 8 9 11 11
7 1 75 129 186 249 319 372 435 501 558 644 2 4 5 8 9 14 16 19 19 20
7 2 61 124 194 268 336 412 478 531 591 642 4 8 9 10 15 20 22 23 24 25
7 3 90 152 220 291 356 411 468 516 564 618 9 9 11 13 16 19 19 19 20 22
7 4 78 129 176 239 292 365 424 482 551 609 5 7 8 11 13 13 13 15 15 17
7 5 83 144 216 279 357 419 463 515 574 641 2 5 7 9 16 18 18 20 20 22
7 6 65 124 192 243 307 381 445 506 564 626 2 4 7 8 10 13 17 20 20 20
7 7 63 118 175 244 299 373 438 486 528 588 4 5 9 11 12 14 16 17 19 19
7 8 66 135 193 255 312 383 429 487 532 577 2 4 5 8 8 11 13 16 16 18
7 9 77 136 180 237 283 373 431 490 565 616 1 3 3 3 3 4 5 7 7 8
7 10 74 129 179 230 291 352 434 505 572 630 5 5 6 7 7 9 12 13 16 17
8 0 75 131 198 280 346 396 452 506 583 637 3 6 7 10 11 13 13 13 16 19
8 1 74 143 213 283 351 390 475 545 600 658 2 4 5 5 10 12 15 20 21 23
8 2 62 129 189 256 327 380 448 496 551 602 3 6 8 9 11 11 11 13 16 18
8 3 82 143 209 275 329 373 440 498 561 631 8 9 10 10 11 14 18 20 21 22
8 4 60 101 155 216 274 331 388 453 501 545 3 6 7 8 8 12 12 16 17 17
8 5 65 134 206 271 351 405 454 522 559 615 3 5 5 8 9 10 11 12 13 14
8 6 69 127 191 243 305 356 407 466 520 596 3 5 5 5 6 7 9 9 10 11
8 7 75 135 190 231 284 347 398 460 514 570 3 3 4 7 10 12 14 17 18 19
8 8 55 127 183 247 312 373 421 477 532 590 3 5 10 11 13 14 15 16 16 18
8 9 65 138 191 248 319 382 434 488 564 633 3 6 6 6 9 11 11 12 15 18
8 10 73 145 214 284 331 401 459 521 573 651 2 2 4 7 8 10 11 11 12 15
9 0 64 128 201 261 314 385 450 514 578 633 2 5 6 8 9 10 13 14 18 20
9 1 74 145 217 271 321 375 444 502 561 626 3 3 6 11 14 17 21 25 28 29
9 2 86 150 234 281 344 402 461 546 611 669 1 2 3 4 6 8 10 11 13 15
9 3 75 143 204 272 348 395 448 511 581 651 5 7 9 13 14 15 17 19 22 23
9 4 68 124 176 228 308 358 407 463 536 600 3 4 6 9 10 10 11 14 18 19
9 5 81 150 210 271 316 364 416 466 513 561 3 5 9 12 14 16 16 19 20 21
9 6 69 140 201 268 331 385 459 520 585 646 2 4 6 6 6 6 8 9 10 13
9 7 78 144 210 263 296 368 421 467 517 575 0 2 4 5 8 9 14 17 17 20
9 8 59 135 182 249 304 356 394 458 516 559 2 5 5 6 7 8 8 9 10 11
9 9 71 141 210 304 373 435 491 530 596 672 4 8 9 12 14 17 18 21 21 24
9 10 82 140 216 277 330 389 447 501 522 571 1 1 1 2 4 9 9 9 10 12
10 0 57 108 181 249 321 363 421 471 539 587 3 5 6 11 14 14 16 16 18 19
10 1 67 145 213 279 351 418 474 544 606 665 2 6 6 13 18 18 19 22 23 23
10 2 83 150 213 291 352 428 476 538 619 680 5 8 8 8 9 13 14 17 19 24
10 3 56 124 189 253 312 376 447 498 548 611 4 5 6 7 10 13 14 17 18 20
10 4 61 133 191 246 305 367 432 487 540 593 2 2 2 7 9 10 12 14 15 16
10 5 68 142 199 234 278 309 378 433 482 549 0 2 3 5 6 7 8 9 9 10
10 6 51 119 181 248 309 366 423 503 546 605 0 2 3 3 3 5 5 9 10 11
10 7 79 143 194 266 325 384 438 506 586 655 4 5 8 11 15 18 20 22 22 25
10 8 78 139 193 261 333 400 454 502 571 635 4 4 8 8 10 12 14 15 15 15
10 9 91 152 226 296 362 437 501 558 589 643 3 6 8 9 10 11 11 11 13 16
10 10 65 127 177 231 298 335 377 444 503 581 2 4 4 4 6 6 7 8 11 11