0 0 58 114 193 271 346 420 491 548 597 661 4 5 6 8 8 8 8 8 12 16
0 1 89 170 216 268 343 399 470 538 619 685 1 4 8 10 14 18 19 20 24 27
0 2 56 130 186 244 296 360 419 478 541 591 2 2 4 5 5 8 8 9 11 14
0 3 64 135 197 255 324 389 466 541 607 664 8 9 14 15 16 18 21 26 28 30
0 4 78 151 216 272 332 381 442 511 573 616 4 8 8 11 14 18 22 22 24 25
0 5 76 121 200 265 311 380 447 519 594 672 3 5 7 10 10 11 12 14 15 15
0 6 74 146 192 251 328 396 456 512 568 635 1 3 7 7 11 13 15 20 22 27
0 7 67 115 183 240 302 374 438 494 579 636 2 5 7 8 9 11 14 16 18 20
0 8 62 143 212 251 319 385 456 516 580 652 6 10 13 17 18 19 21 21 22 26
0 9 63 135 183 252 331 395 450 522 595 658 2 4 7 12 15 17 17 19 24 27
0 10 66 110 163 234 293 357 422 495 560 631 1 2 4 6 7 9 10 11 12 15
1 0 60 116 172 221 287 357 430 480 552 607 1 1 4 10 14 14 16 18 20 21
1 1 74 136 201 275 344 403 468 511 569 641 0 2 2 6 6 8 13 15 17 19
1 2 64 124 185 262 323 387 459 514 579 634 2 4 5 8 10 12 14 15 19 23
1 3 75 142 197 253 297 362 435 504 557 618 0 1 1 6 7 7 7 7 7 7
1 4 53 111 164 228 294 350 414 483 543 593 1 3 8 12 14 17 19 20 23 24
1 5 89 151 225 287 344 413 470 531 601 680 1 2 3 7 7 9 11 18 21 21
1 6 76 128 178 229 273 327 400 468 516 576 3 5 6 6 8 8 10 10 11 13
1 7 76 135 220 296 368 420 486 553 614 672 0 2 5 8 11 13 14 16 18 18
1 8 73 114 170 215 277 347 395 464 509 566 1 3 3 4 5 9 10 11 13 16
1 9 66 118 174 252 296 350 402 460 522 576 3 5 8 9 9 9 12 14 16 16
1 10 68 131 201 273 327 391 431 492 532 589 1 3 5 7 8 9 12 16 17 17
2 0 54 124 195 264 311 369 423 481 571 632 1 3 5 6 9 12 14 14 16 17
2 1 64 134 208 287 342 390 448 508 563 632 2 4 9 12 13 16 18 19 22 23
2 2 54 112 177 235 302 343 419 485 550 624 4 6 11 13 13 13 13 14 18 19
2 3 69 127 199 257 297 353 414 478 544 604 2 5 9 9 11 12 14 15 17 24
2 4 65 143 211 250 302 361 394 442 504 553 5 6 7 8 9 10 13 13 13 14
2 5 65 119 197 260 298 355 403 459 515 574 2 7 9 11 16 25 27 29 31 32
2 6 74 139 199 267 340 421 490 536 601 659 2 3 4 7 7 8 11 14 15 19
2 7 77 129 197 249 298 342 396 451 502 549 3 4 6 7 8 9 11 14 15 15
2 8 83 142 203 259 333 379 436 506 561 642 2 4 8 10 13 15 18 20 22 22
2 9 80 151 230 284 351 409 460 511 567 633 4 6 9 12 14 19 20 21 22 25
2 10 82 147 210 261 326 394 449 493 553 611 3 4 8 12 12 16 16 19 19 21
3 0 71 136 204 270 336 399 459 513 570 639 3 7 8 11 12 14 15 19 20 25
3 1 68 110 173 251 314 368 435 507 565 631 6 6 7 9 11 12 12 12 13 14
3 2 74 138 200 274 308 382 436 511 565 613 0 5 6 11 14 17 18 19 23 25
3 3 69 132 197 271 325 382 454 508 562 616 3 5 8 13 13 14 16 17 19 23
3 4 73 150 205 271 336 396 458 541 620 695 3 5 6 6 7 7 7 8 8 9
3 5 63 131 199 257 324 393 456 500 569 644 3 4 6 6 7 8 8 13 16 18
3 6 79 140 197 255 305 364 423 481 544 597 2 2 4 8 9 9 10 12 14 17
3 7 83 156 214 270 334 407 471 534 595 652 4 9 9 10 13 13 17 20 23 23
3 8 55 113 174 241 302 356 423 486 533 580 2 3 5 7 8 10 14 14 16 18
3 9 86 152 195 268 322 368 426 482 530 594 1 3 4 7 8 10 13 13 15 18
3 10 67 141 207 254 289 345 401 442 522 585 5 6 8 11 13 13 16 18 19 19
4 0 55 109 191 239 317 366 433 509 583 648 2 5 5 7 10 11 15 19 21 26
4 1 70 121 196 277 335 392 450 510 573 621 1 4 6 10 10 15 15 16 16 17
4 2 67 151 202 254 323 364 415 483 539 606 2 3 4 7 8 11 12 14 17 18
4 3 72 144 208 265 340 425 493 556 611 683 6 10 16 18 20 24 28 30 32 32
4 4 71 130 199 273 334 390 466 531 602 660 2 2 4 9 9 11 13 14 14 16
4 5 65 130 195 245 314 378 450 503 574 633 1 2 5 10 13 14 15 18 19 20
4 6 65 123 193 268 328 384 444 498 570 637 3 5 7 8 9 12 13 13 14 15
4 7 74 142 199 248 308 358 420 463 521 579 2 3 7 7 7 10 11 11 15 16
4 8 72 128 185 245 321 386 434 488 566 621 2 6 7 9 13 13 14 16 18 19
4 9 69 144 188 246 291 358 401 464 534 579 6 9 9 14 15 16 18 19 21 27
4 10 71 137 186 240 307 366 418 467 525 593 2 4 5 6 8 9 11 15 16 17
5 0 62 145 221 277 340 402 471 529 589 652 1 2 6 10 12 12 16 16 19 20
5 1 86 131 170 231 291 352 391 455 509 586 3 3 5 6 7 7 7 7 8 9
5 2 67 126 185 253 310 367 408 472 523 587 1 3 5 6 10 11 12 14 17 19
5 3 75 138 212 269 342 393 453 511 581 641 2 2 2 3 6 6 9 12 15 17
5 4 80 149 209 280 333 401 461 514 571 639 2 3 6 9 9 11 13 17 18 20
5 5 66 119 181 249 287 339 395 461 524 569 5 7 7 7 8 9 10 10 11 12
5 6 79 137 212 261 315 357 417 494 545 604 2 3 5 7 9 9 12 13 15 18
5 7 72 131 194 237 283 353 429 509 577 634 3 5 8 11 12 14 16 16 18 20
5 8 78 132 196 251 317 381 437 494 531 601 1 2 5 6 7 9 13 14 14 15
5 9 53 111 170 239 289 337 395 445 495 557 2 3 6 7 9 9 10 11 12 17
5 10 93 164 220 262 314 358 428 477 551 607 4 7 8 9 9 10 12 12 12 15
6 0 67 120 195 252 316 376 439 495 568 640 1 1 5 7 8 10 13 16 21 21
6 1 70 150 212 285 351 406 457 527 579 653 4 4 7 9 10 10 12 13 15 18
6 2 77 137 191 251 334 395 461 499 559 621 3 5 6 6 8 9 11 13 18 21
6 3 79 139 180 245 318 379 445 511 587 651 1 1 1 1 2 4 4 4 4 6
6 4 58 124 185 242 303 358 405 472 520 583 2 6 9 11 12 12 14 17 17 19
6 5 54 116 166 222 294 355 421 478 540 609 5 6 10 12 13 14 17 20 22 25
6 6 78 132 202 252 304 342 392 443 495 555 2 3 6 7 9 10 11 12 13 13
6 7 94 162 232 284 344 388 447 492 558 607 1 7 10 11 13 14 14 14 17 18
6 8 67 132 191 251 307 352 399 462 519 577 4 4 5 8 8 8 10 12 12 12
6 9 69 128 214 271 323 389 437 490 537 603 3 6 8 15 16 16 16 17 19 22
6 10 76 138 209 263 302 342 406 451 514 568 5 10 10 13 13 14 15 15 17 18
7 0 76 152 222 289 344 395 467 532 577 639 2 4 5 7 10 12 13 15 17 21
7 1 76 159 216 277 327 384 428 484 537 601 2 5 5 8 10 11 11 11 11 11
7 2 74 145 200 248 310 367 424 482 544 593 3 4 5 7 8 9 11 12 14 17
7 3 58 116 174 223 293 362 405 475 543 613 3 4 4 4 5 5 6 11 12 12
7 4 57 119 172 241 303 359 413 486 538 594 3 6 9 11 13 13 13 14 14 14
7 5 72 122 166 223 285 336 388 461 514 578 2 3 7 8 11 12 15 15 15 15
7 6 61 115 180 231 280 338 391 449 497 552 2 5 7 9 11 14 18 21 22 22
7 7 72 134 196 256 327 384 442 496 567 621 0 0 1 5 7 8 10 12 15 17
7 8 74 122 190 265 331 394 433 483 542 585 2 6 8 11 12 14 14 15 16 17
7 9 62 136 196 252 321 391 431 496 540 582 2 5 5 8 11 15 16 17 20 20
7 10 95 147 211 266 332 382 443 511 569 625 4 6 7 9 11 11 14 14 14 14
8 0 61 153 224 291 352 404 457 515 559 610 1 6 7 8 9 12 12 13 14 15
8 1 71 125 175 227 286 366 418 483 549 606 9 11 11 16 19 21 21 24 26 30
8 2 67 142 195 265 316 390 444 500 544 589 2 3 4 5 10 11 12 14 16 18
8 3 86 148 220 281 345 419 481 547 607 665 5 8 9 10 11 12 13 18 20 20
8 4 80 163 223 285 350 415 470 527 587 660 4 5 5 5 6 7 8 8 8 10
8 5 63 132 194 269 324 388 448 506 552 604 3 6 7 8 9 11 14 14 14 17
8 6 70 126 177 241 310 375 440 480 539 585 2 5 7 10 12 14 14 15 16 17
8 7 67 126 204 267 309 356 412 447 486 542 3 5 7 8 9 9 10 10 11 12
8 8 91 165 227 279 324 385 430 474 520 571 6 9 9 9 11 12 15 17 17 18
8 9 64 127 195 244 282 337 408 447 491 541 5 6 7 10 11 12 13 15 16 16
8 10 61 131 184 247 330 380 435 484 536 583 3 5 8 11 14 17 18 20 24 24
9 0 71 136 211 273 331 402 455 527 586 658 5 7 11 13 15 17 18 22 22 23
9 1 85 156 231 289 339 398 457 519 580 638 1 4 6 6 6 8 9 11 15 18
9 2 57 128 191 278 345 409 461 542 600 630 1 3 4 6 8 9 12 13 15 15
9 3 52 128 204 264 313 362 424 471 523 572 2 5 6 8 10 11 13 13 14 15
9 4 74 131 201 267 324 372 433 484 538 578 2 4 5 5 10 10 10 10 11 13
9 5 101 166 234 284 341 391 422 474 540 585 4 5 7 12 12 13 13 13 19 20
9 6 73 124 178 248 315 377 429 493 538 583 3 6 8 8 10 10 11 14 15 15
9 7 68 141 207 260 294 349 404 454 499 556 6 8 9 12 12 14 19 19 19 19
9 8 64 113 176 224 266 313 354 406 464 494 3 3 5 6 7 8 11 11 12 13
9 9 72 146 201 253 299 349 380 432 482 530 2 6 10 10 10 12 12 12 12 14
9 10 65 141 196 249 301 353 410 453 504 546 3 4 5 6 9 11 14 14 16 16
10 0 58 126 176 241 318 371 434 482 541 597 1 2 5 9 12 14 15 16 20 21
10 1 57 119 173 222 291 357 419 476 542 599 2 3 6 7 10 13 13 15 18 20
10 2 74 134 192 240 309 360 422 481 546 589 2 3 9 11 13 14 15 18 19 22
10 3 78 153 223 293 351 404 445 495 528 593 3 7 7 10 10 13 13 16 17 18
10 4 81 149 222 282 351 413 496 547 595 636 1 1 2 4 8 11 15 15 15 19
10 5 68 131 179 237 286 344 398 460 517 578 4 7 8 10 13 14 16 17 20 20
10 6 70 121 185 253 300 353 424 480 540 579 1 4 5 9 12 13 16 17 20 23
10 7 71 126 191 243 284 329 368 409 458 515 3 6 7 9 12 13 13 13 14 15
10 8 89 154 221 288 355 426 487 541 595 671 0 2 4 6 6 8 8 12 14 14
10 9 68 127 181 215 278 327 382 436 490 549 1 3 7 7 9 13 14 14 14 15
10 10 72 140 203 265 308 343 376 422 478 545 2 4 5 6 7 8 8 9 10 11