0 0 94 162 232 308 394 469 522 576 644 691 1 3 6 8 11 15 18 20 20 22
0 1 68 125 193 257 311 368 447 528 595 650 4 6 10 11 11 12 15 18 21 23
0 2 56 115 176 228 285 336 391 473 556 620 1 5 6 6 8 10 12 15 16 20
0 3 69 139 216 287 346 432 487 549 614 678 5 5 5 6 7 12 13 15 19 23
0 4 72 125 206 285 343 399 446 519 605 675 2 5 5 6 8 9 14 16 19 20
0 5 64 138 202 272 354 413 472 521 571 642 3 6 8 10 10 13 14 17 17 19
0 6 85 172 240 327 389 479 545 616 673 739 4 7 13 16 19 19 22 22 24 27
0 7 72 138 208 269 320 384 450 512 568 622 1 4 7 8 9 13 17 18 20 22
0 8 76 143 201 265 328 376 444 499 556 616 0 0 1 2 6 8 8 13 17 18
0 9 70 134 200 261 320 379 456 508 577 646 2 5 6 8 9 11 12 12 13 16
0 10 57 124 200 280 329 401 447 503 575 649 7 8 12 16 19 21 21 24 27 28
1 0 65 133 194 261 322 396 462 506 586 660 4 6 9 10 10 11 11 12 12 15
1 1 73 126 179 247 312 366 436 490 559 612 1 3 3 6 9 10 14 17 19 21
1 2 52 105 159 212 281 331 391 443 497 567 1 3 7 8 11 14 14 15 19 19
1 3 64 123 185 250 301 346 405 482 527 587 4 6 7 9 12 16 17 21 22 24
1 4 85 143 217 279 328 372 423 465 520 582 6 12 16 18 18 20 24 27 29 34
1 5 69 133 205 264 323 385 452 517 560 627 2 4 5 5 6 6 7 11 13 14
1 6 77 140 212 285 342 389 454 516 579 644 3 7 8 10 10 13 15 15 16 18
1 7 55 103 166 229 290 347 412 467 523 590 3 4 9 12 13 15 15 17 19 23
1 8 72 150 196 256 335 393 437 494 539 598 2 4 4 4 6 9 11 14 16 18
1 9 49 114 183 254 314 375 434 498 561 630 0 2 3 3 6 6 7 9 11 13
1 10 65 141 207 257 324 372 428 491 566 636 1 2 3 5 7 9 11 13 17 18
2 0 74 113 177 234 300 367 436 501 564 628 4 6 7 10 11 11 12 14 15 15
2 1 78 130 194 242 290 347 403 475 528 597 3 3 6 9 11 13 21 23 25 30
2 2 76 148 203 274 336 413 475 534 604 658 4 10 10 16 18 20 20 22 23 25
2 3 78 148 225 295 353 407 457 511 571 635 3 6 10 12 15 18 20 20 22 23
2 4 55 108 187 253 306 361 416 482 534 587 1 3 6 7 8 9 9 11 13 14
2 5 73 146 209 268 326 368 422 483 550 612 1 4 7 11 11 11 11 11 12 13
2 6 76 132 202 250 318 363 416 497 538 607 5 6 8 10 10 13 14 14 15 18
2 7 56 125 186 256 317 389 430 475 535 576 4 6 8 9 9 12 12 15 18 19
2 8 76 147 222 292 344 414 468 524 578 612 2 6 11 11 13 14 15 15 16 16
2 9 79 152 214 267 323 367 426 477 538 585 4 6 10 11 12 14 17 20 21 22
2 10 55 124 191 255 325 383 436 505 577 632 5 10 13 15 17 18 22 24 25 26
3 0 89 150 201 279 334 376 451 531 583 628 2 5 7 7 10 13 14 15 15 21
3 1 69 122 175 242 310 369 441 493 560 628 2 4 4 6 8 9 12 14 18 21
3 2 80 141 208 251 328 397 467 527 587 663 4 6 6 8 8 12 14 14 14 15
3 3 68 130 206 255 318 377 436 489 529 574 4 5 9 11 13 15 16 17 19 21
3 4 72 151 215 285 376 440 496 544 589 659 4 5 9 10 11 16 17 18 18 19
3 5 53 119 209 247 316 366 425 482 538 595 4 5 7 9 11 13 14 18 20 21
3 6 56 90 139 203 272 331 403 468 541 605 6 7 8 8 10 11 14 18 19 22
3 7 54 112 187 242 299 346 421 472 527 574 3 7 8 8 13 14 16 18 19 19
3 8 85 153 216 275 333 415 478 542 579 632 1 4 4 6 9 12 17 19 20 22
3 9 76 128 198 262 327 388 451 495 557 604 3 5 6 7 8 9 9 10 11 13
3 10 78 145 202 254 299 366 424 479 527 585 4 4 5 6 7 10 13 16 18 20
4 0 58 114 171 236 286 345 381 450 505 552 3 3 5 7 7 8 12 16 19 20
4 1 74 143 205 265 334 397 454 524 596 653 1 2 5 7 9 10 11 12 13 18
4 2 86 153 228 289 337 415 470 532 583 646 5 8 12 13 14 14 16 19 21 25
4 3 72 138 209 279 359 410 480 539 600 645 3 3 5 6 10 13 15 16 21 24
4 4 77 142 196 265 320 387 439 497 549 613 5 6 6 9 11 12 12 14 16 16
4 5 60 128 192 256 313 394 453 509 567 621 3 7 7 9 12 13 13 16 18 19
4 6 70 132 178 227 295 370 428 486 536 602 4 7 9 13 14 18 18 19 21 23
4 7 75 125 174 244 310 362 430 487 536 585 0 1 3 3 4 5 8 11 12 13
4 8 64 128 193 259 324 382 429 472 529 587 5 7 10 11 11 13 13 16 18 19
4 9 68 147 182 250 296 361 412 460 513 547 0 2 4 7 8 8 8 8 9 10
4 10 56 122 170 236 307 345 409 457 516 573 3 5 6 10 12 13 16 17 20 24
5 0 56 127 193 260 312 379 432 504 582 646 2 6 8 10 11 11 11 11 12 14
5 1 66 131 194 238 289 358 413 485 550 615 2 5 5 6 6 9 12 15 16 19
5 2 60 121 185 241 296 354 403 476 542 618 4 5 5 7 12 15 16 18 21 23
5 3 63 115 163 205 256 306 366 432 497 564 2 4 4 6 8 13 15 16 17 18
5 4 66 125 180 238 315 376 415 465 539 587 3 6 9 11 11 13 15 18 19 22
5 5 58 116 187 243 310 370 416 466 516 559 4 7 10 13 13 15 15 18 25 27
5 6 80 163 246 310 367 445 494 539 601 655 7 7 9 10 13 14 14 14 14 16
5 7 72 133 203 262 322 386 451 507 563 617 6 7 8 9 10 14 16 17 18 19
5 8 69 132 185 260 324 389 462 513 571 640 3 4 5 7 8 9 9 9 9 13
5 9 71 117 191 242 306 363 413 474 534 590 2 4 6 6 6 7 7 7 7 10
5 10 65 127 172 231 289 362 425 454 503 554 1 4 5 5 8 9 10 13 14 15
6 0 71 132 190 264 334 403 461 501 542 607 1 4 10 12 13 15 17 20 21 22
6 1 58 138 189 254 317 364 417 479 542 593 3 4 5 7 9 10 12 13 14 15
6 2 64 114 166 218 287 346 424 483 535 589 2 5 6 10 12 15 17 21 26 28
6 3 83 146 222 291 350 418 462 521 590 645 2 4 7 7 10 11 11 13 13 14
6 4 71 157 220 274 339 405 462 527 593 639 3 5 10 11 13 13 13 14 14 18
6 5 71 138 206 273 335 398 444 534 600 651 5 6 7 11 14 14 15 18 20 21
6 6 64 122 163 221 286 333 376 427 484 553 2 5 5 8 10 11 12 12 13 17
6 7 79 139 192 250 325 381 434 481 538 607 5 8 9 10 11 12 12 13 15 18
6 8 87 146 207 268 340 401 449 508 574 630 4 8 10 13 13 15 18 18 22 22
6 9 65 131 204 262 332 383 447 494 547 607 8 9 11 12 12 14 17 19 20 23
6 10 79 151 208 248 321 372 422 500 550 628 5 7 10 11 11 11 15 16 18 19
7 0 64 119 196 259 319 373 446 510 576 626 2 4 6 8 11 13 15 17 18 20
7 1 79 138 208 281 343 394 454 509 577 651 1 2 5 6 7 9 9 11 12 15
7 2 75 121 183 245 314 390 447 527 584 648 2 3 8 10 11 13 14 17 20 22
7 3 74 147 195 257 300 361 417 464 528 589 5 7 9 9 12 15 18 18 19 21
7 4 73 138 209 266 318 377 443 515 577 625 3 4 5 5 6 6 8 10 11 12
7 5 60 129 192 249 297 361 421 490 545 596 2 5 7 7 9 9 10 14 17 21
7 6 89 148 220 277 332 404 470 523 596 662 6 8 9 10 10 11 11 13 14 16
7 7 63 123 181 239 309 376 438 490 568 642 2 2 3 4 6 6 6 8 12 14
7 8 71 147 217 279 325 382 430 486 531 583 4 5 8 10 13 14 14 15 17 19
7 9 70 131 184 244 285 348 401 454 522 590 1 2 2 6 9 9 11 12 13 14
7 10 80 154 235 295 339 410 450 509 558 618 3 3 6 8 9 10 12 12 13 14
8 0 64 143 216 270 331 393 424 493 574 643 3 5 7 8 10 12 13 15 15 17
8 1 75 130 196 250 310 365 448 516 566 629 3 4 7 7 8 9 10 11 11 13
8 2 65 142 221 289 338 400 458 519 557 621 4 7 7 9 12 16 20 24 27 29
8 3 57 135 191 251 299 357 414 479 533 600 4 8 10 11 13 14 15 16 17 20
8 4 70 137 180 238 309 350 427 486 547 622 3 6 7 9 13 14 15 15 21 24
8 5 70 145 199 263 320 384 435 486 541 585 4 8 9 12 13 16 19 20 20 21
8 6 82 150 190 241 310 360 433 469 519 564 1 5 7 9 11 11 13 13 16 16
8 7 68 136 199 269 346 424 465 514 576 606 5 6 11 16 17 19 21 22 23 24
8 8 58 120 174 217 283 344 409 462 506 559 3 5 6 7 7 9 10 13 14 16
8 9 56 117 172 214 298 358 412 469 507 554 2 3 5 6 8 9 11 13 15 16
8 10 51 117 168 241 284 352 410 473 538 584 5 6 7 9 9 10 11 15 20 23
9 0 67 122 206 263 316 382 445 515 585 649 2 4 10 12 15 21 24 25 29 32
9 1 73 130 199 257 323 387 441 489 547 607 2 3 4 6 8 13 15 17 19 24
9 2 78 136 196 255 305 367 421 491 542 590 4 4 8 8 9 13 14 15 18 19
9 3 81 153 219 288 342 397 471 529 589 638 3 11 12 15 16 17 21 22 26 26
9 4 69 134 186 237 296 348 410 465 526 579 5 6 8 10 11 11 12 12 14 16
9 5 78 132 180 235 293 351 404 463 538 592 0 4 6 10 15 15 19 20 21 24
9 6 72 127 191 273 333 382 435 513 545 593 6 8 11 12 12 13 14 15 17 18
9 7 66 123 160 231 300 364 410 469 510 580 2 6 7 9 12 14 17 18 18 22
9 8 58 134 208 279 331 384 429 482 513 568 4 6 7 11 12 12 14 15 15 17
9 9 69 120 180 246 320 384 445 482 538 603 1 2 3 4 5 7 7 8 11 12
9 10 65 137 185 222 284 337 403 449 483 546 6 8 13 13 14 16 17 17 17 18
10 0 83 145 211 271 332 405 490 551 624 683 4 4 11 15 17 20 21 21 24 26
10 1 64 105 158 206 264 340 400 445 516 576 1 2 4 7 8 10 10 11 15 18
10 2 82 138 206 291 346 400 459 520 577 644 3 3 5 6 9 11 12 13 14 18
10 3 62 138 195 255 294 340 389 442 502 575 3 7 8 9 12 15 16 20 25 28
10 4 68 136 207 270 326 381 416 463 506 561 1 1 3 4 4 5 7 8 9 10
10 5 72 137 186 233 305 367 437 504 575 648 0 4 6 7 7 8 11 13 15 16
10 6 68 120 183 251 300 350 402 452 509 551 2 3 6 8 8 9 14 16 17 18
10 7 76 138 213 288 336 416 481 531 586 633 1 3 5 6 6 7 9 9 9 10
10 8 75 141 189 241 296 351 424 495 547 595 5 5 5 5 8 9 11 13 16 16
10 9 79 144 211 269 316 385 444 506 564 627 5 10 15 19 20 20 21 22 22 26
10 10 63 112 167 226 286 322 367 420 458 489 3 4 6 8 8 8 10 10 12 12