0 0 72 140 198 277 346 405 471 528 595 646 4 5 7 9 12 17 19 19 22 24
0 1 64 125 190 241 311 377 432 505 562 635 4 6 6 7 11 11 14 16 18 21
0 2 81 158 223 289 372 423 477 544 596 665 3 6 7 11 12 13 13 18 19 20
0 3 78 145 201 256 311 388 447 502 589 660 4 6 8 10 12 14 17 19 23 27
0 4 72 127 194 268 322 385 457 537 604 666 6 7 9 12 16 18 20 23 26 28
0 5 78 149 218 290 372 423 474 525 596 664 4 6 7 8 10 11 12 14 14 16
0 6 74 127 190 259 311 375 442 499 551 614 5 7 10 12 12 13 17 18 21 25
0 7 61 124 193 263 336 391 446 508 568 611 2 3 5 9 10 11 12 12 16 17
0 8 78 153 236 317 390 463 536 605 685 755 4 8 9 11 11 12 13 14 14 15
0 9 69 126 202 274 336 393 477 526 587 643 3 7 11 14 18 24 27 29 35 39
0 10 64 131 185 250 317 388 447 509 591 643 2 6 7 8 10 11 11 11 14 15
1 0 57 109 175 235 294 351 421 466 539 584 1 3 4 8 9 10 11 11 13 14
1 1 84 161 230 272 322 376 417 462 534 574 1 2 5 6 8 11 12 12 16 16
1 2 67 137 192 265 317 390 447 503 565 644 5 7 9 11 15 18 18 21 24 27
1 3 70 126 197 264 325 373 432 492 558 604 2 4 6 7 11 11 11 17 18 18
1 4 89 159 234 281 350 404 471 519 563 633 1 3 5 5 7 8 10 13 14 15
1 5 80 134 192 250 326 390 459 531 599 654 3 4 5 8 12 18 22 23 23 27
1 6 60 111 182 241 308 373 435 501 568 624 5 6 8 10 12 13 14 15 17 17
1 7 84 168 247 306 384 448 508 558 612 677 2 3 6 8 11 12 12 12 15 15
1 8 73 144 214 269 327 376 448 505 558 618 0 2 3 6 6 8 10 11 14 20
1 9 67 144 212 278 338 392 460 528 575 641 4 9 14 19 20 22 27 29 31 34
1 10 67 132 214 278 323 393 444 500 562 626 3 3 4 6 7 10 11 12 12 12
2 0 77 159 229 287 352 415 480 559 617 675 3 3 3 5 8 10 13 15 18 19
2 1 60 122 188 258 311 348 425 480 540 594 5 8 11 12 14 16 18 19 23 24
2 2 65 130 202 264 331 402 463 513 567 626 4 6 11 12 15 17 21 23 24 24
2 3 74 140 213 266 319 369 436 501 556 630 1 4 7 7 7 9 11 12 16 17
2 4 84 164 241 302 367 443 501 562 621 678 1 3 3 4 5 6 10 11 11 12
2 5 65 126 192 270 331 389 445 514 578 631 2 3 5 5 7 8 9 13 14 15
2 6 59 115 166 218 302 349 405 483 532 590 2 4 5 6 7 7 11 11 12 12
2 7 64 113 174 236 313 382 443 503 553 611 1 6 7 10 13 13 14 15 17 19
2 8 81 135 208 277 327 420 481 526 571 642 4 6 9 10 11 11 12 12 13 14
2 9 81 138 199 253 315 357 422 475 523 592 5 8 11 11 13 13 15 16 17 17
2 10 56 114 168 237 293 340 382 418 480 522 5 7 10 13 14 14 14 14 17 21
3 0 69 151 205 270 335 411 471 518 581 639 0 0 2 3 8 9 10 11 11 11
3 1 81 145 214 259 324 362 423 486 560 610 4 9 12 13 17 21 23 28 29 31
3 2 64 133 178 220 294 352 429 497 554 614 3 3 3 6 8 9 9 11 14 16
3 3 52 125 204 267 332 393 447 515 569 625 1 1 3 6 10 11 12 12 14 16
3 4 71 150 209 274 335 401 450 506 571 643 1 5 7 10 13 15 16 16 16 20
3 5 80 133 204 276 344 387 452 512 566 618 2 2 6 9 10 12 12 15 16 18
3 6 75 144 201 254 308 360 427 482 540 603 2 4 5 6 6 9 9 9 12 14
3 7 80 142 210 272 326 400 467 521 563 622 3 9 11 14 16 17 17 20 20 23
3 8 57 137 218 283 349 412 458 520 567 625 3 6 8 12 14 14 15 15 16 16
3 9 82 142 209 266 314 369 412 465 520 569 1 6 7 8 11 13 18 20 21 22
3 10 72 139 205 292 342 400 455 528 574 613 3 6 11 14 16 18 19 22 25 25
4 0 59 128 186 248 309 386 442 490 552 627 2 4 5 6 6 8 8 11 11 14
4 1 72 131 200 264 314 384 447 507 560 613 4 6 8 10 12 13 15 17 19 23
4 2 62 131 189 255 315 387 454 507 572 641 4 4 8 9 14 17 19 20 24 24
4 3 68 111 187 246 302 366 443 502 573 619 2 4 5 5 5 7 11 13 14 15
4 4 68 106 162 220 269 323 392 453 515 602 1 2 5 5 6 7 9 11 12 17
4 5 80 148 203 270 340 386 426 486 543 587 4 5 5 6 8 8 9 11 12 15
4 6 80 132 195 255 318 380 431 476 535 592 1 3 5 6 7 9 14 17 21 21
4 7 74 148 214 264 328 385 451 507 582 634 4 6 11 12 13 15 17 19 21 22
4 8 75 141 218 274 338 407 470 524 597 655 5 5 7 11 12 13 14 14 14 15
4 9 69 124 186 233 299 345 391 437 466 520 7 7 9 9 12 12 12 15 16 16
4 10 65 120 186 247 305 352 411 460 511 566 1 3 5 5 6 7 8 9 9 13
5 0 59 126 183 231 286 354 410 471 525 600 3 6 9 10 11 13 18 18 21 25
5 1 72 140 197 257 319 376 429 477 546 606 4 6 6 7 10 12 14 15 18 20
5 2 64 117 178 229 285 348 412 472 539 584 2 5 6 9 13 13 15 18 20 21
5 3 72 140 198 259 317 398 452 502 562 624 1 3 7 8 8 8 10 12 12 12
5 4 84 147 226 302 354 399 449 512 556 609 1 4 9 10 13 13 16 17 18 19
5 5 82 137 193 252 306 375 457 524 594 660 5 6 8 10 12 13 17 20 20 22
5 6 78 133 179 233 282 329 394 433 489 542 3 7 9 9 9 11 13 15 16 18
5 7 82 142 200 257 319 378 417 476 511 558 4 7 7 8 11 11 13 15 15 16
5 8 70 127 191 265 325 380 459 508 550 592 2 3 4 6 8 12 13 13 15 17
5 9 70 148 200 253 309 351 415 465 495 534 5 6 9 11 11 12 17 18 19 20
5 10 61 108 160 228 297 353 400 460 526 577 3 3 7 8 8 8 11 11 12 16
6 0 69 113 167 228 285 355 422 480 550 599 2 3 4 8 10 12 15 16 16 17
6 1 81 142 218 280 337 393 448 515 568 627 3 3 4 8 9 13 15 15 16 16
6 2 75 121 180 236 297 368 414 482 561 625 1 4 5 6 8 10 10 11 14 15
6 3 68 121 180 248 300 365 416 473 526 584 2 3 5 5 7 7 9 11 11 15
6 4 85 165 229 278 326 376 421 493 558 623 4 6 7 10 14 15 17 17 19 20
6 5 66 136 183 247 311 366 414 474 529 582 4 6 10 11 13 14 20 22 22 22
6 6 83 143 196 252 305 373 433 483 542 608 5 10 12 13 15 15 17 19 19 20
6 7 76 158 210 284 336 388 451 515 574 614 2 3 6 6 12 12 15 17 17 20
6 8 56 124 174 237 298 369 403 465 530 578 1 6 7 11 12 13 15 15 18 20
6 9 78 143 223 296 341 387 452 519 575 634 3 4 6 7 8 8 9 15 18 19
6 10 64 126 173 240 292 345 422 475 516 580 3 5 6 7 7 8 11 12 13 13
7 0 62 129 185 252 317 378 465 527 589 654 2 6 7 8 9 9 11 14 18 21
7 1 53 136 195 263 331 419 459 538 609 661 1 3 5 9 13 15 19 21 24 27
7 2 81 140 196 280 330 399 457 516 578 625 3 5 6 7 8 10 14 14 15 15
7 3 76 139 209 292 355 406 472 528 576 628 4 9 10 13 16 19 22 26 29 30
7 4 54 114 188 259 333 391 453 532 589 649 4 6 7 9 10 14 16 21 23 24
7 5 69 113 170 223 281 347 410 456 509 557 2 4 7 7 9 11 14 17 17 17
7 6 79 135 214 269 327 369 423 488 541 600 4 6 9 9 12 12 12 13 14 14
7 7 65 126 204 257 306 371 424 464 532 591 3 4 8 13 14 16 16 19 21 23
7 8 73 142 201 268 325 371 426 484 544 599 3 7 8 12 14 15 15 17 18 19
7 9 71 128 180 237 295 363 416 478 529 582 4 5 7 10 11 13 14 14 16 17
7 10 70 126 198 277 362 425 476 547 602 643 2 2 3 5 7 7 9 11 12 13
8 0 71 123 180 255 308 388 457 524 587 648 3 5 5 6 8 11 13 14 15 16
8 1 66 135 190 268 337 389 454 510 564 629 2 3 4 5 7 9 10 12 15 18
8 2 72 142 205 275 332 407 470 538 592 651 2 2 4 4 5 7 7 8 9 9
8 3 62 123 181 227 277 335 394 458 519 569 0 2 5 5 7 9 12 15 17 21
8 4 88 146 201 252 311 374 428 495 548 617 2 4 6 8 9 10 13 17 17 19
8 5 79 143 211 262 325 395 471 520 563 606 3 3 5 5 5 8 8 10 11 11
8 6 70 136 191 250 318 377 432 476 511 552 3 6 8 11 13 15 15 18 18 19
8 7 54 102 171 247 307 365 413 466 510 564 6 10 13 17 20 21 26 26 26 28
8 8 61 128 177 234 283 351 423 485 550 626 1 3 4 5 7 7 7 8 11 11
8 9 75 140 198 272 332 389 424 466 513 567 2 4 8 10 13 15 15 18 20 24
8 10 59 112 168 218 278 349 393 457 526 573 2 7 8 10 12 14 15 18 18 18
9 0 78 138 210 278 341 416 469 531 591 644 3 3 7 11 13 17 18 19 21 24
9 1 74 140 204 280 350 402 468 535 578 632 7 8 11 16 17 21 24 26 27 29
9 2 78 151 213 277 338 404 470 542 612 669 3 4 4 7 12 14 18 20 21 22
9 3 69 125 192 272 338 415 480 545 606 655 2 4 4 6 8 9 11 11 12 13
9 4 57 131 205 262 309 375 443 502 572 616 4 6 7 8 8 8 9 11 16 17
9 5 83 156 210 255 304 380 450 517 578 630 4 6 8 11 11 12 13 17 20 22
9 6 58 130 205 282 363 431 480 536 594 674 4 8 12 17 18 22 26 27 27 31
9 7 57 122 184 251 305 358 414 460 501 560 1 6 7 8 9 13 14 16 17 17
9 8 69 120 168 231 285 337 375 433 488 549 3 4 5 6 6 7 9 11 11 12
9 9 63 113 179 222 268 334 391 447 486 537 1 2 4 5 6 6 9 11 11 11
9 10 78 120 194 236 296 361 411 468 525 591 2 3 6 8 9 10 11 12 12 12
10 0 67 126 191 246 313 393 459 515 572 626 6 7 7 9 10 13 15 19 20 21
10 1 57 129 199 265 331 399 465 531 585 648 0 2 6 10 11 12 12 12 13 16
10 2 71 134 170 228 301 347 412 478 528 601 1 3 4 6 11 16 20 21 23 24
10 3 67 167 223 278 328 388 449 507 573 607 1 5 6 8 11 12 13 18 20 20
10 4 77 132 192 267 327 393 425 489 544 599 3 5 11 17 19 22 24 25 26 29
10 5 70 129 185 247 296 350 399 464 523 568 4 6 12 12 13 13 14 16 16 17
10 6 73 133 198 268 337 399 477 549 608 671 3 3 4 8 8 9 14 15 16 18
10 7 67 120 204 277 333 371 429 492 554 598 3 4 9 11 13 13 14 14 15 15
10 8 58 115 167 224 284 344 400 457 518 577 2 3 5 5 5 7 8 10 10 11
10 9 59 114 183 252 316 358 387 432 483 514 2 3 4 10 12 13 13 14 14 14
10 10 73 121 188 242 272 318 367 423 472 527 0 4 4 4 6 6 7 10 16 18