0 0 71 136 191 248 307 362 420 478 531 611 4 6 6 8 9 12 12 14 16 19
0 1 79 147 223 289 352 426 479 531 593 667 4 4 6 8 9 11 12 16 18 19
0 2 69 123 172 232 295 356 421 486 566 621 2 2 6 7 8 8 8 10 12 13
0 3 77 144 208 275 338 405 471 534 598 653 4 7 10 15 15 16 19 21 21 23
0 4 86 158 210 278 336 405 460 524 618 695 1 4 7 11 13 16 19 21 26 29
0 5 72 137 212 268 337 402 462 522 584 647 2 5 8 11 15 18 20 25 27 27
0 6 55 104 160 206 268 322 390 451 519 586 0 3 7 7 8 8 10 13 15 16
0 7 66 134 193 265 332 402 464 541 608 673 3 5 5 6 9 10 15 16 17 22
0 8 50 103 163 222 289 356 416 461 503 554 2 4 4 7 8 9 9 10 10 11
0 9 73 125 194 256 314 378 443 513 575 639 2 7 7 10 12 12 12 14 17 21
0 10 64 131 192 254 339 411 463 528 571 640 3 5 9 11 13 13 15 21 22 22
1 0 65 127 190 253 323 378 455 501 552 624 4 6 7 8 11 11 13 13 14 15
1 1 64 146 226 279 332 401 465 538 591 645 2 7 7 9 10 14 17 22 24 25
1 2 78 158 228 301 364 411 481 542 607 674 2 4 6 12 16 17 19 21 24 25
1 3 64 117 178 245 313 365 427 489 547 612 1 2 4 6 8 8 11 12 15 17
1 4 75 159 219 280 338 398 475 541 601 653 1 2 3 6 6 9 10 12 17 19
1 5 75 145 209 257 323 390 443 494 553 627 2 4 6 7 8 10 12 15 18 22
1 6 89 142 206 259 321 379 453 510 559 615 2 5 7 8 12 15 16 17 17 20
1 7 67 134 203 294 364 417 480 533 575 639 4 6 6 10 14 16 17 18 19 20
1 8 73 116 174 237 305 385 435 498 550 606 2 5 6 7 7 13 15 19 22 25
1 9 66 126 167 223 294 345 400 472 531 598 2 3 5 10 12 13 14 17 19 22
1 10 83 150 210 284 346 420 477 522 585 654 3 3 5 8 13 16 19 20 22 22
2 0 65 132 201 270 334 401 477 531 594 650 3 7 8 13 15 16 22 25 27 29
2 1 77 132 197 255 322 383 450 507 567 635 2 3 5 7 11 13 16 20 23 24
2 2 73 123 196 250 309 368 443 499 559 612 1 3 5 6 6 12 13 17 19 21
2 3 73 148 224 278 340 395 445 508 553 611 3 4 6 9 12 12 13 14 14 15
2 4 70 138 192 255 318 370 433 500 555 624 2 5 8 10 11 12 15 18 20 21
2 5 60 121 169 228 290 365 417 470 540 609 5 6 8 9 10 14 18 19 25 25
2 6 70 149 224 288 341 394 450 537 604 670 1 2 2 3 4 5 6 9 13 17
2 7 69 127 194 254 319 394 450 506 559 633 5 7 9 11 13 14 16 18 18 22
2 8 57 111 185 234 300 380 441 509 567 627 4 7 12 13 16 17 19 22 24 25
2 9 66 132 206 275 337 391 448 503 554 606 0 2 2 6 8 11 12 15 16 17
2 10 66 148 219 289 349 397 445 486 553 606 3 5 6 8 12 14 14 15 17 18
3 0 66 127 198 251 317 380 441 506 586 660 4 6 9 13 16 20 21 24 25 26
3 1 58 117 178 245 328 400 459 534 602 668 1 3 3 8 9 13 13 15 15 20
3 2 60 124 173 228 288 344 405 469 525 571 3 7 8 9 10 11 11 11 14 18
3 3 61 126 178 263 320 391 454 522 561 608 4 7 10 11 11 12 16 17 17 18
3 4 86 136 201 259 329 409 475 539 610 679 3 5 8 11 12 14 15 15 20 24
3 5 59 115 179 245 301 369 426 467 531 587 1 4 5 5 5 7 10 10 10 11
3 6 84 142 206 268 311 376 433 488 563 630 3 5 11 12 13 14 17 17 18 19
3 7 75 130 182 257 336 385 447 510 571 649 4 6 9 10 14 20 21 21 21 22
3 8 70 132 194 249 320 375 435 489 555 618 6 10 14 17 21 22 25 26 30 30
3 9 76 138 199 262 315 377 411 467 539 602 3 6 6 9 11 13 14 15 17 20
3 10 80 149 200 241 287 342 388 441 493 545 1 1 2 3 4 5 8 11 11 12
4 0 87 143 225 281 348 417 481 546 623 696 3 5 6 8 8 12 17 19 23 23
4 1 58 116 180 243 318 376 429 484 540 587 2 4 5 8 8 8 11 13 16 16
4 2 61 138 202 274 341 411 480 527 588 642 1 3 6 7 8 9 10 11 13 15
4 3 90 158 220 289 348 395 437 512 564 637 2 5 7 8 11 14 14 17 20 22
4 4 54 119 187 258 324 385 419 489 544 613 2 2 4 4 6 9 10 12 12 14
4 5 52 128 199 260 330 380 444 506 577 652 0 1 4 5 8 12 13 13 15 16
4 6 63 120 184 255 322 379 449 504 566 624 2 3 3 7 9 12 14 15 18 24
4 7 65 142 212 264 313 375 412 478 553 601 4 5 6 10 11 12 12 14 21 22
4 8 70 122 190 269 324 382 439 498 561 620 3 6 11 11 14 19 22 22 22 22
4 9 65 136 188 240 293 338 394 436 479 530 3 6 8 12 14 17 19 21 23 24
4 10 62 128 185 234 301 356 429 482 536 598 1 2 6 10 14 15 17 19 21 22
5 0 69 132 209 288 358 416 469 530 604 660 5 8 11 14 18 20 24 26 32 34
5 1 74 152 215 280 341 405 479 523 593 655 2 4 4 6 9 11 12 12 13 15
5 2 79 136 191 255 315 371 422 485 543 604 4 5 5 9 10 13 13 14 15 19
5 3 66 123 189 256 313 360 418 495 558 610 0 2 8 9 9 10 13 16 17 17
5 4 75 135 210 260 337 401 447 503 534 576 2 4 5 6 8 9 13 14 16 19
5 5 79 131 184 238 272 332 400 463 508 567 2 4 6 10 10 12 13 14 15 16
5 6 73 132 195 260 315 370 414 462 522 593 2 3 4 8 11 12 12 16 17 17
5 7 77 130 197 249 327 398 445 500 567 606 2 4 6 9 10 13 14 17 17 20
5 8 59 124 181 240 281 333 385 434 477 528 1 3 5 5 5 7 7 11 12 13
5 9 58 120 184 251 307 371 423 475 532 595 3 5 8 11 11 13 15 15 16 16
5 10 54 111 179 236 301 365 414 473 564 635 1 3 4 4 6 7 9 12 14 14
6 0 83 136 201 258 307 375 441 504 572 631 3 3 6 8 8 11 14 16 19 20
6 1 80 153 218 284 342 404 459 518 580 659 2 3 5 6 7 7 10 10 11 18
6 2 69 140 213 266 319 380 435 492 536 603 7 8 12 16 17 21 23 24 25 28
6 3 65 136 205 248 307 381 434 460 518 556 4 7 9 9 10 10 13 13 14 15
6 4 73 138 213 272 328 387 464 544 593 641 4 7 10 11 11 13 13 15 16 18
6 5 82 147 216 279 341 414 467 510 545 592 0 2 7 12 14 16 22 22 23 24
6 6 84 137 196 252 307 364 427 482 546 590 4 4 5 5 5 6 7 7 10 11
6 7 72 139 209 287 343 391 449 499 571 640 4 8 8 8 10 13 14 15 19 20
6 8 61 139 200 263 336 397 452 524 579 631 4 6 9 13 16 17 17 18 21 23
6 9 77 130 188 249 300 370 423 485 532 593 3 5 7 9 13 14 15 17 17 17
6 10 68 124 182 241 275 337 398 438 494 555 5 8 10 12 13 17 17 19 19 21
7 0 70 131 176 243 302 365 419 477 537 591 3 4 5 7 7 9 12 14 15 17
7 1 81 131 188 256 323 386 462 523 580 640 6 12 15 19 21 25 26 28 29 31
7 2 84 140 196 261 340 397 455 520 576 649 2 3 5 6 7 9 11 15 18 18
7 3 69 147 212 284 352 417 465 534 585 654 7 8 8 9 12 14 18 20 21 21
7 4 66 131 195 268 331 390 431 489 563 618 4 7 11 15 17 20 23 24 25 26
7 5 68 137 202 254 332 391 448 503 548 611 2 4 6 7 7 8 9 10 11 12
7 6 86 148 211 270 314 391 447 499 542 592 2 3 4 5 9 11 11 11 12 12
7 7 61 128 173 229 270 334 379 431 495 535 3 7 7 8 8 9 12 14 15 15
7 8 69 137 182 232 306 342 400 469 537 580 2 2 6 6 8 9 11 12 13 13
7 9 76 140 213 282 347 417 479 526 601 643 3 8 12 13 18 19 22 22 24 27
7 10 67 123 166 232 299 363 425 487 547 579 3 5 6 12 13 15 16 20 21 22
8 0 85 139 202 266 331 382 449 501 554 619 5 5 8 12 15 15 16 17 18 24
8 1 80 152 235 305 371 429 480 537 596 646 2 4 6 9 12 15 18 18 21 22
8 2 81 131 192 257 316 373 442 499 549 617 2 3 4 5 6 7 7 11 11 12
8 3 76 144 203 268 331 404 467 535 582 642 3 3 3 5 11 13 15 16 18 21
8 4 77 144 215 283 341 384 440 499 558 623 2 3 3 5 7 10 13 14 15 17
8 5 66 132 207 255 322 392 463 520 585 643 5 6 7 8 10 11 14 15 16 18
8 6 75 151 204 272 353 407 457 521 576 658 5 8 10 12 15 16 16 17 17 23
8 7 76 144 193 257 309 378 438 490 527 584 1 4 6 8 10 12 12 13 15 16
8 8 59 122 202 254 307 351 422 465 532 596 3 5 5 9 10 12 14 14 17 20
8 9 87 169 222 279 341 394 451 494 546 579 6 14 16 16 16 16 17 19 20 21
8 10 75 152 213 267 331 377 420 479 532 594 5 8 10 12 12 13 14 15 15 17
9 0 79 149 199 275 338 400 464 516 586 631 1 3 7 7 8 9 9 12 14 15
9 1 78 138 198 249 310 344 414 479 546 607 4 6 6 6 6 7 12 13 17 19
9 2 78 133 200 265 328 386 454 517 566 609 1 5 10 11 15 18 19 25 27 29
9 3 91 148 224 306 373 428 470 528 593 659 3 4 8 11 14 14 14 18 21 24
9 4 69 128 209 270 338 406 475 522 563 622 4 7 9 11 13 15 16 18 25 27
9 5 81 147 199 257 314 363 428 485 556 598 0 1 3 3 4 7 8 10 13 15
9 6 60 136 190 251 311 366 409 471 528 575 5 6 7 7 10 13 14 17 19 20
9 7 80 154 220 263 335 379 445 512 567 620 4 4 8 9 9 9 9 12 13 15
9 8 78 140 213 259 320 376 426 488 513 551 6 11 12 13 15 15 15 18 20 21
9 9 55 116 177 233 276 320 361 398 438 498 0 2 8 10 10 12 12 14 14 17
9 10 74 144 202 257 324 378 428 480 538 592 5 6 6 9 12 14 14 18 19 20
10 0 60 113 174 233 299 365 436 497 543 613 1 2 3 3 3 3 6 6 7 8
10 1 63 132 203 267 319 372 419 471 535 614 5 10 10 14 16 20 21 22 25 27
10 2 53 106 176 236 296 345 407 472 548 619 0 4 8 8 10 15 17 17 18 22
10 3 61 118 171 228 274 340 401 452 504 569 1 2 3 3 4 6 6 8 9 12
10 4 67 142 208 270 345 406 474 525 569 642 5 7 8 11 12 12 13 13 13 16
10 5 72 141 209 265 328 392 445 482 544 598 2 5 9 10 12 14 17 18 19 20
10 6 77 143 202 267 320 390 450 518 562 610 2 7 8 10 11 12 14 16 17 17
10 7 67 135 185 251 334 392 457 527 582 628 2 5 6 7 10 13 17 20 22 22
10 8 68 131 192 254 319 359 396 444 493 551 3 4 5 6 8 9 10 10 11 12
10 9 65 133 171 241 308 359 426 478 545 607 2 4 4 6 9 12 14 15 15 17
10 10 68 139 189 244 290 342 395 458 516 576 3 4 5 9 10 10 13 13 17 18