0 0 9 22 30 40 52 59 66 73 79 91 1 1 2 2 2 4 4 4 4 6
0 1 4 10 21 25 33 42 50 64 68 76 0 0 0 1 3 3 3 4 6 7
0 2 9 21 29 39 49 60 70 80 90 100 0 0 0 1 2 3 4 4 5 7
0 3 10 20 27 38 42 47 55 58 65 76 0 0 1 2 3 4 4 4 5 5
0 4 11 23 31 39 50 60 64 71 79 94 1 3 3 4 5 7 8 9 9 9
0 5 4 14 25 27 33 45 53 61 67 78 0 1 1 1 1 3 4 4 6 9
0 6 7 15 28 34 45 52 58 68 80 89 0 0 0 1 3 3 3 3 3 4
0 7 11 22 29 35 40 47 53 59 67 74 2 2 2 2 4 5 5 6 6 6
0 8 9 17 28 36 44 52 60 67 76 82 0 0 1 1 1 2 2 3 5 8
0 9 9 20 30 36 40 48 54 61 70 79 0 1 1 3 3 3 3 3 3 4
0 10 7 15 26 37 48 59 70 78 85 94 1 1 1 2 3 3 3 3 4 6
1 0 10 18 25 32 39 48 54 59 65 73 1 2 2 2 2 2 4 5 5 5
1 1 8 14 24 34 44 55 64 77 84 93 1 2 2 3 4 4 5 7 7 7
1 2 11 17 23 35 40 45 56 65 73 81 0 0 1 2 2 2 3 4 6 7
1 3 8 20 32 36 44 52 61 73 83 94 1 2 4 5 5 5 5 5 7 7
1 4 7 15 24 34 45 52 61 69 78 87 1 1 3 4 4 5 6 6 6 8
1 5 4 11 18 28 35 39 42 45 55 62 1 1 2 4 5 7 8 8 8 9
1 6 9 20 24 33 38 44 57 63 70 77 2 3 3 4 5 5 6 6 6 7
1 7 9 19 30 33 42 53 59 69 80 87 0 0 2 3 4 4 4 5 7 8
1 8 10 20 33 42 47 53 63 72 82 90 2 3 3 4 4 5 7 8 8 8
1 9 11 20 31 41 50 55 57 66 75 84 0 2 3 5 5 5 5 6 6 8
1 10 6 12 17 22 33 41 49 60 65 72 1 2 4 5 5 6 6 7 7 7
2 0 10 24 33 41 45 54 59 69 75 87 0 0 1 1 3 5 7 9 9 9
2 1 9 18 25 35 40 51 65 71 82 94 1 1 1 3 4 8 9 13 13 14
2 2 13 24 30 36 44 55 65 75 86 91 1 3 3 3 4 6 7 7 8 9
2 3 10 23 33 39 49 54 66 73 79 88 2 2 3 3 4 4 5 5 5 6
2 4 7 18 28 34 39 49 59 71 80 89 2 3 4 4 4 5 6 7 7 8
2 5 10 15 25 31 42 50 54 62 74 83 1 2 2 4 5 5 6 7 9 9
2 6 11 18 25 34 44 52 58 67 72 77 0 0 3 3 3 6 6 6 9 9
2 7 6 14 17 23 31 38 44 57 65 74 0 0 0 1 1 2 3 4 6 6
2 8 7 15 24 32 43 52 59 66 74 83 0 1 4 5 7 7 8 11 11 11
2 9 7 15 20 30 35 45 56 65 74 81 0 1 1 3 3 3 5 7 7 7
2 10 12 20 31 40 46 53 62 72 81 89 0 0 1 3 3 3 4 6 7 9
3 0 9 21 27 35 46 57 71 80 90 101 0 0 0 0 0 0 2 3 4 4
3 1 8 13 26 33 39 47 56 64 72 80 0 1 3 5 6 6 8 8 8 8
3 2 11 19 30 39 43 52 64 74 83 91 0 1 2 2 2 2 2 2 2 3
3 3 7 16 31 45 48 60 70 78 87 97 2 2 3 4 6 7 7 7 7 8
3 4 10 15 22 30 37 42 48 55 64 69 0 0 0 0 0 1 1 2 3 3
3 5 7 18 25 33 39 50 62 71 78 90 1 3 6 8 9 9 12 12 13 14
3 6 6 14 24 31 40 45 53 60 66 77 0 1 2 2 3 3 4 5 5 5
3 7 10 23 30 42 48 59 69 80 87 97 2 5 5 5 5 7 7 7 7 9
3 8 13 29 37 45 58 65 75 89 98 104 0 0 1 3 5 8 9 10 10 11
3 9 8 16 26 37 49 59 66 72 78 80 1 1 1 1 3 4 5 6 6 7
3 10 8 19 28 37 48 56 60 68 76 90 1 2 3 3 3 4 4 4 6 7
4 0 7 16 27 41 47 57 64 67 76 84 0 0 0 1 1 1 1 2 2 2
4 1 9 22 33 40 47 54 61 68 76 85 1 2 3 5 5 9 10 13 15 15
4 2 10 18 24 31 35 41 49 54 62 69 1 1 3 4 6 6 7 7 7 7
4 3 10 17 27 42 51 56 60 68 73 82 0 1 1 2 3 3 4 4 4 4
4 4 10 19 25 33 42 51 57 63 66 77 1 2 3 5 6 6 8 8 8 9
4 5 11 21 26 37 51 56 66 71 75 81 0 1 3 5 6 7 8 10 10 11
4 6 11 17 30 42 49 57 65 74 81 90 0 1 3 4 4 4 6 6 9 9
4 7 12 26 31 41 56 64 71 79 87 96 1 1 1 2 3 3 3 5 6 6
4 8 9 15 22 33 41 48 61 71 80 84 2 3 3 3 3 3 5 5 5 5
4 9 11 16 27 31 39 49 61 70 77 83 1 2 2 2 5 6 8 9 9 9
4 10 10 17 25 33 46 54 66 76 86 94 1 2 2 2 2 3 4 4 4 4
5 0 14 22 30 38 49 57 64 74 83 92 0 1 1 1 1 1 3 3 7 8
5 1 7 17 27 40 51 59 68 78 82 90 1 3 4 4 4 5 5 7 7 7
5 2 4 12 20 31 42 52 58 68 72 81 1 1 1 1 1 2 2 2 3 3
5 3 9 23 29 38 49 52 61 75 80 87 2 3 5 6 9 9 9 10 12 13
5 4 5 19 30 39 50 62 72 77 83 92 1 2 3 5 5 6 6 8 10 10
5 5 7 17 26 35 45 50 60 67 74 85 1 1 2 3 5 5 6 7 8 9
5 6 13 22 36 46 57 64 71 73 81 90 0 1 1 2 2 2 2 4 4 4
5 7 15 23 33 42 51 56 63 74 80 87 0 1 1 2 2 3 3 4 4 5
5 8 12 18 26 31 37 44 56 63 72 77 0 0 2 3 6 6 7 9 9 9
5 9 5 15 24 31 37 47 58 67 71 76 0 0 3 4 5 6 7 8 9 9
5 10 6 13 23 35 44 51 63 74 82 90 0 2 4 5 5 6 6 6 6 6
6 0 7 15 26 32 40 45 60 74 83 90 0 0 1 1 2 3 4 4 4 4
6 1 11 19 22 31 39 49 62 70 81 90 3 5 6 8 8 8 10 11 11 11
6 2 12 20 30 37 44 56 65 73 80 89 1 3 4 4 4 4 5 7 7 9
6 3 6 14 26 36 40 42 46 54 59 64 0 2 4 5 5 5 5 10 11 11
6 4 10 23 28 37 45 53 59 63 72 77 2 3 5 7 9 11 11 11 12 12
6 5 9 12 19 32 37 48 54 61 69 81 0 1 2 2 2 3 4 4 4 4
6 6 10 15 23 33 41 52 60 71 78 87 3 4 5 5 5 6 7 8 10 11
6 7 11 20 26 32 39 47 54 59 63 72 1 3 3 4 4 4 5 5 5 5
6 8 9 15 30 40 51 64 80 86 93 96 2 2 4 5 5 5 6 6 6 7
6 9 10 14 23 28 30 39 50 59 66 69 0 0 2 3 3 5 5 5 6 6
6 10 7 14 21 29 40 47 56 63 72 77 1 3 3 5 6 7 7 7 7 9
7 0 9 14 28 36 42 50 56 68 74 82 2 3 3 4 4 7 7 9 10 11
7 1 6 15 30 40 54 60 64 73 79 88 0 0 2 2 5 6 6 7 7 7
7 2 12 19 26 35 44 58 66 76 90 101 1 1 2 2 2 2 2 2 2 2
7 3 6 21 28 37 52 60 67 75 86 94 0 0 0 0 1 2 2 3 5 6
7 4 9 17 32 41 53 59 64 67 74 82 3 3 3 5 6 6 6 6 7 7
7 5 12 24 36 45 57 64 71 87 97 105 0 1 2 2 3 4 4 7 8 9
7 6 10 14 24 31 38 45 54 64 71 82 0 0 1 1 1 3 4 6 6 6
7 7 13 23 30 46 57 65 72 79 89 97 0 1 2 3 4 6 6 8 8 8
7 8 5 13 22 30 40 46 56 63 65 74 0 2 3 3 3 4 4 4 4 4
7 9 8 14 26 33 41 51 57 64 71 84 2 3 3 5 6 6 6 7 8 8
7 10 6 17 32 44 54 64 72 80 88 94 0 0 3 3 4 4 5 6 8 8
8 0 12 20 30 41 52 57 67 77 86 95 0 0 0 1 3 4 4 5 6 6
8 1 8 17 25 34 41 47 58 69 79 86 0 0 0 1 2 2 3 3 3 4
8 2 9 23 27 37 38 50 59 69 77 83 1 1 2 2 2 4 5 6 6 6
8 3 11 25 33 40 51 58 67 79 90 100 1 2 2 3 3 4 6 7 7 7
8 4 9 17 24 31 40 50 55 65 77 83 2 2 2 3 3 4 4 7 7 7
8 5 9 18 30 39 45 56 65 68 79 85 1 2 3 3 4 4 4 4 4 5
8 6 8 19 27 36 45 52 59 68 73 77 1 4 4 5 6 6 7 7 7 9
8 7 10 24 33 44 54 62 68 76 83 91 0 0 2 3 3 4 6 6 6 6
8 8 7 14 20 26 37 44 50 57 68 77 0 0 2 2 2 2 5 6 6 6
8 9 10 14 18 22 28 33 38 45 54 62 0 1 1 1 2 2 3 4 5 6
8 10 8 19 27 35 41 45 57 63 73 82 1 3 4 5 5 6 6 6 6 7
9 0 10 24 36 41 47 57 60 71 76 80 0 1 1 2 2 3 4 5 5 6
9 1 6 16 23 31 43 49 58 64 75 80 0 1 1 1 1 1 1 1 1 1
9 2 9 18 25 37 45 52 62 70 80 88 1 2 3 4 4 4 5 5 5 7
9 3 6 20 32 43 56 67 74 85 92 100 0 1 1 1 1 1 2 3 3 5
9 4 11 25 38 52 60 65 73 76 83 89 0 0 1 2 3 4 5 5 5 5
9 5 11 21 30 40 50 54 62 72 81 87 0 1 4 4 4 4 4 4 6 6
9 6 11 17 25 33 41 47 53 63 75 85 3 5 5 5 7 8 9 9 9 9
9 7 13 25 37 47 53 61 73 79 90 100 1 4 4 5 5 7 9 9 9 9
9 8 7 18 30 36 46 56 65 70 76 85 0 1 3 3 5 6 6 7 8 9
9 9 9 23 29 41 48 56 64 71 79 87 2 3 3 5 5 7 8 9 9 9
9 10 9 23 32 42 53 63 73 79 90 98 0 1 1 1 1 2 3 4 4 5
10 0 11 20 28 36 41 51 62 71 78 81 1 3 3 4 4 4 6 7 9 9
10 1 13 22 31 39 47 56 62 69 73 85 0 0 1 2 3 4 4 6 6 8
10 2 12 21 28 34 45 51 56 62 67 79 1 1 1 1 1 2 2 3 3 3
10 3 9 18 29 36 43 52 63 75 84 88 1 1 1 1 1 2 2 2 5 6
10 4 8 19 32 44 54 62 77 85 93 102 0 0 0 0 1 1 1 1 3 5
10 5 13 22 34 43 50 59 68 79 90 96 1 1 1 2 3 4 5 6 7 7
10 6 5 14 25 31 42 51 58 67 77 90 1 1 1 1 1 1 1 3 5 6
10 7 4 11 20 30 36 40 50 60 69 76 1 3 3 4 4 8 8 10 11 11
10 8 9 22 31 39 47 56 67 73 83 91 1 1 3 5 5 7 7 8 10 11
10 9 5 12 18 28 44 53 60 64 70 79 0 1 1 1 3 5 5 6 6 6
10 10 7 12 21 32 49 55 65 76 85 95 1 1 1 1 1 3 4 5 6 6