0 0 7 15 26 31 42 47 54 63 76 88 0 0 0 0 0 0 0 2 2 3
0 1 11 20 27 33 42 50 59 72 83 90 0 1 2 2 2 2 3 3 4 5
0 2 11 22 33 36 46 52 63 72 83 90 1 1 2 2 3 4 4 5 6 8
0 3 5 10 20 30 41 52 63 66 75 85 1 2 3 4 4 5 5 6 6 6
0 4 14 20 33 44 55 62 66 77 83 89 1 1 1 2 4 4 4 5 5 5
0 5 13 21 35 47 60 73 81 88 93 102 0 2 3 5 5 5 7 8 8 9
0 6 9 18 26 36 44 58 63 72 78 87 0 0 1 1 2 2 2 2 3 6
0 7 12 23 29 40 48 56 67 75 80 92 0 2 2 6 6 7 7 7 8 9
0 8 8 15 24 34 45 54 63 68 74 82 2 3 4 5 5 5 6 6 8 9
0 9 3 14 20 26 31 39 47 55 61 71 0 0 0 0 1 1 2 2 4 6
0 10 5 10 18 29 41 47 53 62 70 78 1 2 3 5 5 6 6 6 7 8
1 0 8 15 25 34 41 51 57 60 70 78 0 0 0 1 3 3 4 4 4 5
1 1 9 19 28 39 49 62 73 81 92 107 0 0 0 0 0 1 1 2 3 3
1 2 4 14 21 26 30 40 51 61 67 79 0 1 1 1 2 2 2 2 2 4
1 3 8 20 30 36 43 49 56 64 72 79 0 0 0 1 1 1 3 4 4 4
1 4 7 12 20 26 36 43 58 69 79 85 0 0 0 1 1 3 3 4 4 4
1 5 6 11 23 29 37 44 58 62 69 79 0 1 3 5 5 5 6 6 8 8
1 6 8 17 28 39 45 49 53 54 67 77 1 2 2 2 3 3 3 4 4 6
1 7 10 18 27 33 42 48 57 66 76 79 1 2 3 6 6 6 6 7 7 8
1 8 13 25 32 39 45 59 71 80 91 102 0 0 0 2 3 3 6 7 7 8
1 9 9 18 28 40 53 64 71 82 93 103 0 0 0 2 3 4 4 6 7 8
1 10 10 17 29 37 44 55 63 72 79 86 0 2 3 3 3 5 5 5 5 5
2 0 9 15 26 34 44 50 56 62 72 79 0 1 2 3 3 4 6 8 8 9
2 1 6 18 22 24 33 42 51 60 70 81 0 2 2 2 2 2 2 3 3 3
2 2 13 25 28 36 43 47 54 59 67 77 2 2 2 5 6 7 8 8 8 8
2 3 5 16 26 41 46 52 58 71 78 85 2 2 2 3 3 3 3 3 3 3
2 4 13 24 31 37 44 51 62 68 77 85 0 1 1 1 2 3 3 4 5 7
2 5 9 20 31 39 49 58 68 81 87 93 1 1 1 2 3 6 7 7 8 8
2 6 10 21 31 38 46 54 59 64 73 81 2 4 5 6 6 6 7 7 7 7
2 7 10 19 28 37 46 52 63 73 77 85 0 0 0 1 1 1 2 3 5 6
2 8 7 18 23 32 39 45 56 61 74 86 1 2 2 2 3 3 7 7 7 7
2 9 6 10 18 24 36 44 51 56 65 74 0 4 5 5 5 5 6 6 7 8
2 10 7 19 26 35 49 59 62 73 82 91 2 2 2 3 4 6 6 6 7 9
3 0 10 22 28 37 45 56 59 65 76 84 1 3 3 7 9 9 9 9 9 9
3 1 12 26 36 51 61 68 76 82 93 101 1 2 3 5 6 6 7 7 8 10
3 2 7 15 25 29 38 44 54 60 73 79 1 2 3 3 3 5 6 9 10 11
3 3 6 19 28 36 45 55 58 68 75 79 0 0 1 1 2 4 5 5 6 6
3 4 11 17 22 35 43 48 56 65 74 82 1 1 1 1 2 2 4 4 5 7
3 5 8 13 23 34 41 47 54 60 64 73 1 1 1 3 5 7 7 9 10 11
3 6 11 19 24 31 47 56 71 80 87 94 0 1 1 2 4 5 6 7 7 7
3 7 11 18 22 29 35 42 53 65 74 86 1 1 2 4 4 4 6 6 6 7
3 8 9 20 31 40 46 57 63 70 76 85 1 1 3 4 5 6 7 7 7 7
3 9 11 22 30 34 42 50 58 66 74 84 1 2 2 3 3 5 6 6 7 10
3 10 8 23 33 42 50 64 75 83 90 97 0 1 2 4 4 4 5 7 7 7
4 0 11 18 26 34 44 55 61 70 79 88 0 1 1 1 2 3 5 7 7 7
4 1 12 22 28 38 45 55 66 81 87 98 1 4 4 6 6 7 7 7 10 11
4 2 11 19 24 31 37 45 53 60 69 78 0 0 1 1 2 2 2 3 4 5
4 3 11 22 34 41 49 56 63 71 78 84 1 2 2 3 3 3 3 3 3 3
4 4 8 16 21 31 38 46 58 63 69 73 2 2 4 5 7 7 7 8 8 10
4 5 6 17 27 35 46 55 66 75 81 91 0 0 1 1 1 1 1 3 4 4
4 6 7 13 20 26 34 40 53 65 75 85 1 1 1 3 3 4 4 5 5 5
4 7 9 18 27 33 44 54 63 75 77 85 0 1 4 4 5 7 9 9 9 10
4 8 10 18 32 39 47 58 66 74 82 94 0 1 1 1 3 3 3 4 6 6
4 9 6 13 17 21 27 36 45 53 65 75 1 1 1 2 3 3 5 6 6 6
4 10 4 8 12 23 29 33 40 50 57 68 0 0 0 3 3 3 4 4 5 5
5 0 10 20 27 34 45 51 60 72 79 85 1 2 3 4 4 4 7 8 8 9
5 1 5 13 23 29 35 45 51 59 63 75 2 2 3 3 3 3 3 3 3 3
5 2 8 17 24 34 44 57 66 76 87 95 0 0 0 2 2 3 4 6 6 8
5 3 8 14 20 27 38 53 61 69 79 83 0 1 2 2 2 3 4 8 9 9
5 4 9 21 23 29 35 39 43 47 54 61 0 2 3 3 5 7 7 7 7 7
5 5 9 12 23 30 41 49 59 67 77 85 0 0 0 0 0 0 0 0 0 0
5 6 8 14 24 31 39 47 58 65 76 83 0 0 0 0 2 4 4 5 6 6
5 7 7 15 20 28 36 45 57 68 76 86 0 3 3 3 4 4 4 4 4 4
5 8 14 25 31 33 42 49 57 65 73 82 0 1 2 3 3 3 3 4 6 6
5 9 9 16 22 36 41 49 60 68 78 88 0 1 3 3 5 5 5 5 5 5
5 10 13 20 25 33 39 41 56 66 70 78 0 0 1 1 1 1 1 1 1 1
6 0 11 20 27 38 45 54 64 71 78 83 0 1 1 2 3 3 6 6 7 7
6 1 12 25 35 46 57 66 74 84 95 99 1 1 2 4 4 5 6 7 8 9
6 2 9 15 23 30 40 49 57 63 71 79 0 1 1 2 2 2 2 3 4 4
6 3 10 19 28 34 43 52 59 68 77 82 3 5 5 7 7 9 11 13 13 13
6 4 10 23 32 41 47 58 60 68 76 85 2 4 4 4 5 5 5 6 6 6
6 5 10 17 27 39 44 53 61 68 74 82 0 2 3 4 4 4 4 6 6 6
6 6 8 19 24 28 36 46 58 67 73 82 0 0 0 0 0 0 0 1 2 2
6 7 11 22 29 35 46 53 62 74 85 96 0 1 2 2 2 4 4 4 4 5
6 8 7 15 18 27 39 46 57 65 73 85 0 0 0 0 2 2 3 4 4 6
6 9 6 14 22 31 44 53 57 64 71 77 2 2 4 5 6 6 7 9 10 13
6 10 6 15 24 31 42 48 57 63 77 86 0 0 1 2 3 4 4 5 5 6
7 0 8 15 20 28 39 53 58 60 69 76 0 3 4 4 6 6 6 6 6 6
7 1 9 16 25 36 41 51 64 77 84 96 1 2 2 3 3 6 7 9 9 10
7 2 8 14 27 34 45 55 69 78 83 93 1 1 1 1 1 1 1 2 2 3
7 3 9 16 23 29 39 41 45 55 63 72 1 1 3 5 6 6 6 6 7 8
7 4 9 17 25 33 44 51 62 72 77 85 0 0 0 0 1 1 1 1 1 2
7 5 13 25 37 44 51 58 62 71 75 83 2 3 3 5 7 7 8 8 8 10
7 6 13 18 24 33 45 53 58 65 70 76 2 3 3 3 4 5 5 8 10 10
7 7 8 15 22 35 48 54 60 69 83 92 3 3 3 3 3 3 3 3 3 3
7 8 5 12 20 30 39 48 58 62 70 80 2 3 4 4 5 5 5 5 6 6
7 9 14 23 31 43 52 63 66 73 77 88 2 2 3 3 3 3 3 3 3 4
7 10 8 12 21 30 42 50 59 65 75 80 1 4 4 5 11 14 15 16 17 19
8 0 5 15 25 38 44 53 60 70 77 84 0 0 1 1 3 3 4 5 5 5
8 1 12 19 28 35 46 57 70 77 83 90 0 2 3 3 3 3 3 5 5 6
8 2 7 18 29 37 44 50 65 71 79 88 1 2 2 3 3 3 4 5 6 6
8 3 9 22 28 38 41 53 61 65 74 82 3 3 4 4 4 5 5 6 6 8
8 4 11 22 26 31 37 43 49 61 68 75 1 2 4 4 5 5 6 6 6 6
8 5 8 13 21 30 38 48 58 68 79 88 0 0 0 0 2 3 4 4 4 5
8 6 12 23 34 40 52 61 65 72 82 90 0 0 0 1 1 2 2 2 2 2
8 7 9 17 24 32 42 51 57 63 74 83 1 2 2 2 2 2 2 3 5 5
8 8 14 19 28 35 42 55 64 74 78 85 0 0 0 3 4 4 6 6 6 8
8 9 9 18 27 33 39 48 56 63 70 77 0 2 5 7 8 9 9 10 10 11
8 10 8 13 23 32 42 50 53 68 73 82 2 3 3 5 5 5 6 7 9 9
9 0 14 24 32 41 47 53 64 69 77 84 0 1 2 3 5 6 7 10 13 13
9 1 11 19 26 30 35 43 53 59 71 77 0 1 1 1 3 3 3 3 4 4
9 2 9 17 22 30 38 45 51 65 74 80 1 3 3 3 4 5 5 5 5 8
9 3 6 15 24 36 47 57 65 76 83 93 0 2 2 3 3 4 4 5 6 8
9 4 12 21 26 32 36 48 57 63 73 85 0 0 0 1 1 1 1 3 4 4
9 5 9 23 29 44 51 62 70 75 84 93 1 1 1 1 2 2 2 2 3 3
9 6 10 18 34 46 52 62 72 81 88 92 1 2 2 3 3 3 4 5 6 7
9 7 9 21 28 32 39 49 58 66 76 80 1 1 1 1 3 4 4 5 7 7
9 8 4 12 19 26 34 41 49 61 67 74 2 3 3 3 6 6 7 8 8 8
9 9 8 13 22 33 45 51 64 70 81 86 2 3 3 5 5 5 7 7 8 9
9 10 6 23 31 39 45 56 65 72 84 90 2 3 4 6 6 6 9 9 9 12
10 0 9 20 30 42 52 58 69 72 80 90 3 3 3 5 6 7 8 8 9 12
10 1 10 21 34 42 49 57 66 78 85 89 1 1 2 3 4 6 6 6 6 6
10 2 9 17 26 40 46 54 66 70 77 86 1 2 4 5 6 7 7 9 10 10
10 3 6 15 25 33 42 51 58 71 78 85 2 3 5 5 5 6 6 6 7 7
10 4 8 15 25 34 44 57 68 79 85 90 0 1 1 2 2 2 2 2 2 2
10 5 8 14 28 41 49 54 68 80 91 98 1 2 3 4 4 4 5 6 7 7
10 6 7 22 26 37 46 52 59 69 80 86 1 1 2 2 4 4 4 4 5 6
10 7 5 13 20 26 32 44 53 64 69 73 2 3 4 4 4 4 6 7 10 11
10 8 5 19 28 38 45 53 63 74 84 86 0 0 1 1 2 4 4 5 5 5
10 9 9 13 20 26 34 39 45 55 64 73 0 0 1 2 2 4 4 5 5 5
10 10 10 16 25 33 48 58 69 77 84 92 3 4 5 6 7 7 7 8 9 9