0 0 847 2083 2711 3649 4517 5656 6596 7036 7838 8480
0 1 744 1818 2211 2594 2987 3632 4183 5017 5608 6183
0 2 474 1072 1650 2053 2698 3520 3972 4433 4842 5133
0 3 1508 2884 3881 4683 5569 6526 7793 8840 9714 10539
0 4 1218 2436 3371 4070 4563 5112 5695 6749 7402 8244
0 5 942 1623 2454 3305 4179 4852 5480 6104 6547 7598
0 6 448 840 1465 2331 2884 3766 4473 4972 5486 6001
0 7 1449 2561 4271 5760 6622 8251 9243 10500 11563 13008
0 8 914 1438 2599 3230 3759 4603 5408 5821 6176 6667
0 9 1251 2059 3072 3738 4397 4771 5348 6269 6806 7475
0 10 650 1389 2482 3091 4032 4845 6566 7631 8441 9154
1 0 1043 2379 3314 3648 4190 4533 4981 5261 5434 5719
1 1 899 1462 1905 2408 2819 3352 3701 4102 4469 4820
1 2 1158 1813 2584 2943 3414 3648 4026 4488 4798 5040
1 3 835 1660 2142 2394 2649 2890 3253 3568 3893 4056
1 4 773 1609 1981 2586 3064 3432 3716 4035 4510 4969
1 5 743 1697 2272 2511 2799 3107 3533 3740 4069 4516
1 6 1234 2049 2692 3078 3407 3831 4226 4506 4713 5124
1 7 364 1357 2375 2537 2926 3611 4251 4948 5438 5741
1 8 727 1763 2309 2831 3301 3773 4076 4883 5317 5840
1 9 1022 2214 2936 3409 3810 4158 4874 5264 5701 6333
1 10 1071 1803 2434 3516 4218 4851 5229 5782 6143 6599
2 0 1347 2082 2588 3004 3436 3608 3778 4078 4479 4739
2 1 1144 1663 1927 2976 3522 3828 4211 4425 4730 4970
2 2 1163 1839 2344 2637 2943 3311 3620 4073 4546 4948
2 3 1073 1754 2085 2342 2574 2985 3338 3683 4184 4539
2 4 1222 1679 2180 2546 2879 3139 3563 3961 4241 4541
2 5 1108 1737 2079 2389 2475 2859 3248 3726 4119 4528
2 6 1003 1564 2438 3020 3375 3621 3963 4388 4751 5349
2 7 786 1579 1951 2334 3165 3759 4057 4623 4925 5381
2 8 966 2443 2956 4090 4800 5189 5560 6010 6492 6921
2 9 952 1953 2675 3196 3972 4335 5209 5652 6315 7049
2 10 857 1973 2831 3860 4508 4999 5546 6192 6711 7051
3 0 580 1982 2609 3052 3559 4592 5313 5825 6047 6462
3 1 604 1102 1405 2162 2526 2864 3612 3926 4372 4697
3 2 590 1282 1812 2239 2587 2761 2992 3114 3332 3719
3 3 997 1575 1955 2211 2558 2920 3110 3445 3807 4219
3 4 1059 1777 2153 2773 3047 3348 3652 3914 4431 4892
3 5 765 1440 1636 2059 2367 2704 3024 3263 3471 4009
3 6 973 1580 2212 2701 3132 3406 3692 4579 4848 5143
3 7 1416 2167 3405 4083 4714 5120 5679 6298 6807 7387
3 8 879 1639 2150 2517 2943 3232 3844 4209 4681 5165
3 9 1453 2475 3193 3483 4218 4768 5589 6108 6873 7741
3 10 1439 3365 4731 5889 6623 7714 8323 8958 9768 10665
4 0 683 1833 2199 3261 3763 4120 4447 4767 5157 5570
4 1 652 1372 1943 2580 3211 3944 4390 4626 5234 5623
4 2 748 1226 1806 2121 2399 2837 3388 3899 4362 4523
4 3 1110 1766 2123 2598 2861 3262 3625 3939 4138 4443
4 4 863 1527 2179 2813 3171 3606 4057 4361 4776 5203
4 5 1073 1688 2421 2950 3381 3754 4141 4492 4775 5118
4 6 711 1463 1909 2449 3078 3702 4284 4503 4822 5378
4 7 616 1146 1514 2054 2980 3411 3798 4342 4745 5163
4 8 1836 2605 3120 3415 3687 4191 4577 4865 5461 5698
4 9 1200 2632 3265 3858 4271 4851 5532 6224 6929 7614
4 10 468 2605 3394 4283 4776 5248 5665 6115 6892 7310
5 0 750 1068 1488 1999 2539 3474 4147 4463 5160 5645
5 1 821 1460 1901 2468 3025 3623 4403 4906 5827 6337
5 2 864 1443 1922 2332 2578 2911 3346 3855 4176 4413
5 3 561 1086 1380 1836 2163 2517 2997 3208 3523 3791
5 4 656 1895 2712 3162 3425 3734 3981 4342 4651 5041
5 5 565 1361 2395 2945 3173 3605 3934 4354 4700 5049
5 6 885 1788 3210 3775 4494 4944 5593 6332 6504 6996
5 7 893 1503 2054 2934 3415 3965 4390 4849 5517 6200
5 8 1008 1631 2767 3769 4455 5237 5927 6472 7332 7921
5 9 855 2315 3338 4580 5247 6345 7358 8469 8955 9492
5 10 1600 3089 3954 5000 5385 5834 6402 7234 8180 8692
6 0 1137 2057 2848 3514 4197 4639 5191 6336 7183 7864
6 1 1022 2036 2529 3222 3582 3964 4458 5026 5362 5931
6 2 820 1575 2419 3309 3757 4918 5683 6282 6942 7746
6 3 685 1166 2276 2918 3498 4046 4432 4805 5170 5479
6 4 642 1198 1449 2252 2709 3008 3482 4209 4598 4930
6 5 834 1467 2562 3354 3961 5069 5341 5764 6341 6965
6 6 1295 1826 2834 3316 3956 4353 4937 5292 5694 5852
6 7 1393 1610 2072 2751 3251 3785 4274 4891 5226 5427
6 8 882 1710 2229 2800 3292 3522 3947 4513 4880 5673
6 9 1458 2265 3650 4754 5883 6422 6810 7812 8404 9336
6 10 900 2903 4398 5165 6369 7657 8796 9636 10417 11321
7 0 636 1807 2764 3765 4686 5500 6219 6658 7490 8412
7 1 419 1200 1882 3065 3308 3690 4436 5060 5336 5920
7 2 515 1256 1765 2159 2688 3384 3966 4544 4872 5116
7 3 1229 1869 2968 3660 4014 4792 5713 6312 7070 7437
7 4 1402 1769 2311 2911 3478 3904 5064 5429 5719 6101
7 5 976 1312 1831 2394 3279 3591 4026 5220 5799 6377
7 6 761 1913 2459 2785 3384 3675 4139 4374 4727 5009
7 7 1565 3176 4161 5246 5795 6278 6683 7221 7564 7941
7 8 530 1231 1772 2356 2789 3617 4227 5233 5689 6221
7 9 1603 2873 3747 4826 6203 6923 7842 8584 9026 9475
7 10 1749 2934 3713 4152 4666 5368 5833 6806 7946 8568
8 0 1832 3045 3747 4411 5508 6168 7152 7468 7987 9172
8 1 475 1565 2746 3537 3866 4916 5949 7182 7920 8686
8 2 1737 2449 2808 3595 4666 5374 5853 6688 7422 8221
8 3 725 1488 2171 2883 3439 4129 4578 4927 5390 5889
8 4 656 1899 2369 3159 3517 3870 4162 4587 5209 5915
8 5 461 1271 2100 2700 2947 3630 4299 4729 5044 5492
8 6 1101 1466 2362 2979 3563 4300 4983 5806 6532 7058
8 7 1064 2427 3515 4161 4918 5196 5993 6701 7409 7789
8 8 1435 3061 3880 4488 5415 7093 8091 8787 9607 10100
8 9 891 1981 3645 5057 6038 6746 7280 8171 8975 9716
8 10 1450 2801 3493 4549 6333 7280 7817 9108 11092 13130
9 0 1164 3334 4000 4878 5481 5934 6974 8402 9702 10349
9 1 1427 2498 3409 4067 4887 5411 6320 7202 7818 9312
9 2 599 1049 2110 3369 4495 5047 5626 6932 7967 8922
9 3 1307 2358 2875 3782 4768 5943 6923 7897 8337 9093
9 4 964 2257 2795 4013 4424 5265 5905 6512 7382 7905
9 5 1291 1851 2431 3305 4548 5239 6055 6521 6913 7301
9 6 1936 2705 4128 4834 5545 6377 6995 7504 8308 8995
9 7 1283 2736 4133 5251 6064 6405 6719 7158 7631 8106
9 8 742 1491 2531 3327 4154 5036 6152 7194 8183 8517
9 9 441 1300 2702 4006 5854 6768 8007 9093 9730 10532
9 10 652 2900 3316 4390 5331 6554 7607 8312 9305 10420
10 0 1819 2750 3680 5717 6774 7338 8337 9717 11260 13097
10 1 1217 2420 3464 4181 5005 5877 7071 8305 9824 10451
10 2 1055 2582 3673 4995 5908 7105 8529 9050 9649 11888
10 3 1182 2004 3827 4986 6030 6860 7691 8283 9382 9995
10 4 879 1683 3035 4089 4645 6920 8247 8818 9445 10337
10 5 803 1788 2435 3581 4615 5338 6253 7295 8841 9788
10 6 1853 2764 3517 3903 4536 5507 6614 7826 8635 9603
10 7 862 2457 3534 4558 5520 6245 7432 8757 10031 10770
10 8 815 3207 4460 6069 7527 8730 9822 11150 11883 12610
10 9 1400 3414 4988 7104 8043 8523 9797 10504 10971 11374
10 10 2346 4466 6305 7876 8648 10013 11490 13083 13614 14707
