0 0 987 1770 2223 2584 3170 3534 4184 4715 5582 6204
0 1 1508 2337 3018 3529 4120 4819 5703 6026 6581 7168
0 2 941 1872 2806 4003 5442 6480 7176 8644 9201 10085
0 3 710 1443 2029 2624 3215 3726 4112 4667 5294 5984
0 4 848 1385 1944 2477 2851 3434 4108 5025 6127 6981
0 5 925 1676 2576 3508 3947 4337 5327 6199 7283 8206
0 6 960 1926 3431 3963 4905 5374 6236 7254 7904 8258
0 7 1161 1536 2288 2633 4155 5014 6170 7315 7909 8353
0 8 1852 2834 3517 4331 5263 5960 6593 7265 8040 8673
0 9 712 1548 2331 3148 3629 4637 5263 5827 6508 7407
0 10 657 1440 2696 3392 4067 4644 5449 6084 6652 7354
1 0 1022 1612 2229 3047 3865 4382 4690 5014 5346 5653
1 1 1479 2260 2679 3194 3407 3669 3796 4285 4647 5046
1 2 387 1064 1705 2260 2517 2997 3480 3868 4186 4448
1 3 1565 2292 2893 3086 3389 3843 4373 4596 5006 5416
1 4 709 1169 1659 1987 2387 2819 3211 3480 3806 4115
1 5 782 1501 2031 2636 2906 3310 3660 4069 4529 4786
1 6 1001 1655 2265 2721 3051 3447 3883 4245 4651 5032
1 7 1052 1951 2301 2911 3335 3820 4221 4517 4898 5639
1 8 1621 2173 2722 3068 3393 3819 4140 4521 4947 5253
1 9 772 1962 3161 3628 4112 4547 5648 6427 7037 7516
1 10 1824 3289 3903 4434 5008 5664 6163 6780 7383 8020
2 0 845 1920 2449 3210 3636 4147 4775 5280 5641 5764
2 1 802 1148 1855 2379 2770 3265 3496 3738 3887 4127
2 2 1578 1906 2215 2529 2863 3322 3835 4219 4525 4863
2 3 759 1224 1868 2075 2515 2944 3077 3419 3741 4190
2 4 1817 2244 2756 3192 3622 3929 4407 4731 5008 5313
2 5 578 1733 2578 2997 3416 3756 4281 4511 5115 5369
2 6 675 1328 1895 2429 2764 3017 3320 3706 4170 4713
2 7 950 2069 2835 3113 3518 3825 4339 4914 5514 6167
2 8 1088 1544 2206 2771 3340 3770 4209 4626 4991 5274
2 9 902 1862 3249 3736 4463 5139 5858 6237 7425 8038
2 10 2100 3258 3834 5002 6002 7137 7963 8794 9867 10730
3 0 1161 1841 2088 2577 2853 3453 3712 4115 4456 4739
3 1 458 815 1241 1654 2218 2717 3412 3836 4118 4530
3 2 1046 1723 2309 2652 3327 3638 4251 4488 4655 5072
3 3 709 1626 2126 2512 3059 3508 4034 4291 4928 5203
3 4 768 1338 2118 2425 2962 3395 3654 3953 4206 4603
3 5 563 1141 1511 1911 2307 2602 2843 3035 3374 3679
3 6 913 1901 2679 3139 3682 4128 4467 4995 5293 5850
3 7 1586 2355 2780 3346 3993 4502 4935 5577 6417 6800
3 8 1174 2018 2365 2999 4025 4516 4784 5207 5989 6426
3 9 1538 2764 3111 3606 4247 4655 5481 5967 6347 6939
3 10 922 2228 2489 3017 3546 3816 4226 4933 6007 6701
4 0 764 1401 2270 3457 4070 4628 4831 5098 5589 5856
4 1 1401 2287 2701 3129 3529 3989 4362 4576 5013 5412
4 2 953 1580 2182 2508 2891 3137 3436 3771 4198 4821
4 3 736 1396 1707 2239 2555 2899 3394 3964 4347 4723
4 4 863 1361 1936 2297 2852 3216 3451 3640 4137 4488
4 5 718 1103 1486 2060 2465 2778 3140 3366 3809 4146
4 6 766 1290 1743 2032 2529 3053 3226 3833 4110 4580
4 7 2094 2807 3174 3552 3871 4512 4972 5577 6268 6589
4 8 946 2470 3571 4035 4504 5415 6472 6957 8134 8950
4 9 1204 2997 4407 5644 6593 7412 8560 9179 9637 10125
4 10 1296 2168 2483 3223 3733 4528 5312 6080 6605 7336
5 0 1521 2173 2439 3253 3661 4238 4688 5179 5711 6040
5 1 1102 1579 2402 3452 4157 4484 4843 5060 5418 5835
5 2 536 1397 1915 2852 3518 4079 4667 5008 5481 5866
5 3 421 726 1276 2004 2416 2846 3094 3483 3754 4192
5 4 1161 1548 2157 3287 3882 4361 4636 4992 5459 5937
5 5 1173 2286 2930 3515 3994 4282 4839 5652 6087 6353
5 6 1151 1970 2547 3136 3489 3919 4341 4778 5237 5720
5 7 991 2021 2291 2615 3028 3407 3615 3939 4327 4572
5 8 1555 2593 3359 3948 4676 5019 5560 6076 6931 7553
5 9 876 1571 2757 3484 4278 5324 5814 6510 7076 7870
5 10 1265 2186 3275 4267 4783 5741 6428 7836 8228 9081
6 0 1008 1776 2363 3360 3611 4236 4665 6236 7360 7943
6 1 903 1733 2832 3570 3902 4180 4586 4922 5409 5742
6 2 724 1443 2288 3024 3634 4131 4803 5440 5843 6373
6 3 885 2204 2756 3431 4112 4445 4822 5649 6466 7105
6 4 895 1390 1902 2392 2770 3360 3641 4229 4671 5229
6 5 684 1279 1595 1983 2417 3238 3754 4112 4609 5000
6 6 805 1476 1973 2475 2871 3463 3957 4498 4826 4995
6 7 828 1459 2395 3094 3363 3539 3877 4434 4721 5076
6 8 759 1268 2557 3805 4436 5067 5711 6439 6662 7237
6 9 389 1582 2924 4910 5859 6319 6898 7582 8328 8830
6 10 1094 2074 2786 4258 5697 6326 6770 7089 7833 8441
7 0 829 2062 2867 3499 4099 4853 5467 5913 6555 7312
7 1 595 1036 1515 1978 2172 3043 3826 4816 5679 6452
7 2 1593 2812 3821 4269 4786 5575 6104 6657 7321 7731
7 3 957 1966 2619 3255 3867 4586 5617 6157 7092 7515
7 4 676 1703 2371 2794 3251 3553 3940 4785 5276 5900
7 5 1168 1769 2147 3139 4056 4444 4795 5596 5965 6451
7 6 1938 2970 3652 4404 5085 5560 5807 6217 6656 6947
7 7 2251 3370 3677 3909 4250 4517 4859 5294 5865 6435
7 8 505 1112 2037 2919 3711 4364 6051 7006 7940 9140
7 9 2316 3746 4572 5126 5977 6857 7609 8130 9060 9711
7 10 610 1343 3476 5618 6102 7038 7611 8983 10291 11490
8 0 1684 2113 3079 4784 5604 6165 7248 8247 8658 8998
8 1 896 2146 3232 4286 4820 5491 6097 6765 7070 7648
8 2 623 1218 2322 2949 4096 4665 5030 5326 5545 6116
8 3 1205 2232 2935 3535 4151 5012 5633 6640 7161 8072
8 4 638 1573 3099 3600 3993 4516 5057 5384 6154 6909
8 5 1102 1676 2105 3535 3987 4548 5392 6226 6896 7553
8 6 1094 1667 3033 4033 4780 5619 6237 6846 7769 8410
8 7 1568 2089 2962 3847 4638 5315 5682 6189 6568 6965
8 8 1341 2078 2555 3011 3582 4273 4823 5121 6089 6766
8 9 1076 1970 2622 3403 4101 4694 5215 5771 6080 6862
8 10 1886 3516 4830 6107 7153 7921 8873 9883 10658 11794
9 0 779 1814 3197 4239 6294 7249 8416 9833 11153 12211
9 1 2158 3127 3886 4911 5731 6197 7131 7954 8654 9167
9 2 478 1428 1752 2607 3320 3582 4604 5490 6198 6805
9 3 1042 2033 2709 4409 5470 6580 8036 8811 9986 10839
9 4 1033 1661 2911 3615 4440 5527 6653 7034 7764 8349
9 5 405 1334 2891 3684 4682 5470 6747 7328 7990 9506
9 6 792 2015 2644 3938 4774 5200 5790 6613 6949 7811
9 7 941 2226 3034 3847 4574 5258 5858 6401 6794 7014
9 8 1424 2442 3948 4637 5172 5528 5960 6483 7075 7372
9 9 1426 4073 5323 6507 7553 8873 9962 11008 11857 13113
9 10 1232 3644 5902 6951 8810 10014 11985 12939 14393 15538
10 0 958 1988 3492 4086 5469 6590 7521 8467 10149 10878
10 1 1089 2712 3738 5230 6271 7400 8408 9522 10636 11545
10 2 1706 2592 4204 6471 7484 8531 10006 10668 12020 13127
10 3 826 3185 4238 4793 5982 8319 9422 10731 12087 13289
10 4 1508 2505 3421 4354 5454 6114 6888 8030 9189 10992
10 5 1004 2209 3491 4652 5134 6259 7552 8453 9900 10747
10 6 1404 2829 3732 4809 6105 7203 7870 8852 9922 11218
10 7 768 2337 4332 6289 7272 8701 9687 10847 12200 14251
10 8 1164 3083 5690 6768 7729 8837 11069 12448 14253 15248
10 9 1222 2299 3993 6349 8417 9509 10927 11898 13548 14645
10 10 1419 4035 6622 7942 9524 10568 12008 14457 16066 17648
