0 0 696 1444 2020 2767 3538 4477 5269 6280 7037 7955
0 1 855 1442 2218 2693 3250 3736 4323 4652 5619 6542
0 2 1062 1881 2609 3104 4219 4451 4894 5694 6160 7171
0 3 1604 2210 3210 4089 4512 5767 6206 7037 7612 9347
0 4 559 1172 1660 2056 2693 3504 4142 5196 6033 7063
0 5 756 1913 2480 3101 3860 4857 5237 6176 6916 7961
0 6 950 1420 2146 3347 4123 4848 5433 5981 6655 7120
0 7 1580 2592 3765 4755 5937 7671 8720 9547 10916 12219
0 8 618 1175 1878 2546 3580 4332 5084 5816 6832 7317
0 9 572 1330 2036 2735 3362 3876 4113 4768 5235 5760
0 10 1034 1831 3153 3954 4874 6116 6855 7853 9170 10612
1 0 576 1171 1679 2043 2927 3402 3841 4046 4290 4617
1 1 1086 1541 2340 2692 2926 3272 3770 4093 4410 4542
1 2 817 1147 1684 2240 2849 3043 3250 3820 4027 4251
1 3 1470 2264 2674 3079 3304 3624 3819 4187 4414 4668
1 4 956 1719 2432 2791 3220 4085 4484 5040 5860 6465
1 5 1167 1797 2250 2867 3665 4295 4580 5059 5619 5879
1 6 842 1943 2344 2586 3077 3420 3935 4208 4694 4911
1 7 853 1885 2449 2710 2943 3355 3881 4417 4669 4989
1 8 833 1615 2398 2819 3256 3796 4254 4772 5276 5436
1 9 481 1221 2284 3138 3617 3976 4426 4723 5593 6403
1 10 714 1754 2258 3087 3391 4041 4687 5348 5714 5970
2 0 1263 2128 2632 3015 3627 4202 4885 5357 5740 6284
2 1 1129 1906 2320 2724 3049 3279 3480 3739 4171 4546
2 2 1355 2127 2689 3180 3598 3832 4092 4513 4978 5450
2 3 1181 1619 1986 2352 2740 3048 3276 3605 4119 4397
2 4 1545 2480 2778 3291 3711 4051 4393 4653 4920 5329
2 5 503 1521 1955 2539 2843 3230 3741 3969 4288 4615
2 6 977 1792 2377 2769 3203 3560 3919 4162 4557 4875
2 7 972 2093 2799 3156 3464 3872 4195 4699 5067 5260
2 8 912 2030 2669 3341 3775 4172 4562 4924 5181 6011
2 9 648 2446 3814 4962 5485 6281 6901 7550 8334 9138
2 10 1416 2148 3232 3919 4741 5409 6694 7414 7920 8686
3 0 1114 2310 3005 3454 3824 4286 4841 5256 5724 5948
3 1 1200 1924 2270 2724 3144 3688 4139 4509 5115 5701
3 2 694 1214 1608 2054 2324 2702 3082 3356 3786 3888
3 3 970 1863 2214 2893 3463 3709 4042 4358 4692 5011
3 4 920 1835 2205 2551 2936 3418 3656 3971 4644 4992
3 5 1052 1560 2150 2717 3172 3658 3859 4226 4568 5059
3 6 1357 2538 3392 3994 4421 5141 5672 5983 6468 6697
3 7 1468 2104 2562 2821 3828 4037 4382 4863 5093 5537
3 8 971 2191 2950 3765 4391 4931 5649 6352 6616 7336
3 9 883 2354 3189 4068 4690 5303 5838 6517 7289 7741
3 10 1111 2266 3417 4488 4797 5643 6600 7190 8310 8692
4 0 774 1443 2184 2899 3441 3787 4509 4982 5462 5907
4 1 444 1342 1753 2292 2663 3191 3811 3955 4237 4577
4 2 961 1867 2459 3030 3599 4192 4659 5048 5255 5473
4 3 712 1321 1791 2437 2740 3003 3570 3869 4165 4583
4 4 1023 1429 2172 2597 3020 3597 3927 4372 4638 5037
4 5 935 1621 2194 2635 3000 3264 3699 3998 4390 4605
4 6 457 1217 1765 2156 2544 2843 3047 3456 3740 3970
4 7 1534 2302 2819 3153 3591 3921 4267 4812 5201 5405
4 8 745 1697 2237 2869 3111 3864 4618 5218 5680 6186
4 9 1395 2923 3271 3902 4803 5455 5956 6732 7584 8168
4 10 1187 2177 3062 3998 4941 5422 6139 6595 7197 7817
5 0 768 1534 2170 3168 3958 4415 4946 5471 6034 6719
5 1 842 1784 2272 2745 3126 3480 3968 4264 4607 4993
5 2 677 1345 2240 2891 3462 3829 4246 4627 4966 5348
5 3 646 1509 1928 2417 2920 3270 3699 4364 4705 4858
5 4 715 1167 1842 2242 2535 2911 3364 3970 4304 4719
5 5 1024 1575 2026 2424 2771 3197 3572 3981 4484 4848
5 6 1075 1670 2229 2935 3365 3747 4072 4565 4984 5365
5 7 1227 2048 2695 3332 4034 4353 5129 5580 6231 6580
5 8 546 1210 1827 2499 3313 4005 4491 4931 5349 6546
5 9 1179 2333 3451 4021 4727 5349 6320 6887 8437 9290
5 10 921 1430 2265 3530 4203 5198 5834 6392 6976 7661
6 0 784 2167 2918 3346 3894 4362 4909 5778 6273 7341
6 1 727 1614 3147 3775 4316 4761 5288 6306 7122 7823
6 2 592 1671 2216 2704 3064 3701 4067 4983 5477 6110
6 3 692 1668 2132 2686 3277 3656 3936 4178 4513 5593
6 4 712 1269 2013 2372 2879 3339 3708 4175 4512 5034
6 5 848 1736 2461 2761 3354 3869 4393 5089 5512 5854
6 6 924 1771 2190 3020 3713 4406 4992 5379 5943 6365
6 7 1178 1505 2286 2895 3263 3813 4488 5702 5962 6345
6 8 1237 2214 3077 4309 4689 5162 6355 7045 7595 8021
6 9 1645 3133 3943 5132 6158 7160 8025 8465 9106 9719
6 10 880 2198 2940 3936 4697 5177 5717 6298 6830 7356
7 0 1326 1935 3030 3459 4696 6173 7152 8053 8488 9114
7 1 1101 1801 2714 3776 4829 5694 6173 6939 7362 8088
7 2 971 1693 2621 3479 4168 4514 4929 5497 6113 6756
7 3 1487 2311 3382 4076 4666 5251 5821 6646 7284 7886
7 4 654 1410 2132 3087 3687 4721 5373 6282 6813 7333
7 5 600 1135 2115 2697 3011 4017 4592 5223 5638 5919
7 6 872 1964 2569 3815 4273 4630 5779 6158 6676 7076
7 7 1138 1732 2555 3036 4081 4639 5397 5755 6108 6933
7 8 1229 1765 3259 4008 4714 5190 5465 5995 6509 6937
7 9 1189 1951 2517 3432 4296 5271 5876 6623 7559 7914
7 10 811 1985 3555 4439 5269 6164 6487 6910 7877 8696
8 0 837 1978 2661 3048 4071 4904 5391 5932 6909 7631
8 1 1123 1952 2506 3871 5693 6717 7087 8043 8970 9710
8 2 635 1537 2373 3190 3640 4352 5284 5716 6507 6946
8 3 693 1411 2213 2650 3202 3852 4514 5553 6489 7150
8 4 1249 1765 2775 3682 4225 4886 5268 5824 6186 6699
8 5 1140 1794 2538 3044 3403 3837 4543 5108 5586 5984
8 6 758 1597 2272 2844 3401 3815 4259 4696 4952 5213
8 7 1202 2260 2719 3316 3924 4762 5366 6048 6512 7060
8 8 1248 2447 3113 4190 4691 4904 5728 6490 6816 7563
8 9 671 1433 1896 2851 3402 4196 4860 5576 6396 6802
8 10 543 1117 2224 3088 4393 5271 6237 7058 8378 9226
9 0 1132 3304 4073 5296 6306 7458 8277 9014 9927 11570
9 1 1043 1919 2492 3447 4172 5253 6175 7662 8852 10247
9 2 725 1978 3544 4541 5205 6098 6606 7221 7603 8901
9 3 1213 2072 2915 3529 3985 5025 5669 6666 7907 8475
9 4 1771 2770 3703 4397 5261 5466 5800 6155 6465 7085
9 5 881 1388 1910 2287 2757 3158 3768 4381 5182 5770
9 6 1318 2566 3696 4121 4527 5153 5765 6272 7161 7830
9 7 1359 2113 3389 3982 4545 5142 5655 6200 6873 7696
9 8 1525 2467 3416 4005 4720 5344 5899 6786 7709 8644
9 9 1184 1930 3222 4111 4709 5703 7054 7673 8452 9540
9 10 805 3234 5423 6575 7582 8362 9009 9718 10439 11020
10 0 407 2208 4221 5260 7365 8228 11238 12383 13322 14178
10 1 1527 2477 3850 4766 6253 7393 8125 8683 9392 10533
10 2 1044 1879 2982 3770 5430 6062 7290 8453 9914 11102
10 3 699 2215 2876 3604 4271 5546 6333 7030 8614 9624
10 4 1098 1652 2481 2790 3254 4459 5530 6742 7885 8324
10 5 1256 2330 3356 4431 5299 5886 6866 8293 8820 9993
10 6 1405 2860 3774 4677 5569 7293 8346 9042 9466 10708
10 7 1196 1915 3026 3770 5049 6511 7666 8350 9092 9893
10 8 807 2193 2881 4138 6055 6898 8254 9110 9530 11185
10 9 848 3857 5116 5901 7204 7999 9318 10054 11354 12982
10 10 1640 3886 5607 7792 9114 10329 12504 13690 15701 16676
