25 25 23 27
10 6 43 41
6 17 32 45
32 44 14 10
19 36 25 20
1 0 54 45
12 13 39 36
16 27 17 40
6 25 26 43
16 22 40 22
15 4 39 42
8 10 45 37
14 15 17 54
11 25 25 39
6 16 33 45
12 18 27 43
9 21 39 31
11 20 27 42
14 22 32 32
17 14 31 38
5 19 33 43
17 27 6 50
13 36 10 41
13 27 14 46
17 26 51 6
22 24 33 21
16 19 24 41
9 23 32 36
12 24 26 38
13 18 30 39
9 21 27 43
12 20 27 41
11 19 30 40
11 20 30 39
5 23 29 43
6 20 32 42
11 5 30 54
15 9 43 33
13 21 22 44
15 17 29 39
5 20 31 44
9 17 34 40
9 22 30 39
11 23 25 41
14 18 26 42
9 19 31 41
12 24 33 31
14 21 28 37
11 22 29 38
10 18 29 43
9 19 33 39
10 22 29 39
11 20 29 40
10 19 30 41
8 19 33 40
12 20 29 39
9 21 29 41
9 21 30 40
9 20 31 40
11 18 31 40
18 30 37 15
14 25 40 21
17 29 21 33
14 18 24 44
14 21 28 37
5 26 31 38
6 21 32 41
8 16 32 44
13 21 27 39
10 18 32 40
11 21 29 39
8 18 30 44
10 21 30 39
9 18 33 40
11 20 29 40
10 19 29 42
11 20 30 39
9 21 31 39
10 19 31 40
10 20 29 41
10 20 30 40
10 20 31 39
7 19 32 42
12 20 29 39
7 21 31 41
8 21 31 40
8 21 31 40
11 10 33 46
20 18 13 49
26 41 25 8
23 31 37 9
11 21 51 17
13 17 25 45
19 34 28 19
16 26 37 21
4 22 46 28
8 17 28 47
16 28 28 28
18 24 30 28
9 18 44 29
12 19 28 41
13 26 29 32
15 23 29 33
9 19 36 36
9 19 29 43
13 22 29 36
12 22 30 36
9 20 34 37
9 20 31 40
9 22 30 39
11 19 30 40
11 20 29 40
11 20 29 40
10 19 31 40
10 21 30 39
9 20 29 42
10 19 30 41
10 21 30 39
10 20 31 39
11 20 29 40
10 20 30 40
9 18 31 42
12 19 29 40
10 19 30 41
13 22 32 33
10 21 30 39
8 22 29 41
8 20 31 41
12 19 30 39
11 20 30 39
9 22 28 41
9 21 31 39
10 20 29 41
12 18 31 39
9 20 31 40
10 20 30 40
9 19 29 43
11 19 31 39
10 21 29 40
9 21 31 39
9 19 30 42
13 19 29 39
9 21 31 39
9 20 32 39
9 19 29 43
13 19 29 39
9 20 32 39
9 23 29 39
9 20 30 41
11 19 30 40
10 20 30 40
10 22 29 39
11 19 30 40
9 20 31 40
10 19 31 40
11 21 29 39
9 20 31 40
10 19 29 42
11 20 30 39
9 21 30 40
10 19 31 40
10 20 31 39
11 20 28 41
10 19 30 41
9 23 29 39
12 20 29 39
10 19 30 41
10 20 30 40
9 22 30 39
11 21 29 39
10 19 29 42
10 20 31 39
9 20 31 40
11 20 30 39
11 20 30 39
9 19 30 42
12 22 26 40
11 20 30 39
11 21 27 41
11 19 28 42
11 20 30 39
9 23 29 39
10 19 30 41
9 21 30 40
9 20 30 41
13 19 29 39
10 19 31 40
9 21 29 41
9 20 31 40
11 19 31 39
11 20 29 40
10 20 29 41
10 20 30 40
9 19 33 39
11 21 29 39
9 21 29 41
10 19 30 41
9 21 30 40
12 19 30 39
10 19 30 41
9 19 30 42
11 19 31 39
11 28 20 41
13 24 23 40
10 19 27 44
10 19 32 39
12 22 27 39
9 22 27 42
10 19 31 40
11 21 27 41
11 20 30 39
9 22 27 42
10 20 29 41
10 20 31 39
11 19 31 39
9 22 29 40
10 20 29 41
10 19 31 40
11 19 31 39
10 20 30 40
10 21 29 40
8 20 30 42
9 19 31 41
14 21 30 35
11 21 29 39
9 21 29 41
10 19 32 39
9 21 29 41
11 20 30 39
10 20 29 41
10 19 31 40
10 20 31 39
10 22 29 39
11 19 30 40
9 20 31 40
11 19 29 41
9 20 30 41
9 21 30 40
11 19 30 40
11 25 34 30
10 19 36 35
13 22 22 43
14 22 28 36
10 22 31 37
11 21 31 37
8 20 30 42
13 20 28 39
11 11 35 43
10 19 31 40
10 20 30 40
9 24 28 39
10 19 29 42
11 19 30 40
10 20 31 39
9 22 30 39
11 19 30 40
10 20 29 41
11 20 29 40
9 19 32 40
9 21 29 41
10 20 30 40
13 22 34 31
13 20 32 35
9 20 29 42
11 21 31 37
12 15 32 41
11 21 30 38
11 18 30 41
12 18 31 39
13 22 21 44
9 20 30 41
10 24 23 43
14 21 23 42
12 19 27 42
9 20 33 38
10 21 28 41
11 21 28 40
11 21 28 40
9 20 31 40
9 21 30 40
17 21 31 31
14 11 35 40
17 18 29 36
9 20 32 39
9 19 32 40
10 20 29 41
9 19 31 41
11 19 30 40
10 22 29 39
10 19 29 42
9 21 31 39
12 19 30 39
10 20 30 40
11 19 30 40
10 21 29 40
10 20 31 39
9 21 30 40
11 19 31 39
10 19 29 42
9 21 30 40
10 21 29 40
10 19 31 40
12 20 29 39
10 19 29 42
9 21 31 39
10 21 29 40
11 20 30 39
10 20 30 40
9 21 29 41
11 19 31 39
10 20 31 39
9 20 29 42
12 20 29 39
10 19 31 40
9 20 32 39
11 20 30 39
11 19 30 40
9 19 30 42
11 20 30 39
10 19 31 40
13 23 20 44
11 22 25 42
10 20 31 39
10 21 28 41
9 21 30 40
11 19 28 42
11 21 29 39
10 20 30 40
9 20 32 39
11 20 29 40
9 19 30 42
10 21 30 39
10 19 31 40
10 21 29 40
11 19 31 39
10 21 29 40
11 19 30 40
10 20 29 41
7 22 29 42
9 20 32 39
9 20 30 41
12 19 29 40
12 20 29 39
9 19 30 42
9 21 31 39
11 21 29 39
9 19 31 41
9 21 31 39
12 19 29 40
10 19 30 41
9 21 30 40
11 19 30 40
13 19 29 39
9 22 30 39
9 21 31 39
10 19 30 41
9 20 31 40
10 21 29 40
9 22 30 39
10 19 29 42
9 20 31 40
10 21 29 40
9 20 30 41
11 20 30 39
11 20 29 40
9 20 30 41
13 13 33 41
11 18 29 42
11 20 30 39
12 19 30 39
9 20 32 39
10 19 29 42
10 22 29 39
11 20 30 39
10 19 31 40
9 19 31 41
9 20 31 40
11 20 29 40
9 20 31 40
10 20 29 41
10 19 30 41
10 20 31 39
9 20 31 40
10 20 30 40
9 21 29 41
12 19 30 39
9 20 31 40
9 20 31 40
9 20 30 41
9 21 30 40
14 19 28 39
9 20 31 40
10 19 31 40
11 20 28 41
10 21 30 39
10 20 29 41
11 21 29 39
11 20 29 40
9 21 30 40
10 20 30 40
12 13 34 41
11 15 32 42
12 18 30 40
11 24 31 34
10 18 31 41
12 19 33 36
11 25 20 44
8 24 27 41
10 21 31 38
11 20 29 40
8 21 32 39
12 18 29 41
8 21 31 40
8 19 31 42
12 20 29 39
8 20 32 40
9 21 29 41
10 20 30 40
10 20 31 39
10 22 29 39
10 19 30 41
10 20 30 40
11 19 30 40
9 20 30 41
11 19 30 40
9 21 31 39
9 20 30 41
13 22 26 39
9 21 29 41
12 19 30 39
9 20 31 40
10 19 31 40
10 22 29 39
9 20 30 41
10 20 30 40
10 19 30 41
12 19 29 40
10 19 32 39
9 20 31 40
11 20 30 39
11 21 29 39
9 19 31 41
10 21 29 40
10 19 30 41
12 20 29 39
9 20 32 39
9 20 30 41
10 21 30 39
10 19 30 41
9 20 31 40
10 21 30 39
12 19 29 40
9 21 31 39
9 19 32 40
10 21 30 39
10 21 30 39
9 22 29 40
12 19 29 40
9 21 30 40
9 22 29 40
11 19 31 39
10 19 31 40
10 20 29 41
12 19 29 40
10 19 29 42
9 20 32 39
9 20 30 41
9 20 30 41
10 20 31 39
10 20 30 40
11 20 30 39
10 19 30 41
11 19 30 40
9 21 30 40
15 22 21 42
10 25 25 40
9 21 29 41
9 20 32 39
12 19 29 40
9 21 30 40
9 19 30 42
10 21 30 39
10 19 29 42
10 21 30 39
11 20 29 40
9 19 32 40
9 20 29 42
10 20 30 40
10 21 30 39
11 19 30 40
11 20 29 40
9 20 31 40
10 19 31 40
11 20 29 40
9 20 31 40
15 23 32 30
10 22 34 34
9 20 32 39
9 20 29 42
10 21 30 39
10 19 31 40
9 22 29 40
10 19 32 39
11 19 29 41
11 19 30 40
9 21 31 39
9 20 32 39
10 20 29 41
9 21 30 40
10 20 29 41
9 21 30 40
10 19 32 39
9 20 31 40
10 19 31 40
9 19 31 41
10 20 29 41
11 19 30 40
10 20 29 41
11 21 29 39
9 19 31 41
11 19 30 40
9 20 30 41
10 21 30 39
10 19 31 40
12 20 29 39
10 20 30 40
12 20 29 39
10 21 29 40
10 19 30 41
8 22 31 39
9 19 33 39
10 19 30 41
11 19 30 40
9 22 29 40
10 20 30 40
10 19 31 40
9 19 33 39
10 21 29 40
11 19 30 40
9 21 29 41
10 19 31 40
10 21 30 39
9 20 31 40
10 21 29 40
10 19 29 42
9 19 31 41
10 20 31 39
9 21 30 40
11 20 30 39
10 20 29 41
11 19 30 40
11 19 31 39
11 21 29 39
9 22 30 39
10 20 29 41
9 21 31 39
11 19 31 39
10 21 30 39
10 21 29 40
10 20 30 40
10 21 30 39
10 20 31 39
9 20 29 42
9 21 30 40
10 17 32 41
11 21 29 39
10 19 30 41
9 21 29 41
10 20 29 41
9 20 32 39
9 23 29 39
9 20 30 41
11 19 30 40
10 20 31 39
9 19 32 40
12 20 29 39
11 21 29 39
11 19 30 40
9 19 31 41
11 20 30 39
10 19 30 41
11 19 30 40
10 20 31 39
10 20 30 40
9 21 31 39
11 19 28 42
9 21 31 39
11 21 28 40
11 19 30 40
10 21 30 39
9 21 31 39
11 20 28 41
10 19 29 42
11 21 29 39
10 19 31 40
10 20 30 40
10 20 30 40
10 21 29 40
8 21 32 39
11 20 29 40
9 21 30 40
11 19 30 40
10 21 29 40
10 19 31 40
9 20 31 40
11 19 30 40
14 31 41 14
19 22 37 22
14 23 31 32
11 19 33 37
10 19 28 43
10 21 30 39
10 21 29 40
8 21 31 40
10 21 29 40
9 20 31 40
10 19 31 40
11 20 29 40
10 19 30 41
9 25 29 37
11 19 31 39
10 19 30 41
10 20 30 40
9 20 30 41
11 20 29 40
11 20 30 39
9 20 31 40
9 20 30 41
10 20 31 39
11 19 29 41
10 20 31 39
10 19 32 39
10 21 29 40
11 19 30 40
9 21 31 39
10 20 30 40
9 20 31 40
10 19 30 41
10 20 29 41
11 20 29 40
9 22 30 39
10 19 31 40
10 20 30 40
10 20 29 41
9 20 30 41
10 20 30 40
9 19 31 41
10 20 29 41
16 26 33 25
13 20 33 34
11 21 32 36
10 21 30 39
10 19 31 40
9 22 30 39
9 21 30 40
11 21 28 40
9 20 32 39
12 20 28 40
9 21 31 39
9 19 30 42
10 21 29 40
10 20 30 40
12 20 29 39
9 21 29 41
10 20 29 41
9 20 31 40
10 20 31 39
12 16 32 40
10 18 29 43
11 19 31 39
10 21 30 39
9 19 31 41
10 22 29 39
9 21 29 41
10 19 32 39
11 20 29 40
11 20 30 39
10 20 29 41
10 19 31 40
10 22 29 39
9 19 30 42
10 19 32 39
10 20 30 40
9 21 30 40
11 20 29 40
11 19 30 40
9 20 30 41
9 20 31 40
12 19 30 39
10 20 29 41
12 20 29 39
10 19 29 42
10 22 29 39
9 21 30 40
11 19 31 39
9 19 32 40
10 21 29 40
9 20 32 39
9 22 30 39
9 19 31 41
11 19 30 40
10 20 30 40
10 20 31 39
10 20 30 40
12 19 30 39
9 21 30 40
13 21 23 43
13 21 25 41
11 21 26 42
10 20 28 42
11 20 29 40
11 20 30 39
9 21 29 41
10 21 29 40
10 16 33 41
11 19 29 41
9 22 30 39
9 21 31 39
10 21 29 40
10 19 31 40
10 19 30 41
9 21 29 41
9 21 31 39
10 20 30 40
9 19 30 42
10 20 30 40
12 19 30 39
9 21 30 40
11 20 29 40
9 19 30 42
10 20 29 41
10 21 30 39
11 20 30 39
11 20 29 40
11 19 30 40
10 21 29 40
10 19 31 40
9 19 30 42
10 19 30 41
10 20 30 40
9 21 30 40
12 20 29 39
10 19 30 41
10 21 29 40
9 21 30 40
11 19 30 40
11 19 31 39
11 19 30 40
11 21 29 39
10 20 29 41
11 19 30 40
11 20 29 40
9 21 29 41
10 20 31 39
9 20 30 41
10 20 30 40
11 21 29 39
9 21 31 39
10 20 29 41
10 19 30 41
9 21 31 39
11 20 29 40
9 22 30 39
10 20 30 40
12 19 30 39
10 20 31 39
9 22 30 39
9 19 31 41
9 20 32 39
10 19 29 42
12 19 30 39
9 21 30 40
9 20 31 40
11 20 29 40
9 21 30 40
9 21 31 39
10 20 30 40
10 21 29 40
9 21 29 41
11 20 30 39
9 20 31 40
11 17 32 40
11 19 29 41
12 20 29 39
10 20 30 40
9 21 30 40
10 20 30 40
10 19 30 41
10 20 29 41
11 20 29 40
10 19 32 39
10 20 30 40
10 21 30 39
12 20 29 39
8 22 30 40
9 20 30 41
11 19 30 40
9 19 33 39
11 19 29 41
11 21 29 39
11 19 30 40
9 21 30 40
10 20 31 39
10 21 30 39
9 20 30 41
12 19 30 39
9 19 29 43
10 19 32 39
11 21 29 39
10 19 30 41
9 20 31 40
10 21 29 40
11 20 30 39
10 21 30 39
9 19 31 41
10 19 29 42
10 20 30 40
11 20 30 39
11 21 29 39
10 20 29 41
10 21 29 40
12 20 29 39
12 19 29 40
10 19 32 39
9 21 30 40
9 20 31 40
10 19 30 41
12 20 29 39
9 22 30 39
10 20 30 40
10 20 30 40
10 19 30 41
9 20 31 40
10 20 29 41
11 20 29 40
12 20 29 39
10 20 30 40
9 21 30 40
10 19 29 42
10 20 30 40
10 20 31 39
10 19 30 41
11 20 29 40
11 20 29 40
10 19 31 40
9 22 30 39
10 19 31 40
11 19 29 41
10 19 32 39
9 20 30 41
10 20 31 39
9 20 31 40
10 19 31 40
12 19 29 40
9 20 29 42
11 20 30 39
9 21 30 40
10 20 30 40
11 19 31 39
11 20 29 40
10 20 30 40
11 19 30 40
10 21 30 39
11 19 30 40
11 19 31 39
9 19 32 40
11 19 29 41
9 20 31 40
9 21 29 41
11 21 29 39
10 19 29 42
10 21 30 39
9 22 30 39
9 20 31 40
9 21 29 41
11 19 31 39
11 21 29 39
9 20 31 40
11 19 31 39
10 19 31 40
9 20 31 40
10 19 30 41
10 20 29 41
10 20 30 40
10 20 30 40
10 20 29 41
10 19 31 40
10 19 31 40
9 23 32 36
12 19 29 40
11 21 29 39
9 19 32 40
10 20 29 41
11 19 30 40
10 22 29 39
10 20 31 39
10 20 29 41
9 20 29 42
11 20 29 40
9 19 33 39
10 20 30 40
10 20 31 39
10 19 29 42
11 19 30 40
10 21 30 39
10 21 30 39
9 21 31 39
10 20 30 40
10 19 31 40
9 22 29 40
10 22 29 39
9 19 30 42
11 20 30 39
11 19 30 40
10 20 29 41
11 19 31 39
9 20 31 40
10 20 31 39
12 19 30 39
10 20 29 41
10 19 31 40
10 21 29 40
9 20 31 40
10 20 31 39
9 19 31 41
9 20 31 40
10 20 29 41
9 19 32 40
9 21 31 39
9 21 29 41
12 20 29 39
11 19 30 40
9 22 30 39
9 20 32 39
10 21 29 40
12 20 29 39
12 19 29 40
9 20 32 39
9 21 30 40
10 21 30 39
12 20 29 39
9 20 30 41
9 20 30 41
10 20 30 40
10 19 31 40
12 19 30 39
10 19 32 39
12 19 30 39
11 20 29 40
9 20 31 40
9 20 30 41
9 20 30 41
11 19 30 40
10 19 29 42
9 21 29 41
10 21 30 39
11 19 30 40
9 20 31 40
10 19 31 40
9 21 30 40
9 21 30 40
10 19 30 41
9 20 30 41
15 23 34 28
15 21 24 40
13 24 29 34
12 20 31 37
10 20 32 38
11 19 30 40
11 20 29 40
9 22 30 39
10 20 30 40
11 19 30 40
9 20 30 41
9 20 31 40
10 21 29 40
10 19 30 41
10 21 29 40
10 20 31 39
9 19 31 41
10 21 29 40
9 21 30 40
10 21 30 39
10 20 30 40
10 19 29 42
11 20 29 40
9 20 30 41
9 19 30 42
9 20 31 40
10 20 30 40
9 22 31 38
9 20 29 42
10 21 30 39
11 19 30 40
10 19 31 40
10 21 29 40
10 19 30 41
10 21 30 39
11 19 29 41
9 20 31 40