23 24 30 23
23 12 17 48
6 26 37 31
14 21 19 46
19 11 36 34
9 22 19 50
18 27 30 25
35 15 14 36
1 21 28 50
4 18 37 41
15 28 38 19
9 19 24 48
9 34 30 27
10 22 29 39
12 10 32 46
8 16 32 44
14 28 30 28
13 21 10 56
21 27 17 35
10 16 30 44
5 24 30 41
13 30 17 40
29 19 42 10
18 40 25 17
5 32 36 27
7 18 28 47
11 24 38 27
16 25 31 28
16 23 27 34
11 2 38 49
8 7 39 46
22 16 32 30
11 30 19 40
12 24 28 36
9 17 30 44
9 23 32 36
14 18 31 37
12 21 25 42
10 19 28 43
10 21 34 35
8 22 33 37
11 20 27 42
11 17 31 41
11 23 30 36
11 21 30 38
2 23 30 45
8 21 26 45
23 1 31 45
14 9 39 38
10 15 30 45
8 26 24 42
15 18 26 41
14 20 40 26
10 25 28 37
9 23 30 38
11 15 31 43
12 17 31 40
12 20 29 39
7 20 29 44
10 17 31 42
8 18 35 39
10 22 29 39
9 20 29 42
12 18 31 39
10 19 31 40
10 20 29 41
10 21 29 40
10 20 30 40
11 24 35 30
6 23 32 39
8 14 34 44
13 18 28 41
9 20 30 41
11 25 30 34
12 20 29 39
9 18 30 43
11 19 30 40
10 20 31 39
10 20 29 41
9 21 30 40
10 19 31 40
11 20 30 39
10 21 28 41
8 21 29 42
10 19 32 39
10 20 31 39
8 23 29 40
9 20 29 42
12 18 30 40
10 20 31 39
10 19 31 40
9 21 29 41
10 20 31 39
11 20 29 40
10 19 31 40
9 19 31 41
11 23 34 32
13 21 31 35
10 21 30 39
13 27 9 51
14 25 15 46
15 13 25 47
4 18 37 41
8 31 26 35
13 18 29 40
12 18 30 40
9 18 38 35
11 24 29 36
12 19 29 40
12 20 29 39
8 21 32 39
10 20 30 40
9 20 29 42
11 20 30 39
9 17 32 42
10 22 29 39
11 17 31 41
10 20 30 40
12 17 30 41
9 20 31 40
14 20 29 37
9 18 32 41
10 20 32 38
12 18 30 40
11 22 29 38
9 18 30 43
11 19 32 38
11 20 31 38
11 23 28 38
9 19 29 43
10 20 32 38
11 21 30 38
11 21 30 38
9 19 29 43
12 19 31 38
10 20 31 39
9 20 30 41
10 21 29 40
10 19 31 40
9 21 31 39
11 19 29 41
10 21 29 40
9 19 32 40
11 21 29 39
11 20 29 40
9 21 29 41
11 19 31 39
9 19 31 41
9 21 30 40
11 20 29 40
10 19 31 40
16 22 34 28
12 23 36 29
11 24 31 34
9 19 29 43
12 20 34 34
14 23 29 34
10 22 31 37
9 20 29 42
9 19 31 41
11 23 29 37
11 21 30 38
9 20 31 40
9 19 31 41
11 21 29 39
11 20 30 39
9 19 30 42
10 21 30 39
9 19 29 43
11 19 31 39
11 20 30 39
9 22 29 40
10 20 30 40
10 21 30 39
11 19 29 41
10 20 30 40
10 19 30 41
10 19 31 40
7 23 29 41
9 24 31 36
10 19 30 41
14 20 30 36
10 20 33 37
11 23 23 43
10 22 27 41
11 22 28 39
7 20 34 39
11 9 33 47
14 12 30 44
11 15 32 42
7 25 29 39
8 15 33 44
11 15 32 42
13 16 31 40
8 23 30 39
10 17 34 39
15 25 12 48
18 21 15 46
9 27 23 41
11 17 32 40
17 17 26 40
10 21 28 41
15 24 34 27
12 23 38 27
14 21 31 34
7 19 29 45
9 23 34 34
12 23 31 34
14 20 31 35
9 19 29 43
10 23 32 35
11 21 32 36
11 20 31 38
10 19 30 41
11 21 27 41
10 21 29 40
8 21 33 38
9 20 32 39
10 20 29 41
11 14 34 41
10 21 30 39
14 14 31 41
11 16 29 44
8 19 31 42
9 21 31 39
10 22 29 39
11 19 30 40
9 19 32 40
10 21 29 40
10 20 30 40
11 19 29 41
9 20 31 40
10 25 29 36
10 19 31 40
13 20 30 37
10 19 30 41
9 21 30 40
10 21 31 38
11 20 30 39
12 22 23 43
10 20 31 39
13 21 23 43
10 24 26 40
12 10 32 46
7 16 32 45
10 22 28 40
11 18 29 42
9 20 31 40
13 22 34 31
14 20 30 36
10 20 31 39
10 18 30 42
10 18 31 41
11 19 30 40
10 24 22 44
6 22 32 40
10 24 27 39
7 21 29 43
11 19 30 40
7 20 33 40
8 23 30 39
9 19 29 43
12 20 29 39
9 20 32 39
10 21 30 39
10 19 29 42
11 19 30 40
10 19 31 40
10 21 30 39
10 21 29 40
10 19 30 41
9 23 29 39
10 19 30 41
9 20 32 39
11 19 30 40
10 19 31 40
12 19 29 40
10 21 29 40
9 21 31 39
10 19 30 41
10 22 29 39
10 21 29 40
9 20 32 39
10 20 31 39
10 19 29 42
11 19 30 40
9 19 30 42
9 21 30 40
9 21 30 40
10 21 29 40
11 20 29 40
11 20 30 39
9 21 29 41
10 19 31 40
11 19 31 39
10 21 29 40
9 19 29 43
10 20 31 39
11 19 31 39
11 20 29 40
11 19 30 40
9 20 31 40
10 20 29 41
9 22 30 39
11 19 30 40
10 20 29 41
10 20 30 40
9 21 29 41
9 20 32 39
11 19 29 41
9 22 30 39
10 19 30 41
10 19 30 41
11 19 29 41
9 22 29 40
10 22 29 39
9 20 32 39
10 20 30 40
10 19 29 42
9 21 30 40
10 19 30 41
10 20 31 39
11 20 30 39
11 21 29 39
10 19 30 41
9 21 30 40
10 20 29 41
10 21 29 40
10 21 30 39
11 19 30 40
12 19 29 40
11 21 29 39
11 20 30 39
6 22 31 41
9 21 30 40
9 20 32 39
11 20 30 39
10 20 31 39
10 18 30 42
11 20 30 39
12 22 19 47
10 22 26 42
12 18 31 39
12 19 27 42
11 20 29 40
8 23 29 40
10 19 32 39
9 20 30 41
12 20 29 39
9 21 29 41
11 19 30 40
9 19 32 40
9 21 30 40
11 19 29 41
9 21 31 39
10 20 30 40
9 21 31 39
12 19 29 40
10 20 30 40
11 20 30 39
9 19 31 41
11 20 29 40
10 20 31 39
10 20 30 40
10 19 31 40
11 21 29 39
10 19 29 42
9 19 30 42
9 20 31 40
9 22 29 40
10 21 30 39
10 20 30 40
10 19 29 42
11 19 31 39
10 20 31 39
10 19 30 41
10 20 31 39
10 21 29 40
11 20 30 39
10 20 31 39
7 20 31 42
9 20 31 40
10 20 29 41
11 20 30 39
15 11 32 42
12 13 34 41
11 17 30 42
9 21 30 40
11 18 30 41
12 21 27 40
11 20 31 38
11 19 27 43
10 21 29 40
10 20 31 39
9 20 32 39
11 20 29 40
9 20 29 42
11 19 30 40
10 20 30 40
9 21 29 41
12 19 30 39
9 19 30 42
9 20 31 40
12 20 29 39
9 21 31 39
10 19 31 40
10 21 30 39
9 21 29 41
9 21 30 40
10 20 29 41
11 20 29 40
9 19 33 39
10 20 30 40
11 21 29 39
11 19 30 40
10 20 31 39
10 19 31 40
9 22 29 40
10 19 29 42
11 20 30 39
10 20 30 40
11 19 31 39
10 20 30 40
9 20 31 40
10 20 29 41
11 21 29 39
10 20 30 40
10 19 30 41
10 20 31 39
9 22 29 40
9 20 30 41
11 19 30 40
9 21 30 40
9 20 30 41
10 21 30 39
11 19 29 41
9 20 31 40
10 20 29 41
11 21 29 39
11 20 30 39
10 19 30 41
9 20 31 40
9 20 31 40
11 20 30 39
12 19 30 39
10 20 30 40
10 20 31 39
11 20 27 42
10 20 30 40
11 20 28 41
10 20 30 40
10 19 29 42
8 22 29 41
10 21 29 40
10 21 31 38
8 19 32 41
9 21 31 39
10 20 31 39
10 19 30 41
9 21 29 41
11 19 31 39
11 20 29 40
10 21 29 40
9 21 29 41
10 20 30 40
12 19 30 39
9 20 32 39
10 20 29 41
13 19 29 39
9 21 30 40
9 19 31 41
10 20 30 40
10 19 31 40
10 19 32 39
10 20 30 40
9 21 29 41
10 20 30 40
10 20 30 40
10 19 31 40
12 19 30 39
9 21 30 40
11 20 30 39
10 21 27 42
11 20 29 40
9 20 31 40
11 19 30 40
10 20 31 39
10 19 31 40
11 21 29 39
9 21 31 39
10 20 29 41
10 20 29 41
9 20 31 40
11 19 31 39
9 21 29 41
11 19 29 41
9 19 33 39
10 19 32 39
10 20 30 40
9 22 29 40
11 20 29 40
10 19 29 42
11 20 30 39
12 19 29 40
10 20 30 40
9 20 30 41
9 21 31 39
10 21 29 40
9 22 29 40
10 20 30 40
10 20 29 41
11 20 30 39
11 13 34 42
9 22 29 40
12 13 34 41
12 16 31 41
12 18 29 41
11 21 30 38
10 19 31 40
11 19 30 40
10 22 29 39
11 20 30 39
9 20 29 42
10 20 31 39
10 19 30 41
11 20 29 40
10 19 31 40
10 20 30 40
11 21 29 39
9 21 29 41
10 21 29 40
11 19 31 39
10 21 29 40
9 22 30 39
10 19 30 41
10 19 31 40
11 19 30 40
10 20 29 41
11 20 30 39
10 20 31 39
10 21 30 39
11 19 30 40
9 23 29 39
12 20 29 39
9 20 29 42
9 19 31 41
10 20 31 39
11 20 29 40
9 22 30 39
10 20 31 39
9 19 31 41
10 21 30 39
10 21 30 39
12 19 30 39
9 19 30 42
9 22 29 40
11 19 31 39
9 20 31 40
9 22 29 40
10 19 30 41
11 19 30 40
9 21 30 40
10 22 29 39
9 21 30 40
12 20 29 39
9 19 32 40
9 20 29 42
10 20 29 41
9 19 31 41
10 19 30 41
9 20 30 41
10 21 29 40
13 23 34 30
14 19 30 37
9 22 30 39
10 19 30 41
10 20 30 40
9 22 30 39
10 20 29 41
9 21 31 39
11 20 30 39
10 20 30 40
10 20 30 40
10 20 30 40
10 17 32 41
10 20 28 42
10 17 32 41
11 18 30 41
11 19 29 41
10 22 32 36
8 20 32 40
10 23 30 37
11 20 30 39
9 20 29 42
10 19 31 40
10 21 30 39
11 19 30 40
9 21 30 40
9 21 30 40
11 19 30 40
11 20 30 39
11 23 19 47
11 21 26 42
11 19 31 39
10 21 28 41
13 20 28 39
10 20 30 40
9 21 30 40
10 20 30 40
11 20 29 40
9 19 30 42
12 19 30 39
9 22 30 39
10 20 29 41
9 20 30 41
9 20 31 40
12 19 29 40
9 19 30 42
11 21 29 39
9 20 31 40
10 21 29 40
10 20 30 40
9 21 30 40
12 19 30 39
10 20 31 39
10 19 32 39
11 19 30 40
9 20 29 42
9 22 29 40
10 20 30 40
9 21 30 40
11 19 30 40
10 22 29 39
10 20 30 40
10 20 31 39
11 20 29 40
10 21 30 39
9 19 31 41
10 19 31 40
10 19 29 42
11 19 31 39
10 21 30 39
11 19 31 39
10 20 30 40
9 21 30 40
9 19 30 42
10 21 29 40
10 21 30 39
11 20 30 39
10 19 32 39
10 20 30 40
11 20 29 40
10 20 29 41
9 22 29 40
11 19 30 40
9 21 31 39
11 20 29 40
10 20 30 40
10 21 29 40
9 21 31 39
11 20 30 39
10 20 31 39
12 18 31 39
9 19 31 41
9 21 29 41
11 20 30 39
10 21 29 40
10 20 31 39
10 20 30 40
11 19 30 40
11 19 30 40
10 21 29 40
9 22 30 39
10 19 32 39
10 19 30 41
9 20 29 42
11 20 30 39
10 20 29 41
9 20 31 40
11 19 30 40
10 21 30 39
10 20 29 41
9 20 30 41
9 21 30 40
10 19 30 41
10 20 29 41
10 19 31 40
12 20 29 39
9 21 29 41
10 21 29 40
10 21 30 39
12 20 29 39
9 20 31 40
9 19 33 39
9 21 31 39
11 20 30 39
10 20 30 40
10 20 31 39
10 20 30 40
9 21 29 41
9 20 30 41
15 15 29 41
11 17 31 41
10 19 30 41
9 20 31 40
10 20 30 40
11 19 30 40
16 22 34 28
11 25 31 33
11 22 32 35
13 21 26 40
13 20 30 37
11 23 28 38
9 19 30 42
10 20 32 38
12 19 28 41
11 19 29 41
9 22 31 38
10 21 30 39
12 20 29 39
9 19 30 42
9 21 30 40
9 21 31 39
12 19 30 39
10 19 32 39
10 22 29 39
9 20 29 42
10 20 30 40
9 20 30 41
11 19 29 41
10 19 30 41
11 21 29 39
10 19 31 40
9 19 32 40
9 22 29 40
9 21 30 40
11 19 30 40
11 20 30 39
10 19 32 39
10 21 29 40
10 21 30 39
9 21 31 39
11 20 29 40
10 19 31 40
10 19 30 41
11 21 29 39
12 19 29 40
9 19 30 42
10 21 30 39
10 19 30 41
9 21 30 40
9 20 31 40
10 20 31 39
11 20 29 40
9 19 32 40
11 19 29 41
9 20 30 41
9 21 31 39
11 20 29 40
10 19 29 42
10 19 30 41
10 19 29 42
10 20 30 40
10 20 29 41
10 22 29 39
10 21 30 39
9 21 30 40
10 21 29 40
12 19 30 39
9 20 29 42
10 20 29 41
11 20 30 39
12 20 29 39
10 22 29 39
10 20 31 39
10 19 29 42
9 19 29 43
11 19 29 41
9 22 30 39
10 19 30 41
10 21 30 39
11 19 29 41
10 21 30 39
11 19 31 39
9 21 31 39
9 21 30 40
12 20 29 39
12 19 29 40
11 19 30 40
9 19 31 41
11 20 30 39
10 20 30 40
9 19 30 42
9 21 30 40
10 21 30 39
10 21 30 39
10 19 28 43
11 19 30 40
10 20 30 40
9 23 29 39
10 21 29 40
10 19 32 39
11 19 30 40
9 23 29 39
10 19 31 40
9 20 31 40
10 19 31 40
9 20 30 41
10 21 29 40
12 20 29 39
10 19 29 42
9 19 32 40
11 20 29 40
12 19 30 39
10 19 29 42
10 20 30 40
10 20 31 39
11 20 29 40
11 20 29 40
9 19 32 40
9 21 31 39
11 20 30 39
10 20 30 40
9 22 29 40
10 19 31 40
12 19 30 39
10 20 30 40
11 20 29 40
9 21 30 40
9 20 30 41
10 20 30 40
9 20 30 41
10 20 30 40
11 20 30 39
9 22 30 39
10 17 31 42
11 24 22 43
13 18 28 41
10 19 32 39
13 19 28 40
10 21 30 39
9 21 30 40
12 19 29 40
10 19 30 41
10 19 30 41
10 21 30 39
10 20 29 41
10 20 31 39
10 21 29 40
10 21 30 39
9 19 30 42
10 20 30 40
10 19 30 41
10 19 30 41
10 19 31 40
10 21 29 40
9 21 31 39
10 19 31 40
12 20 29 39
10 19 31 40
10 20 30 40
9 21 30 40
10 21 30 39
9 20 30 41
11 20 29 40
9 21 31 39
9 20 30 41
11 21 29 39
10 19 29 42
9 20 29 42
9 20 31 40
11 19 30 40
12 19 29 40
10 20 30 40
9 20 30 41
10 20 30 40
12 22 33 33
10 21 30 39
9 19 30 42
9 21 30 40
12 20 29 39
9 20 30 41
10 20 30 40
10 21 30 39
9 21 30 40
11 19 31 39
10 19 31 40
9 22 30 39
11 20 28 41
9 21 30 40
10 20 31 39
11 21 28 40
10 21 30 39
9 19 31 41
10 19 29 42
11 20 30 39
10 20 30 40
9 21 31 39
11 20 29 40
9 22 29 40
10 19 31 40
9 20 32 39
12 20 29 39
9 20 30 41
9 21 30 40
11 19 29 41
10 19 30 41
10 20 31 39
10 19 31 40
9 23 29 39
10 19 29 42
9 23 29 39
10 20 30 40
10 19 31 40
9 20 31 40
9 20 32 39
11 19 30 40
10 21 30 39
9 20 31 40
11 20 30 39
9 21 31 39
9 21 29 41
9 20 29 42
10 21 29 40
10 21 30 39
10 20 31 39
10 19 29 42
10 20 30 40
10 19 30 41
11 21 29 39
10 20 31 39
11 20 30 39
9 20 30 41
10 20 29 41
10 19 30 41
9 22 30 39
11 20 29 40
9 22 30 39
9 21 30 40
10 20 31 39
12 19 30 39
10 20 30 40
9 20 31 40
10 21 30 39
9 21 29 41
9 22 29 40
10 19 30 41
10 19 30 41
9 19 32 40
10 21 30 39
11 19 29 41
9 19 30 42
12 20 29 39
10 19 30 41
10 19 29 42
9 19 32 40
9 21 30 40
9 23 29 39
11 20 29 40
10 19 31 40
9 22 30 39
10 20 31 39
10 20 29 41
9 20 30 41
10 20 30 40
10 19 30 41
11 19 30 40
10 19 31 40
12 19 30 39
10 19 30 41
9 20 31 40
10 19 31 40
11 22 24 43
10 21 30 39
11 21 25 43
10 20 31 39
12 21 27 40
10 22 28 40
10 20 28 42
10 21 30 39
9 19 32 40
10 20 28 42
11 20 28 41
10 20 28 42
12 19 30 39
10 20 30 40
9 20 30 41
10 20 29 41
11 20 30 39
10 20 30 40
10 21 29 40
9 20 30 41
11 21 29 39
12 17 30 41
11 19 31 39
9 22 29 40
9 19 31 41
9 20 29 42
10 20 30 40
10 21 29 40