20 29 25 26
12 5 40 43
9 13 39 39
22 22 0 56
25 33 6 36
10 7 21 62
9 20 48 23
13 19 40 28
22 25 9 44
10 32 17 41
17 28 35 20
3 9 39 49
21 22 12 45
13 18 36 33
6 31 14 49
13 21 31 35
13 10 30 47
9 30 21 40
18 17 27 38
9 17 29 45
9 19 34 38
9 24 29 38
13 19 29 39
9 19 29 43
9 19 33 39
9 23 29 39
11 19 30 40
11 19 29 41
9 19 32 40
9 23 29 39
13 19 29 39
9 19 29 43
9 22 30 39
10 20 31 39
11 19 30 40
9 21 29 41
9 19 31 41
10 21 30 39
10 20 23 47
9 19 31 41
12 25 24 39
15 22 24 39
9 16 25 50
9 19 33 39
15 21 25 39
11 25 25 39
9 19 25 47
9 19 33 39
13 23 25 39
13 22 25 40
9 20 25 46
10 16 35 39
14 21 26 39
14 21 26 39
6 18 27 49
6 18 37 39
9 24 27 40
15 19 27 39
9 19 27 45
10 19 32 39
11 22 28 39
12 20 28 40
9 20 28 43
10 19 32 39
10 22 29 39
12 20 29 39
5 21 30 44
11 10 34 45
11 15 33 41
6 23 30 41
25 22 35 18
13 25 27 35
12 13 33 42
7 19 29 45
8 24 35 33
10 22 34 34
14 21 29 36
8 16 31 45
12 20 31 37
12 18 33 37
14 29 16 41
8 25 18 49
12 20 30 38
16 22 21 41
16 8 27 49
8 14 35 43
11 20 32 37
16 19 28 37
8 21 28 43
8 20 33 39
10 22 29 39
8 20 29 43
13 10 32 45
12 14 34 40
9 20 32 39
13 17 29 41
10 17 31 42
12 17 31 40
11 24 31 34
8 20 33 39
13 21 19 47
11 20 24 45
9 19 32 40
14 23 26 37
10 21 28 41
11 20 29 40
9 21 32 38
15 7 39 39
17 10 31 42
10 16 29 45
9 21 31 39
11 17 32 40
10 19 31 40
10 21 28 41
9 22 29 40
18 31 39 12
22 27 38 13
16 24 36 24
10 18 28 44
11 25 39 25
11 27 34 28
8 25 35 32
9 18 29 44
16 20 32 32
12 22 34 32
11 24 33 32
8 19 30 43
15 27 21 37
13 22 25 40
9 20 31 40
9 20 28 43
14 14 31 41
11 19 33 37
11 23 28 38
10 19 29 42
10 22 29 39
10 19 32 39
3 22 31 44
5 23 31 41
7 21 32 40
12 19 30 39
8 19 29 44
10 20 31 39
9 22 30 39
11 20 30 39
9 19 29 43
9 20 32 39
10 21 30 39
12 20 29 39
9 19 29 43
11 19 31 39
9 22 30 39
11 20 30 39
10 19 31 40
10 19 30 41
10 22 28 40
10 21 29 40
10 19 30 41
9 19 31 41
11 20 30 39
9 21 29 41
10 19 32 39
11 19 30 40
10 22 29 39
10 20 29 41
9 21 31 39
9 20 31 40
12 19 29 40
9 19 32 40
10 21 29 40
10 20 30 40
15 26 35 24
14 22 31 33
9 19 34 38
9 19 29 43
11 20 31 38
12 21 29 38
9 21 31 39
9 19 29 43
12 20 29 39
10 21 30 39
9 20 32 39
9 19 29 43
10 19 32 39
12 20 29 39
9 22 30 39
9 19 29 43
10 21 29 40
10 20 31 39
9 20 31 40
11 19 29 41
9 21 30 40
11 19 31 39
10 20 29 41
10 20 30 40
10 20 31 39
10 19 30 41
11 20 29 40
9 21 30 40
10 21 30 39
9 21 29 41
10 19 32 39
11 20 29 40
11 19 30 40
10 19 31 40
10 20 30 40
9 20 30 41
18 26 30 26
10 24 29 37
10 20 30 40
10 19 33 38
12 20 29 39
7 21 31 41
10 20 30 40
7 20 31 42
9 19 31 41
11 20 30 39
15 22 20 43
13 22 23 42
10 20 27 43
11 11 35 43
12 19 28 41
15 26 40 19
14 28 33 25
10 24 34 32
6 19 29 46
11 23 34 32
11 26 31 32
10 22 35 33
6 20 30 44
12 20 34 34
10 22 30 38
19 14 20 47
7 23 26 44
11 14 34 41
14 17 31 38
8 21 27 44
11 21 28 40
10 18 33 39
10 18 30 42
10 21 28 41
9 20 30 41
11 20 30 39
9 18 30 43
10 20 29 41
10 21 29 40
12 18 31 39
12 18 30 40
9 19 31 41
11 21 29 39
10 21 30 39
9 19 32 40
9 20 30 41
10 20 31 39
10 21 30 39
11 19 30 40
14 21 21 44
10 22 26 42
10 20 31 39
10 22 26 42
10 23 27 40
8 23 29 40
10 13 34 43
10 18 31 41
13 19 31 37
8 21 29 42
10 20 31 39
8 22 30 40
9 20 30 41
10 19 32 39
11 19 30 40
10 21 29 40
10 19 31 40
9 20 30 41
10 19 31 40
9 21 30 40
15 27 35 23
13 26 32 29
17 26 17 40
16 25 23 36
12 21 29 38
9 19 33 39
9 19 29 43
10 19 31 40
10 22 29 39
10 19 30 41
11 20 29 40
9 20 31 40
10 22 29 39
11 20 30 39
11 20 29 40
10 19 31 40
9 21 31 39
10 20 31 39
9 19 29 43
11 19 31 39
10 20 30 40
10 19 29 42
11 20 29 40
9 20 31 40
10 20 30 40
9 21 31 39
9 19 30 42
10 21 29 40
10 21 30 39
9 21 29 41
11 20 30 39
9 20 32 39
10 20 30 40
13 16 29 42
12 19 30 39
10 21 29 40
9 19 30 42
9 21 29 41
11 19 31 39
10 21 30 39
10 20 29 41
10 20 30 40
11 21 29 39
10 19 31 40
9 20 32 39
10 19 31 40
9 22 30 39
10 19 31 40
9 20 30 41
11 20 30 39
10 20 27 43
11 20 29 40
10 20 30 40
10 20 31 39
9 22 29 40
9 19 31 41
9 20 30 41
10 20 30 40
11 19 31 39
12 19 30 39
9 21 30 40
9 20 29 42
10 20 30 40
10 19 30 41
9 21 31 39
9 20 30 41
12 20 29 39
10 19 32 39
9 21 29 41
11 19 29 41
9 22 30 39
10 21 30 39
10 19 29 42
10 20 31 39
10 20 30 40
11 19 31 39
10 21 30 39
10 20 29 41
8 20 32 40
10 19 29 42
10 19 32 39
11 19 30 40
8 21 30 41
8 19 32 41
10 19 30 41
9 21 30 40
10 21 29 40
10 23 30 37
11 21 30 38
10 19 31 40
10 20 31 39
9 21 30 40
9 20 29 42
10 20 29 41
9 21 31 39
10 21 29 40
10 19 31 40
10 19 30 41
11 20 29 40
10 21 29 40
10 21 30 39
10 19 30 41
9 21 31 39
9 21 29 41
11 19 30 40
9 20 29 42
9 20 31 40
11 20 29 40
11 19 29 41
10 22 32 36
11 20 30 39
10 20 30 40
9 21 30 40
10 20 29 41
11 20 29 40
10 18 32 40
11 20 31 38
10 19 31 40
11 19 29 41
10 23 29 38
10 20 32 38
9 20 30 41
11 19 32 38
10 21 29 40
10 21 31 38
11 20 29 40
9 20 33 38
11 20 30 39
11 19 31 39
10 21 29 40
10 21 29 40
10 20 29 41
10 21 30 39
9 21 31 39
10 19 31 40
9 19 29 43
10 20 30 40
9 21 29 41
13 19 29 39
9 21 31 39
11 19 31 39
11 20 30 39
11 19 29 41
10 20 30 40
11 19 30 40
9 22 29 40
9 19 30 42
11 19 30 40
11 20 30 39
11 20 29 40
10 20 29 41
10 20 30 40
10 20 30 40
9 19 31 41
10 20 29 41
11 25 37 27
9 25 31 35
12 21 29 38
9 19 29 43
10 21 30 39
9 20 31 40
9 20 30 41
12 20 29 39
10 21 29 40
9 19 32 40
11 20 29 40
10 21 29 40
10 20 31 39
10 20 30 40
9 20 30 41
12 18 30 40
10 20 29 41
9 21 31 39
10 19 31 40
9 19 31 41
11 20 29 40
10 21 29 40
10 19 31 40
10 20 31 39
9 22 29 40
10 21 30 39
11 19 30 40
10 19 29 42
11 19 29 41
9 21 29 41
12 20 29 39
10 21 30 39
10 20 30 40
9 21 29 41
9 20 32 39
9 19 31 41
11 20 29 40
9 21 29 41
10 20 29 41
10 19 31 40
9 19 31 41
11 21 29 39
11 19 29 41
11 19 31 39
12 20 29 39
10 20 29 41
10 21 30 39
9 21 30 40
11 19 29 41
10 20 30 40
11 19 30 40
12 20 29 39
9 22 30 39
10 19 31 40
9 21 31 39
10 20 31 39
9 20 30 41
9 20 30 41
10 20 30 40
10 23 28 39
10 20 30 40
11 17 30 42
11 18 32 39
9 20 29 42
10 20 30 40
10 20 30 40
10 18 32 40
10 20 30 40
9 20 30 41
11 19 30 40
21 23 29 27
11 19 36 34
9 22 30 39
9 20 30 41
10 19 30 41
11 20 30 39
10 20 29 41
9 21 29 41
10 20 29 41
9 19 32 40
11 20 30 39
10 20 30 40
10 19 31 40
9 19 32 40
10 21 30 39
10 20 30 40
10 19 31 40
12 20 25 43
12 20 27 41
11 20 29 40
9 22 30 39
9 20 31 40
9 20 32 39
10 20 29 41
11 17 30 42
10 18 31 41
9 22 29 40
10 19 30 41
10 19 30 41
9 21 29 41
11 23 31 35
11 19 30 40
13 20 31 36
11 20 32 37
10 22 29 39
9 19 29 43
11 19 30 40
10 22 29 39
11 19 31 39
10 21 29 40
10 19 31 40
10 22 29 39
10 20 30 40
8 20 30 42
9 20 31 40
10 20 30 40
11 19 30 40
9 20 30 41
9 21 30 40
10 20 31 39
10 24 25 41
11 19 29 41
9 19 31 41
11 19 30 40
10 20 30 40
9 19 30 42
14 26 30 30
10 19 33 38
11 21 28 40
9 21 30 40
11 19 31 39
9 21 29 41
11 19 30 40
10 19 30 41
10 22 29 39
11 19 30 40
10 19 30 41
9 20 31 40
10 22 29 39
11 19 31 39
10 20 29 41
11 19 29 41
10 20 31 39
9 22 29 40
9 19 31 41
9 19 31 41
11 21 29 39
12 19 30 39
9 19 30 42
11 20 30 39
10 20 29 41
10 21 29 40
9 20 31 40
10 20 29 41
9 19 32 40
10 20 30 40
10 19 31 40
9 20 30 41
13 19 31 37
10 21 30 39
11 21 29 39
9 20 30 41
11 20 29 40
9 20 31 40
10 20 29 41
10 21 30 39
12 18 30 40
10 21 29 40
12 19 29 40
10 20 30 40
9 21 31 39
9 19 31 41
10 19 30 41
13 19 29 39
9 22 29 40
10 22 29 39
10 19 31 40
11 19 31 39
9 20 30 41
9 22 29 40
9 20 31 40
9 19 29 43
11 20 30 39
9 20 32 39
9 20 31 40
10 21 29 40
11 19 29 41
10 19 30 41
12 20 29 39
11 21 29 39
9 19 31 41
10 19 31 40
9 20 30 41
9 20 32 39
9 20 30 41
9 19 31 41
9 22 29 40
11 19 30 40
11 21 29 39
10 21 29 40
10 19 32 39
10 21 30 39
9 19 30 42
10 19 29 42
10 21 29 40
10 20 29 41
9 20 31 40
10 20 30 40
9 20 30 41
10 19 31 40
11 20 29 40
13 24 35 28
13 22 31 34
10 21 31 38
9 21 29 41
9 20 30 41
11 20 30 39
10 14 31 45
10 20 31 39
13 15 32 40
11 18 32 39
11 18 29 42
11 20 30 39
10 19 30 41
10 20 31 39
9 19 32 40
10 21 29 40
9 20 32 39
11 20 30 39
10 20 29 41
10 21 29 40
11 19 30 40
11 19 30 40
9 20 31 40
9 22 29 40
10 20 29 41
10 21 30 39
11 21 29 39
11 19 29 41
11 19 31 39
10 19 31 40
10 20 30 40
9 21 30 40
9 21 31 39
9 21 29 41
12 19 30 39
9 19 31 41
9 21 31 39
10 21 30 39
10 20 30 40
10 20 30 40
10 20 29 41
11 19 30 40
9 20 30 41
11 20 29 40
10 19 32 39
9 23 29 39
10 20 30 40
9 20 31 40
9 20 30 41
11 20 30 39
9 20 32 39
10 20 30 40
9 20 31 40
14 17 30 39
12 24 17 47
11 23 22 44
12 21 27 40
11 17 32 40
9 18 32 41
11 21 27 41
11 21 27 41
13 18 29 40
10 24 30 36
12 19 30 39
9 19 31 41
10 21 29 40
9 20 31 40
10 20 29 41
10 20 29 41
10 20 31 39
10 20 30 40
10 20 30 40
11 19 30 40
10 20 30 40
9 20 29 42
10 20 30 40
12 19 30 39
9 22 29 40
9 20 31 40
10 20 30 40
11 19 31 39
11 19 29 41
9 19 31 41
10 21 30 39
9 23 29 39
10 21 29 40
10 19 32 39
11 19 30 40
9 21 29 41
10 19 32 39
9 21 30 40
10 20 30 40
11 20 30 39
9 20 31 40
9 20 29 42
9 20 31 40
10 19 30 41
9 21 30 40
11 19 30 40
12 19 29 40
10 21 30 39
10 20 31 39
10 21 29 40
10 20 30 40
9 20 31 40
11 20 30 39
10 20 29 41
11 19 30 40
11 20 29 40
9 19 31 41
10 19 31 40
11 21 29 39
10 19 32 39
9 21 30 40
10 20 29 41
11 19 29 41
11 21 29 39
10 20 31 39
9 20 29 42
9 20 30 41
9 20 31 40
11 20 30 39
12 20 29 39
9 21 30 40
11 18 30 41
10 19 31 40
10 21 29 40
9 19 32 40
11 20 30 39
12 19 30 39
9 21 30 40
10 20 30 40
9 20 32 39
9 20 30 41
9 20 30 41
15 21 21 43
11 24 26 39
10 20 29 41
9 19 32 40
10 20 29 41
12 19 30 39
10 19 31 40
10 21 29 40
10 20 31 39
10 19 30 41
10 20 30 40
9 21 29 41
10 21 30 39
11 20 30 39
10 20 31 39
10 19 30 41
9 19 33 39
9 20 29 42
10 19 30 41
10 20 31 39
10 19 31 40
11 20 30 39
9 20 30 41
11 20 30 39
9 20 30 41
10 24 24 42
9 21 29 41
10 20 30 40
10 21 30 39
11 20 30 39
13 17 30 40
11 19 30 40
10 19 31 40
9 22 30 39
12 19 27 42
10 21 30 39
10 20 29 41
11 19 29 41
9 21 30 40
9 19 32 40
10 21 29 40
10 20 29 41
9 20 30 41
10 20 30 40
9 21 31 39
9 21 29 41
10 20 29 41
10 20 31 39
10 19 31 40
9 20 30 41
11 20 30 39
11 19 29 41
10 21 29 40
12 19 29 40
9 20 31 40
10 19 30 41
10 20 30 40
11 21 29 39
10 20 29 41
10 20 31 39
10 20 31 39
10 19 30 41
10 21 29 40
9 21 29 41
10 19 31 40
10 19 30 41
10 22 29 39
9 21 30 40
11 19 30 40
11 19 31 39
9 20 29 42
12 20 29 39
9 20 30 41
9 21 30 40
10 19 32 39
10 20 30 40
11 19 31 39
9 20 30 41
11 19 30 40
10 19 32 39
10 21 29 40
10 19 31 40
11 21 29 39
10 21 30 39
9 19 31 41
10 20 29 41
10 21 29 40
9 20 32 39
10 20 29 41
10 19 29 42
12 19 30 39
10 20 30 40
10 20 30 40
11 20 30 39
11 19 31 39
10 19 30 41
10 19 31 40
10 19 30 41
5 22 31 42
6 21 31 42
7 24 29 40
9 19 30 42
9 20 32 39
12 19 29 40
10 19 31 40
10 19 30 41
10 20 30 40
11 20 30 39
9 19 32 40
10 22 29 39
9 19 30 42
10 19 31 40
9 21 30 40
12 19 30 39
10 20 30 40
12 19 29 40
10 20 30 40
10 21 30 39
12 20 29 39
10 20 31 39
9 21 31 39
10 19 29 42
9 20 30 41
10 19 30 41
10 20 31 39
9 21 29 41
10 20 30 40
10 19 31 40
11 19 29 41
11 19 29 41
10 21 30 39
10 20 29 41
11 20 29 40
9 21 31 39
9 19 30 42
12 19 30 39
9 20 32 39
10 20 30 40
12 19 30 39
9 21 29 41
10 19 31 40
12 20 29 39
9 20 30 41
9 22 29 40
11 20 29 40
9 20 31 40
9 19 31 41
10 19 32 39
10 20 30 40
10 22 29 39
10 19 29 42
10 20 30 40
10 20 30 40
10 19 31 40
10 22 29 39
10 19 30 41
11 20 29 40
9 20 32 39
12 20 29 39
9 22 29 40
9 20 31 40
10 20 29 41
10 20 29 41
10 21 29 40
10 19 32 39
11 20 29 40
9 22 29 40
9 20 30 41
9 21 30 40
11 20 30 39
10 19 32 39
9 22 29 40
9 20 29 42
11 20 29 40
12 20 29 39
9 22 29 40
11 19 30 40
9 22 29 40
10 21 29 40
10 19 31 40
9 19 29 43
10 19 30 41
11 20 29 40
14 21 31 34
10 19 32 39
9 20 29 42
9 20 30 41
12 19 30 39
9 20 32 39
10 21 29 40
11 20 29 40
10 20 30 40
9 19 30 42
11 21 29 39
10 20 31 39
9 19 32 40
9 20 31 40
10 21 29 40
11 20 30 39
10 20 30 40
9 20 30 41
10 21 29 40
9 21 31 39
10 20 30 40
9 19 30 42
11 20 30 39
9 21 31 39
11 20 29 40
10 21 30 39
9 21 30 40
9 19 30 42
11 19 30 40
10 19 32 39
11 21 29 39
10 21 29 40
9 20 31 40
11 21 29 39
10 22 29 39
9 19 31 41
10 19 29 42
11 21 29 39
9 21 30 40
11 21 29 39