0 0 66 123 189 252 313 383 439 512 559 625 7 10 11 16 17 18 22 24 27 31
0 1 72 129 183 244 294 344 406 476 556 619 2 3 6 6 7 7 8 8 10 11
0 2 70 139 202 256 320 377 432 485 555 609 5 6 7 10 13 19 19 24 27 29
0 3 64 136 200 270 335 407 471 544 627 695 2 4 8 11 14 16 19 22 24 26
0 4 74 144 210 273 319 388 459 532 589 662 2 6 8 10 11 16 17 17 19 21
0 5 79 144 207 279 338 406 475 527 586 658 4 6 8 11 12 18 19 21 23 29
0 6 76 136 190 267 323 391 442 508 573 632 3 6 8 9 11 12 15 16 17 18
0 7 77 140 199 277 333 423 496 545 628 705 3 5 5 6 6 8 9 10 14 15
0 8 56 134 212 269 334 404 458 519 589 646 1 1 5 8 10 11 15 16 18 20
0 9 83 145 218 282 359 406 466 518 583 645 3 5 7 8 9 9 9 11 11 11
0 10 66 128 197 255 322 406 472 524 598 667 2 6 9 12 12 15 18 22 24 25
1 0 59 130 213 289 358 421 481 553 620 681 4 5 9 12 13 19 21 23 26 27
1 1 82 127 193 272 342 411 450 512 575 657 5 9 10 13 14 16 21 25 28 29
1 2 64 113 175 238 307 375 433 495 542 606 5 5 6 10 13 15 19 23 25 28
1 3 60 135 199 261 307 372 437 506 561 622 1 2 5 6 7 8 10 12 14 16
1 4 77 155 228 299 355 418 484 544 601 670 2 4 7 10 14 15 17 17 20 24
1 5 85 152 223 304 370 439 504 547 601 644 2 5 9 10 11 13 15 16 18 18
1 6 52 110 168 238 311 371 448 515 572 640 2 3 5 8 8 9 13 14 16 19
1 7 51 90 163 216 277 345 408 473 525 590 3 4 5 5 8 9 12 12 15 16
1 8 63 109 167 218 289 350 398 450 515 579 2 3 5 6 9 10 12 14 14 15
1 9 78 160 230 290 361 419 491 544 612 684 4 5 6 8 9 11 12 13 17 19
1 10 59 129 200 265 345 406 466 532 606 671 6 8 12 13 15 15 17 19 20 22
2 0 54 120 177 248 306 366 430 504 589 644 1 1 4 8 9 11 15 16 20 21
2 1 62 109 187 258 323 384 444 516 562 613 2 6 10 14 14 20 20 20 21 21
2 2 73 141 202 266 336 403 455 519 577 625 4 7 11 11 16 18 19 22 26 26
2 3 81 149 215 280 351 424 496 546 599 667 6 7 9 12 13 13 17 20 23 28
2 4 69 141 216 286 336 405 452 508 572 636 5 8 17 20 21 24 25 28 30 31
2 5 61 141 193 251 290 379 446 499 555 607 3 4 5 8 10 13 17 17 18 21
2 6 66 122 185 248 307 371 432 480 552 627 2 6 7 10 12 15 17 17 18 20
2 7 79 148 215 285 346 403 457 528 592 669 4 6 8 10 11 12 13 16 18 22
2 8 55 113 175 233 308 366 415 483 556 643 2 3 5 7 9 10 11 13 16 20
2 9 79 148 199 272 331 380 441 502 546 604 1 4 5 11 13 16 17 21 22 24
2 10 68 134 186 243 300 355 420 477 522 574 4 6 8 9 9 11 13 14 14 17
3 0 84 132 199 258 325 382 448 520 580 639 3 4 5 7 9 13 16 22 27 30
3 1 81 141 206 282 347 416 478 527 581 651 3 4 8 11 12 13 13 15 15 17
3 2 64 122 180 229 291 363 426 483 554 607 3 5 6 8 10 12 13 16 19 20
3 3 77 130 195 257 314 368 421 486 557 606 3 5 7 8 8 8 10 11 14 15
3 4 77 146 218 267 332 401 460 532 590 632 2 3 6 8 11 15 18 21 21 22
3 5 66 140 220 270 324 378 437 494 546 586 1 5 9 11 11 14 14 15 18 18
3 6 82 126 194 255 305 362 414 493 560 627 4 8 11 13 14 17 18 22 27 30
3 7 58 126 208 276 336 406 458 514 576 637 5 7 10 11 11 12 13 15 17 17
3 8 68 134 199 267 331 392 465 506 552 617 3 6 10 13 14 16 17 18 21 23
3 9 57 127 191 237 299 374 442 497 562 633 3 6 7 7 9 13 15 16 16 17
3 10 58 122 190 253 315 367 434 485 538 589 3 5 9 9 12 15 16 18 21 22
4 0 68 135 203 253 312 385 446 500 550 618 3 3 5 6 10 13 13 14 15 19
4 1 85 141 210 277 353 415 481 563 631 707 1 3 7 10 10 13 13 14 14 15
4 2 69 133 187 240 315 382 441 508 569 630 3 5 6 7 8 9 12 15 18 18
4 3 84 144 206 279 351 419 479 531 598 665 2 3 5 5 7 9 12 12 16 18
4 4 92 161 219 283 349 406 463 515 577 637 5 7 8 11 11 11 13 15 16 18
4 5 85 164 226 278 332 390 431 481 541 601 5 10 13 14 16 17 18 18 19 21
4 6 79 155 221 288 354 417 471 513 566 622 1 4 5 6 8 8 8 8 11 11
4 7 84 142 185 255 327 386 446 504 560 612 1 6 6 6 8 8 9 10 11 13
4 8 66 153 199 247 301 368 433 492 556 606 1 5 6 10 12 16 18 18 20 23
4 9 78 142 206 261 324 397 475 541 589 643 4 6 7 9 10 13 13 18 21 21
4 10 57 116 193 258 320 383 444 501 559 616 3 4 5 9 9 12 14 18 20 21
5 0 80 142 211 270 315 370 443 507 567 615 5 6 9 9 9 9 11 14 15 15
5 1 77 138 197 263 333 407 470 535 590 657 2 3 6 8 10 14 14 15 17 18
5 2 61 113 163 212 267 331 403 474 531 596 5 7 7 10 14 15 19 24 26 32
5 3 52 104 167 217 268 327 391 449 510 572 2 4 7 9 11 11 13 16 18 20
5 4 56 122 184 258 320 381 426 470 532 597 2 3 7 10 13 14 14 18 18 19
5 5 66 124 176 235 315 366 422 485 557 610 3 4 7 10 11 12 13 15 18 20
5 6 53 117 170 221 268 323 398 458 526 587 2 5 5 8 8 8 8 9 11 13
5 7 72 134 182 238 292 351 411 469 519 577 3 4 7 9 10 13 14 14 15 17
5 8 75 132 192 235 277 328 373 426 476 531 3 3 4 4 6 7 11 14 14 16
5 9 63 116 184 248 310 381 463 514 579 622 1 5 6 10 11 13 15 15 17 21
5 10 60 127 183 244 289 370 439 495 545 602 1 3 6 8 9 10 13 14 15 16
6 0 84 143 217 287 341 411 455 517 578 641 1 3 5 9 9 12 16 20 23 23
6 1 84 153 208 277 326 385 454 522 580 644 5 8 9 11 13 16 19 24 24 27
6 2 57 127 184 260 335 409 464 529 592 654 3 6 7 9 12 15 17 19 20 23
6 3 90 148 193 251 308 371 426 492 552 596 1 2 3 6 9 13 13 15 19 19
6 4 58 146 203 254 315 365 417 464 511 581 7 9 13 14 18 19 21 22 23 26
6 5 64 130 189 259 330 391 463 506 558 631 4 8 9 13 15 16 18 20 20 26
6 6 69 122 192 236 295 342 406 459 517 572 1 1 3 3 5 6 12 12 13 13
6 7 76 150 213 289 348 398 463 501 540 590 3 6 7 7 7 10 11 12 13 14
6 8 76 131 201 244 310 367 415 470 529 586 3 3 6 9 11 11 12 13 13 14
6 9 81 122 186 245 302 358 433 479 552 600 3 3 6 8 8 10 11 11 11 15
6 10 80 145 203 262 313 400 427 468 526 578 5 8 9 13 13 16 17 18 20 21
7 0 73 142 215 286 350 403 480 536 599 645 3 5 6 8 9 9 9 9 10 10
7 1 70 141 200 252 312 366 415 484 543 614 3 9 12 13 14 15 15 15 16 17
7 2 65 150 210 278 334 391 468 518 568 639 0 4 6 7 8 9 12 12 12 15
7 3 61 112 186 244 309 381 414 472 537 588 7 7 10 13 14 17 18 21 24 25
7 4 63 135 195 259 319 378 415 474 529 587 4 8 11 15 16 18 18 18 20 22
7 5 55 124 178 222 294 356 432 496 549 617 4 5 7 10 13 14 16 18 20 23
7 6 60 138 178 241 296 338 396 446 516 566 4 4 4 5 7 8 9 9 9 10
7 7 79 131 198 251 307 375 444 532 605 650 2 2 3 4 5 10 11 15 20 20
7 8 58 120 170 216 283 343 410 454 518 576 3 5 7 8 10 11 11 13 13 16
7 9 83 144 209 264 321 386 437 495 562 618 4 7 8 9 14 16 16 18 20 24
7 10 69 132 200 257 313 359 401 456 521 563 2 3 10 10 12 12 13 13 15 15
8 0 62 143 204 257 327 392 450 515 583 653 2 5 9 10 12 15 16 16 16 18
8 1 73 129 192 264 335 387 428 495 559 626 4 4 8 9 13 14 15 20 22 22
8 2 91 156 210 279 340 404 477 534 603 651 6 9 10 12 16 18 20 23 26 28
8 3 83 154 216 278 328 383 454 512 577 643 4 4 5 8 8 9 12 13 16 18
8 4 76 147 206 252 331 394 453 509 565 624 4 7 13 14 16 17 18 20 24 24
8 5 89 143 188 244 321 389 428 481 530 564 6 9 10 12 14 14 15 15 17 17
8 6 49 121 189 257 316 360 416 484 543 590 4 6 8 9 12 15 15 17 19 19
8 7 63 140 204 267 309 369 431 495 544 594 3 4 9 10 12 13 14 19 19 23
8 8 77 137 204 244 299 340 400 452 501 551 3 5 5 10 12 14 17 20 20 20
8 9 80 144 195 255 322 370 435 502 564 630 5 6 9 10 12 12 12 13 13 15
8 10 62 115 159 213 270 326 377 431 486 558 2 4 6 6 7 10 10 13 13 13
9 0 63 123 183 244 300 357 424 479 542 600 3 3 6 6 8 9 9 9 13 14
9 1 71 117 179 231 274 321 360 416 466 529 3 6 8 9 13 18 19 19 21 22
9 2 72 133 177 230 291 328 389 452 518 593 3 5 7 8 12 12 12 14 15 18
9 3 69 115 179 234 291 354 409 471 509 584 2 4 6 9 9 9 10 10 14 17
9 4 69 139 217 274 333 392 435 504 566 618 2 3 5 5 8 10 12 14 14 20
9 5 43 102 158 219 274 333 385 432 494 559 0 2 3 3 4 6 7 10 11 12
9 6 59 110 164 215 270 329 394 451 507 583 1 3 5 6 7 8 10 13 15 16
9 7 69 133 190 249 314 359 400 463 518 545 4 7 7 9 11 13 14 15 18 20
9 8 76 130 195 262 314 376 440 484 528 595 4 5 7 8 11 11 11 12 12 16
9 9 73 138 195 266 323 385 440 498 543 583 4 5 5 5 6 8 9 9 10 10
9 10 68 132 196 245 310 374 431 478 523 580 4 5 6 6 8 8 9 9 10 11
10 0 76 145 209 273 338 412 478 559 620 676 1 2 2 4 6 10 11 12 15 20
10 1 67 136 191 250 324 392 456 523 602 678 3 3 4 5 7 9 9 11 12 15
10 2 71 128 199 261 312 385 454 531 577 649 3 3 5 8 8 11 11 12 15 17
10 3 72 138 211 259 336 396 457 511 571 635 1 3 5 6 9 12 13 15 17 18
10 4 68 120 184 260 307 354 400 482 551 601 1 2 3 4 6 7 8 10 13 16
10 5 69 112 171 227 302 355 414 464 520 562 4 4 5 9 12 13 13 14 18 19
10 6 78 143 199 257 310 362 419 472 510 570 5 8 9 12 13 16 18 19 21 24
10 7 80 136 199 259 326 383 444 501 558 622 4 7 10 13 20 23 23 26 26 27
10 8 84 129 202 281 325 377 432 489 553 596 1 3 5 6 9 13 14 15 16 16
10 9 89 155 226 266 313 357 418 466 501 547 3 4 6 6 6 8 8 10 11 14
10 10 72 128 176 236 292 362 413 448 497 549 5 6 8 8 12 12 12 13 14 16