0 0 67 128 195 261 322 389 453 520 590 673 8 12 18 19 20 24 24 26 28 31
0 1 62 132 196 256 307 371 456 509 565 633 0 3 5 7 8 14 16 16 19 19
0 2 53 116 181 241 290 358 419 479 545 618 2 4 6 8 9 9 11 12 15 18
0 3 85 141 197 252 326 375 447 500 562 631 4 6 7 9 10 12 13 14 17 19
0 4 83 158 212 283 358 415 493 549 615 678 0 0 2 3 6 12 15 16 19 23
0 5 84 154 231 312 377 433 489 550 607 667 6 7 10 12 13 13 15 16 16 17
0 6 77 145 218 276 334 416 464 520 572 616 3 4 5 8 11 15 18 19 19 19
0 7 83 147 219 281 343 415 470 528 594 656 2 5 8 9 9 10 12 14 16 18
0 8 69 138 198 251 299 371 435 507 570 649 5 7 9 10 14 19 21 25 28 31
0 9 73 136 205 265 324 381 434 499 548 608 2 4 5 7 13 15 19 21 24 24
0 10 70 134 175 255 301 371 441 506 571 651 3 8 8 12 13 15 16 16 18 19
1 0 61 128 174 234 294 352 435 510 571 632 3 4 4 8 13 14 18 21 24 26
1 1 68 134 186 256 338 405 476 555 630 693 5 10 10 12 16 17 22 27 27 30
1 2 67 130 189 253 302 350 401 457 522 583 4 8 11 15 17 18 19 22 22 27
1 3 70 153 209 272 329 396 458 511 554 618 3 5 6 8 9 9 13 16 19 20
1 4 72 149 218 288 329 379 433 503 554 628 1 3 6 10 13 14 15 18 20 22
1 5 73 119 186 243 305 359 408 447 534 578 0 2 3 7 9 9 9 11 16 17
1 6 68 120 199 263 320 385 485 543 622 681 3 4 8 10 12 14 17 18 20 21
1 7 82 147 213 272 332 397 443 508 558 630 1 5 6 7 11 12 13 14 17 18
1 8 66 138 205 263 328 402 463 528 587 657 2 4 6 6 9 15 16 17 18 19
1 9 82 148 199 265 322 383 447 496 550 603 0 2 4 10 10 11 14 17 17 17
1 10 89 155 225 278 338 393 459 521 589 638 2 7 9 14 16 17 17 17 19 19
2 0 83 150 207 244 310 376 428 491 558 615 3 4 5 6 7 8 10 14 16 17
2 1 64 122 180 223 279 357 409 482 551 612 4 5 6 7 9 9 12 12 14 17
2 2 66 129 208 284 348 411 480 547 611 698 4 6 8 14 15 16 19 22 23 26
2 3 84 150 206 262 332 401 473 538 604 654 1 1 3 7 10 12 18 20 20 23
2 4 66 128 186 253 312 367 439 505 568 629 3 10 11 14 20 21 25 27 32 32
2 5 53 128 203 273 317 367 439 485 555 626 3 5 6 10 11 13 14 14 15 16
2 6 75 152 214 280 331 392 443 496 562 610 5 9 12 14 16 19 19 20 23 25
2 7 82 151 201 248 318 388 454 531 603 660 4 7 8 9 9 10 13 13 14 14
2 8 72 153 219 278 334 380 424 470 542 621 4 7 10 11 12 14 17 20 20 22
2 9 71 143 219 297 363 434 495 568 642 706 0 2 3 4 5 5 9 13 14 15
2 10 74 149 229 291 348 419 471 527 592 658 5 7 9 15 18 22 22 22 25 27
3 0 62 129 192 269 331 395 460 542 600 672 5 6 10 11 14 14 19 20 22 23
3 1 69 140 218 269 332 391 453 508 560 606 3 4 5 6 6 8 11 12 15 16
3 2 78 142 211 272 348 414 468 519 583 649 5 5 6 6 8 11 13 14 15 15
3 3 75 151 201 255 316 381 451 519 569 621 6 15 18 18 24 29 31 33 37 37
3 4 74 124 177 233 284 342 404 457 516 559 0 1 3 3 4 4 6 7 7 8
3 5 70 125 183 251 321 386 443 516 583 634 2 6 7 12 14 16 18 21 21 21
3 6 59 119 190 250 329 375 431 500 535 577 3 5 7 8 9 10 11 11 12 14
3 7 72 134 189 265 324 398 440 496 559 603 5 8 10 10 10 11 12 17 17 18
3 8 69 141 197 268 339 391 444 517 570 628 3 7 7 9 9 10 12 14 15 16
3 9 76 126 204 262 322 382 446 485 533 593 6 8 9 10 11 13 14 16 16 18
3 10 93 171 233 316 369 429 477 526 595 650 1 3 7 10 12 15 16 18 19 19
4 0 74 150 224 282 343 420 488 539 621 688 4 5 7 10 12 13 14 16 18 18
4 1 62 127 188 243 304 370 439 497 551 611 1 3 5 8 12 14 15 21 21 22
4 2 76 137 197 255 325 376 453 515 578 631 3 6 8 9 10 12 14 14 18 20
4 3 51 115 172 231 304 353 413 481 539 584 2 2 2 4 9 11 13 16 16 17
4 4 68 133 201 275 335 420 480 542 603 678 0 2 3 4 4 4 6 8 8 9
4 5 62 136 194 254 313 373 426 487 537 599 2 7 7 7 10 10 12 13 14 17
4 6 76 160 222 294 328 385 433 491 537 589 3 5 7 8 8 10 10 10 13 14
4 7 54 98 161 233 313 368 455 501 543 603 4 6 9 11 12 14 15 18 18 19
4 8 66 126 162 219 280 327 387 440 476 549 6 7 9 11 11 13 13 16 16 17
4 9 66 134 191 243 316 381 430 484 538 595 2 4 10 10 16 16 16 20 23 25
4 10 59 134 197 275 345 386 458 524 573 633 3 8 10 13 17 18 19 23 28 29
5 0 87 160 221 300 367 438 501 542 610 676 1 3 3 6 8 9 11 11 12 16
5 1 81 146 213 270 338 406 454 511 578 634 6 7 7 9 10 13 14 16 18 19
5 2 62 114 164 224 299 352 406 461 531 601 1 4 6 8 9 14 20 23 25 25
5 3 81 144 203 256 320 391 447 516 583 645 4 7 9 10 10 11 12 15 16 17
5 4 74 137 191 250 319 374 440 486 544 583 2 2 4 5 7 11 14 15 17 19
5 5 65 133 191 263 330 385 437 498 547 609 3 7 9 14 17 17 20 22 24 26
5 6 77 150 218 273 349 416 452 525 578 637 7 8 8 11 11 14 15 15 16 17
5 7 39 100 153 223 296 353 419 472 508 564 1 2 4 4 4 6 8 12 13 16
5 8 66 121 178 236 300 367 426 488 562 618 1 2 4 5 5 10 10 11 11 15
5 9 87 162 232 288 346 402 452 518 577 649 3 6 8 10 10 12 17 17 20 23
5 10 66 123 177 228 274 339 400 453 520 565 2 3 5 8 9 9 11 13 13 14
6 0 85 149 211 269 321 385 445 492 554 612 1 4 5 7 7 7 7 9 10 12
6 1 65 150 210 264 334 408 465 524 589 650 8 12 13 14 16 17 18 18 22 25
6 2 83 146 211 269 327 405 485 555 626 685 3 5 9 10 10 13 15 17 18 22
6 3 66 144 200 256 328 399 473 530 575 637 3 7 9 11 12 18 20 20 20 25
6 4 72 136 194 253 317 374 434 501 557 621 3 4 5 6 7 9 14 15 18 22
6 5 65 133 195 230 302 365 424 508 571 612 4 4 5 6 9 10 10 10 15 16
6 6 79 140 196 251 299 367 431 484 536 595 2 2 5 6 6 8 12 15 16 16
6 7 76 146 202 268 343 401 456 511 572 618 2 8 12 17 19 20 22 23 24 25
6 8 72 119 173 254 326 386 455 511 570 640 6 9 9 13 15 16 19 23 27 28
6 9 73 148 200 267 332 373 415 475 528 586 0 3 6 8 9 10 11 11 14 17
6 10 73 137 199 250 301 363 427 487 534 590 3 5 7 7 9 9 10 10 12 12
7 0 75 135 190 252 333 403 465 528 602 664 1 4 5 6 7 7 9 11 12 14
7 1 72 117 169 223 285 349 401 461 531 596 2 4 7 9 10 10 13 13 14 16
7 2 68 142 201 267 324 398 451 508 549 596 3 5 6 6 7 9 10 11 11 13
7 3 75 151 216 253 300 344 401 463 511 573 6 7 11 12 13 13 17 21 23 23
7 4 65 129 186 237 301 371 436 497 549 623 4 10 12 12 14 16 20 22 23 24
7 5 80 158 214 260 308 354 434 488 566 619 0 2 5 5 5 6 7 10 14 14
7 6 93 165 227 279 342 379 427 490 554 604 1 3 5 6 9 10 10 12 14 14
7 7 55 131 203 277 333 379 443 502 555 599 3 5 8 8 9 10 12 14 16 18
7 8 69 123 178 259 326 376 433 499 557 607 3 3 6 7 9 10 12 14 16 17
7 9 47 109 173 239 292 353 404 466 513 565 2 2 6 7 7 8 9 11 13 14
7 10 79 158 218 277 328 372 431 486 535 594 3 5 7 7 8 9 11 11 14 16
8 0 69 124 185 259 325 387 430 510 559 616 2 5 8 9 12 15 16 17 17 20
8 1 94 155 208 263 332 404 477 539 603 682 3 5 8 10 10 12 17 17 18 20
8 2 68 113 168 208 274 327 390 455 493 533 7 9 10 13 14 15 16 19 21 23
8 3 64 143 207 267 320 379 415 463 531 605 1 2 4 7 9 9 12 12 15 17
8 4 63 117 171 232 302 365 419 476 536 583 3 7 8 9 10 10 10 12 12 14
8 5 72 131 175 233 297 361 421 486 551 617 3 6 7 8 9 9 10 11 12 12
8 6 63 124 180 233 290 355 399 464 505 540 2 2 6 6 8 12 13 15 17 17
8 7 73 133 187 238 288 342 389 443 481 529 3 6 10 14 14 14 17 17 20 21
8 8 75 140 187 252 305 339 394 460 493 551 1 4 6 6 9 9 10 13 14 15
8 9 82 131 191 264 317 385 446 510 572 625 2 2 4 6 7 9 10 12 14 18
8 10 86 150 202 278 328 373 438 484 531 574 5 6 8 10 11 11 11 13 16 18
9 0 70 129 175 236 280 337 395 461 510 556 1 3 4 6 10 12 13 13 15 17
9 1 61 135 187 268 321 377 429 487 551 605 5 7 8 11 13 16 17 18 22 22
9 2 55 107 160 223 284 343 388 471 535 596 2 6 7 10 13 16 16 17 21 22
9 3 75 142 202 266 323 386 437 494 538 586 5 8 11 13 13 15 17 18 20 20
9 4 62 126 181 240 303 378 448 504 564 612 2 3 4 7 8 9 10 11 12 12
9 5 69 126 203 251 307 360 422 468 518 586 2 3 6 8 13 14 16 16 18 20
9 6 55 120 173 245 307 362 412 479 537 587 4 9 12 14 19 19 20 22 22 23
9 7 82 130 203 263 326 382 422 471 520 583 5 8 10 12 13 16 16 19 21 25
9 8 77 129 187 255 321 374 429 486 544 591 3 7 11 11 11 13 14 14 15 16
9 9 57 122 172 229 302 340 398 460 497 553 0 2 3 3 8 8 9 10 11 12
9 10 72 145 204 261 322 373 419 481 532 613 4 4 4 5 5 6 8 10 11 13
10 0 81 152 221 270 341 404 452 491 557 627 0 3 4 4 6 7 8 9 11 13
10 1 62 136 205 271 313 378 437 502 564 631 3 3 5 9 10 10 10 13 14 16
10 2 67 129 191 248 313 371 449 505 570 635 3 4 4 4 4 7 9 12 13 15
10 3 66 135 199 243 294 354 409 473 521 572 2 7 7 13 15 18 21 25 26 28
10 4 63 131 178 255 316 365 419 493 537 608 3 5 6 9 18 21 23 24 26 28
10 5 70 128 178 229 294 342 402 454 525 578 2 6 8 10 11 13 15 16 19 19
10 6 92 150 219 279 340 394 449 528 593 643 2 4 4 8 9 9 9 9 13 16
10 7 63 119 179 248 310 365 422 479 516 586 2 2 4 7 8 10 13 14 15 17
10 8 57 111 166 216 276 336 396 456 519 577 3 5 5 6 8 11 12 17 20 21
10 9 57 134 211 252 307 380 440 474 509 558 4 5 11 11 12 13 13 14 15 16
10 10 77 146 213 291 358 407 471 524 573 633 3 4 4 4 6 6 8 9 11 12