0 0 55 101 169 238 305 365 435 497 556 613 2 4 5 5 7 8 12 14 15 19
0 1 58 120 192 255 325 389 446 504 585 658 1 3 6 6 6 9 10 11 12 12
0 2 72 122 184 251 319 396 468 524 588 645 3 4 7 13 14 17 17 20 23 24
0 3 81 146 202 266 330 392 439 506 560 631 3 5 5 6 10 10 12 18 20 25
0 4 77 147 207 266 347 409 471 544 618 680 2 2 7 8 10 12 13 18 19 23
0 5 62 103 169 223 289 349 400 457 534 608 2 2 7 8 10 11 11 12 13 15
0 6 78 146 216 261 332 391 452 498 578 626 2 3 6 6 8 12 13 15 19 23
0 7 63 122 191 248 308 380 443 506 587 668 2 5 5 8 9 9 9 11 17 21
0 8 50 112 180 243 294 370 427 490 540 602 3 3 7 9 14 18 19 22 22 23
0 9 69 125 179 241 320 388 462 545 586 648 2 4 5 6 10 12 13 15 17 22
0 10 62 133 199 257 325 406 481 561 635 702 2 3 6 6 8 9 11 14 17 21
1 0 63 121 178 243 310 375 438 502 566 623 3 3 5 8 9 10 14 16 19 22
1 1 73 143 206 280 355 428 498 561 638 700 2 4 8 12 14 15 18 20 20 21
1 2 62 125 184 250 311 360 424 493 536 606 2 7 8 10 13 15 17 19 21 23
1 3 82 143 215 264 343 409 480 522 591 640 2 2 6 6 9 10 11 13 18 19
1 4 80 138 222 286 349 424 482 556 605 666 6 8 9 13 15 18 20 21 21 22
1 5 67 123 169 229 279 351 417 480 546 614 0 3 3 5 8 8 11 13 16 18
1 6 83 150 214 286 341 394 463 514 584 646 3 7 8 11 13 14 15 19 21 22
1 7 68 132 188 234 297 347 424 474 544 592 3 6 8 8 11 12 14 14 17 19
1 8 63 133 173 227 282 339 398 439 501 556 2 6 8 9 10 10 12 13 17 17
1 9 85 146 213 291 332 410 479 549 611 665 2 3 4 9 10 10 12 12 13 14
1 10 64 123 186 245 309 358 410 480 538 582 3 7 11 14 17 18 20 25 29 29
2 0 76 138 195 258 332 403 455 516 586 660 3 4 4 5 7 7 9 12 14 16
2 1 70 147 202 278 351 405 476 548 616 674 6 7 12 15 18 20 22 24 26 29
2 2 74 129 189 242 298 363 433 507 576 633 3 4 5 7 7 8 9 12 14 15
2 3 84 146 202 271 342 408 477 547 607 669 7 12 13 15 18 19 20 20 22 24
2 4 74 129 187 259 322 391 464 526 586 643 6 8 10 14 14 15 15 17 21 22
2 5 73 138 190 256 310 370 429 492 541 604 3 7 9 10 11 12 17 17 20 22
2 6 55 126 192 246 302 367 413 473 538 607 1 3 4 5 6 7 7 8 9 9
2 7 66 119 183 237 297 361 421 497 563 624 2 4 5 6 9 10 11 13 15 15
2 8 64 140 192 237 294 346 405 460 511 564 5 6 7 8 10 12 15 18 18 19
2 9 74 132 185 242 304 346 420 492 560 608 2 5 8 8 9 9 13 14 16 18
2 10 56 107 169 223 294 354 415 469 531 608 2 3 7 7 9 12 14 15 15 17
3 0 63 124 190 278 333 391 434 497 565 623 3 4 4 9 10 15 17 21 22 23
3 1 70 141 193 261 337 391 460 522 581 643 3 5 7 9 11 14 16 16 17 21
3 2 71 138 223 281 361 445 490 551 611 679 1 4 6 6 8 10 12 16 17 20
3 3 79 151 223 293 330 384 448 502 557 607 4 7 10 11 14 17 20 23 23 24
3 4 62 113 182 238 316 391 446 494 554 609 3 3 7 7 8 11 12 13 15 19
3 5 65 125 195 252 319 379 451 503 569 614 1 1 2 3 9 10 11 12 13 15
3 6 81 150 202 271 327 386 444 519 578 639 8 10 13 14 16 17 18 19 20 21
3 7 74 142 199 253 320 362 440 499 551 603 2 2 5 8 9 10 12 13 15 16
3 8 77 148 205 255 317 371 428 497 547 616 0 2 6 13 13 13 15 18 19 20
3 9 66 129 217 267 337 393 447 511 576 610 3 7 10 11 12 15 18 19 21 21
3 10 68 128 167 214 264 330 399 457 517 556 1 3 4 4 5 8 11 13 17 18
4 0 89 164 219 267 320 379 452 511 575 640 2 7 8 12 13 13 20 20 21 24
4 1 66 116 179 240 303 375 436 504 575 631 2 4 7 12 12 15 17 20 22 24
4 2 73 134 174 237 286 339 404 476 534 584 2 4 7 10 12 13 15 18 21 21
4 3 78 148 228 284 356 413 467 524 577 625 5 7 12 12 16 17 20 21 22 24
4 4 57 120 178 237 299 389 455 526 574 649 2 6 7 9 11 11 11 14 14 18
4 5 80 157 211 280 321 391 446 520 562 627 2 5 6 11 12 14 14 16 18 21
4 6 68 115 198 255 305 345 385 452 512 569 2 2 2 2 2 5 5 6 6 9
4 7 56 112 161 221 279 341 409 471 518 566 4 4 6 7 8 12 12 12 12 12
4 8 71 147 219 287 349 416 469 551 606 658 5 7 8 9 9 9 11 12 13 16
4 9 79 132 206 264 325 392 455 506 571 640 3 4 6 7 7 12 12 16 18 20
4 10 81 144 217 266 321 391 432 472 531 575 3 5 7 9 10 12 14 17 17 17
5 0 45 120 187 260 319 389 445 523 569 631 2 7 10 15 17 17 20 23 25 25
5 1 54 124 186 258 322 381 434 468 524 579 2 5 7 8 11 13 15 19 19 21
5 2 74 123 183 255 311 362 424 487 555 613 2 4 5 6 9 9 9 10 13 15
5 3 57 118 165 238 313 380 424 489 548 599 2 7 7 11 13 16 18 18 18 18
5 4 77 148 214 262 334 390 447 509 572 628 2 2 4 10 10 13 13 14 18 20
5 5 78 148 224 267 310 363 424 474 538 587 3 5 8 10 12 13 16 17 19 22
5 6 62 132 204 275 328 398 467 536 584 637 2 4 5 7 10 12 16 19 22 22
5 7 63 112 181 255 298 357 430 478 547 593 7 7 10 14 18 20 20 23 23 24
5 8 77 143 206 268 329 370 416 456 505 560 3 5 9 11 13 13 13 16 17 17
5 9 55 102 158 243 297 374 423 478 543 617 4 7 8 12 14 15 16 18 19 20
5 10 74 142 191 260 311 360 414 456 508 565 1 4 6 8 8 9 11 11 16 18
6 0 59 122 174 232 295 369 438 502 559 616 4 11 12 13 14 14 17 17 19 20
6 1 83 159 207 288 324 379 428 504 572 632 2 4 6 9 11 13 14 15 19 23
6 2 81 139 206 253 308 369 432 489 552 599 3 4 6 11 12 14 17 19 21 21
6 3 63 130 175 247 291 339 381 449 496 544 1 7 12 16 17 20 21 25 26 28
6 4 62 122 205 253 306 368 428 467 534 582 2 4 9 10 11 14 16 16 20 22
6 5 71 133 212 275 327 392 452 511 583 652 4 4 9 11 12 16 16 18 21 22
6 6 76 128 190 248 305 362 418 463 518 565 3 3 6 7 8 8 12 12 14 14
6 7 77 143 204 273 331 399 462 511 562 617 5 6 9 9 9 11 15 17 19 21
6 8 64 127 194 258 312 378 437 482 541 580 1 4 6 8 10 11 13 14 15 18
6 9 75 121 155 219 286 338 408 468 545 588 3 5 6 8 9 11 12 12 15 16
6 10 53 142 199 244 287 349 407 464 520 582 1 2 7 7 7 7 8 10 15 17
7 0 81 137 194 247 324 382 426 491 556 614 1 5 6 9 10 10 12 14 19 20
7 1 77 143 208 272 315 362 430 473 519 575 1 4 4 5 6 6 8 8 10 13
7 2 81 139 202 260 322 393 458 520 586 630 1 1 4 6 7 9 9 11 11 13
7 3 72 136 217 283 368 431 502 569 637 694 4 7 9 12 14 16 16 17 20 23
7 4 69 137 203 252 296 361 441 500 530 596 5 5 9 13 13 17 19 19 19 21
7 5 82 152 210 282 359 430 491 559 613 682 1 3 4 5 10 10 13 15 15 15
7 6 69 139 193 249 287 339 390 461 532 562 4 5 7 7 7 7 10 10 12 14
7 7 80 174 234 288 340 424 468 524 570 627 2 3 4 5 5 7 9 10 14 15
7 8 86 158 220 271 326 371 424 480 525 576 4 5 7 7 8 9 13 14 18 23
7 9 65 116 183 227 281 339 405 457 522 588 2 5 6 6 7 8 10 12 16 17
7 10 68 121 197 229 277 334 388 435 494 543 3 6 10 10 10 10 12 12 14 14
8 0 60 131 189 259 335 389 448 518 570 635 2 2 2 3 5 7 7 11 12 17
8 1 75 144 209 262 330 388 444 517 569 620 1 2 3 4 5 6 6 10 12 15
8 2 62 123 193 264 326 392 481 541 597 659 4 5 7 8 12 12 14 19 19 19
8 3 68 136 203 257 317 390 457 508 569 645 4 5 6 9 13 15 16 17 17 17
8 4 72 148 229 279 344 400 455 511 582 636 0 1 3 3 4 4 4 9 11 12
8 5 71 144 209 268 313 356 414 473 523 566 0 2 2 4 5 9 9 9 12 16
8 6 79 125 189 247 323 379 421 477 524 567 5 10 14 18 19 19 22 22 26 26
8 7 58 123 187 255 292 353 423 474 527 580 3 8 11 12 13 14 16 17 19 21
8 8 71 147 208 255 318 352 396 440 484 536 4 8 12 13 19 21 22 23 26 28
8 9 76 143 222 291 356 404 454 508 557 631 5 9 11 12 14 15 18 19 24 28
8 10 54 107 173 239 294 338 395 431 500 553 0 2 2 4 6 7 9 10 11 12
9 0 47 122 184 253 324 397 438 488 540 584 1 4 6 8 10 10 10 10 10 10
9 1 86 147 210 257 321 394 450 506 573 631 1 2 5 6 6 7 8 11 11 14
9 2 80 147 215 289 364 436 504 557 618 663 2 7 9 10 11 13 15 19 22 24
9 3 59 115 182 229 294 364 421 467 520 575 1 2 6 6 8 9 12 13 14 14
9 4 69 120 188 238 303 353 401 467 539 594 0 5 9 12 12 12 14 16 20 21
9 5 85 167 230 306 372 430 499 562 598 658 2 6 8 10 11 11 12 15 16 18
9 6 64 120 189 250 311 367 416 480 534 579 2 5 8 12 13 16 18 20 22 25
9 7 62 131 199 236 307 386 464 523 574 634 1 3 5 7 7 9 13 15 16 18
9 8 83 148 210 262 339 395 470 539 579 632 4 7 7 9 12 14 20 21 22 25
9 9 75 139 219 266 310 368 427 492 561 628 1 2 4 5 8 11 15 17 19 19
9 10 73 139 209 257 310 355 417 479 554 595 2 3 4 5 7 11 15 16 19 21
10 0 63 138 195 240 308 370 437 504 560 607 0 2 3 8 8 9 12 14 19 20
10 1 81 146 193 253 310 372 426 488 568 633 2 6 7 9 9 9 10 11 12 14
10 2 58 111 195 263 335 397 450 499 578 627 5 9 12 15 15 18 19 21 24 24
10 3 73 137 203 245 300 360 410 480 541 599 3 3 7 8 10 13 13 13 15 17
10 4 59 112 189 232 303 366 434 496 528 592 3 4 8 8 9 10 16 18 20 24
10 5 75 157 212 264 315 371 444 497 549 615 4 8 11 16 17 20 21 22 22 23
10 6 75 144 208 263 317 383 430 492 561 638 4 6 8 12 14 16 17 17 19 21
10 7 73 136 194 258 310 355 407 462 515 563 3 7 9 9 12 13 14 16 16 16
10 8 70 130 202 257 314 380 444 496 554 614 1 3 9 10 14 15 15 17 19 22
10 9 57 116 176 240 282 357 403 447 484 524 2 3 5 7 7 7 8 10 10 13
10 10 64 133 194 257 308 360 415 473 525 585 1 1 3 5 6 8 10 10 11 13