0.7827460351840853 0.13098414073634157
0.7712861877214828 0.08514475088593118
0.8114251971731586 0.2457007886926402
0.8262803267929069 0.3051213071716273
0.8001100196324661 0.20044007852987122
0.803281162398697 0.21312464959478636
0.7950228099827783 0.18009123993111353
0.8086452246122379 0.234580898448952
0.8233580466636561 0.2934321866546239
0.8378088860133742 0.3512355440534966
0.8440751188199784 0.37630047527990934
0.8470228089723668 0.3880912358894698
0.8556321794505131 0.4225287178020537
0.8572855674450502 0.42914226978020364
0.892572774218283 0.5702910968731314
0.8854545030901966 0.541818012360791
0.879246580983729 0.5169863239349127
0.8885321273812364 0.5541285095249442
0.8908908829813729 0.563563531925495
0.8759279113816477 0.503711645526593
0.8730311019576179 0.49212440783047023
0.8772160683731997 0.5088642734927988
0.8692858950121117 0.4771435800484481
0.8722851130433256 0.48914045217330276
0.8736100903677689 0.4944403614710759
0.874033804118531 0.4961352164741234
0.8734603765000479 0.49384150600019217
0.8705342996987465 0.48213719879498673
0.870522570981434 0.4820902839257359
0.8743937934537578 0.4975751738150309
0.8729491108474318 0.4917964433897262
0.8722448344091471 0.48897933763658746
0.8728876249159749 0.4915504996638996
0.8745505865426884 0.49820234617075315
0.8747065214416646 0.4988260857666592
0.8738438868184573 0.49537554727382976
0.8747287779790754 0.4989151119163017
0.8756454002352915 0.5025816009411662
0.8818247268122564 0.5272989072490265
0.8788927948965892 0.5155711795863583
0.8747022568621329 0.4988090274485297
0.8787607911469535 0.5150431645878133
0.879567262619289 0.5182690504771547
0.8841378003450124 0.5365512013800504
0.8850442669531597 0.5401770678126414
0.8839313279360397 0.5357253117441556
0.8826793738146441 0.5307174952585755
0.8889208109841279 0.5556832439365121
0.8889881640961325 0.555952656384533
0.878718733447649 0.5148749337905982
0.8753387555329265 0.5013550221317076
0.8837552316054916 0.5350209264219672
0.8830062513093807 0.5320250052375252
0.8780033213679437 0.5120132854717759
0.8763189829274407 0.5052759317097617
0.8803411321767467 0.5213645287069864
0.8821311674303292 0.5285246697213164
0.8776895438153202 0.5107581752612805
0.8766833282986534 0.5067333131946126
0.8806347151353413 0.5225388605413651
0.8807731100464368 0.5230924401857471
0.8773847094845069 0.5095388379380293
0.8773572737766098 0.5094290951064402
0.8775647957001432 0.5102591828005705
0.8789322576265853 0.5157290305063419
0.8767986102516457 0.5071944410065828
0.8778892660965926 0.5115570643863705
0.8790734974309602 0.5162939897238417
0.8770365226835396 0.5081460907341602
0.8791854598888917 0.516741839555568
0.8787232524474468 0.514893009789787
0.8850364730588658 0.5401458922354617
0.879991796101279 0.5199671844051159
0.8798817855390922 0.5195271421563706
0.8781723701896681 0.5126894807586728
0.8888825253454128 0.5555301013816526
0.8787628978830706 0.5150515915322813
0.876514322879837 0.5060572915193481
0.8832908136130954 0.5331632544523821
0.8831382415663062 0.532552966265224
0.8778492752090983 0.5113971008363941
0.8784464132298915 0.5137856529195668
0.8790945807241037 0.516378322896415
0.87901390643785 0.5160556257514007
0.8764055358032256 0.5056221432129036
0.8768825322774455 0.5075301291097825
0.877529166409992 0.5101166656399689
0.8776438063802852 0.5105752255211407
0.8762914560775158 0.5051658243100637
0.8775385119632384 0.5101540478529526
0.8777041144922798 0.5108164579691188
0.877300575370876 0.5092023014835043
0.8765110197715719 0.5060440790862883
0.8777596525996755 0.5110386103987027
0.8776133868878264 0.510453547551306
0.8788237883124314 0.5152951532497255
0.8777418735029725 0.5109674940118899
0.8788367771559201 0.5153471086236805
0.8785601591434122 0.5142406365736487
0.8780650839427903 0.5122603357711611
0.8832356212086911 0.5329424848347636
0.8864631354603977 0.5458525418415934
0.9029213351692656 0.6116853406770623
0.882973543301531 0.5318941732061261
0.8801790643732326 0.5207162574929294
0.8810675956767876 0.5242703827071508
0.88253952782831 0.5301581113132399
0.8775196507519816 0.5100786030079262
0.8789957079484775 0.5159828317939116
0.8792243756972183 0.5168975027888743
0.8823489947955921 0.5293959791823679
0.8782055989093626 0.5128223956374502
0.8785452018516802 0.51418080740672
0.8780359915119972 0.5121439660479882
0.8801905899463239 0.5207623597852963
0.878971462814478 0.5158858512579122
0.87887439051345 0.5154975620538006
0.8789554560959937 0.5158218243839748
0.8795011102764784 0.518004441105914
0.8782757125372795 0.5131028501491173
0.8768397274683026 0.5073589098732103
0.8782538576946431 0.5130154307785729
0.8790942586425666 0.5163770345702661
0.8781853839283746 0.5127415357134983
0.8779829624755137 0.5119318499020542
0.878723798914161 0.514895195656643
0.8782727709880608 0.5130910839522423
0.8799133634272707 0.5196534537090809
0.8793079485414586 0.5172317941658344
0.8801568409903929 0.5206273639615717
0.880015897892735 0.5200635915709396
0.8779211918034341 0.5116847672137363
0.8781672028456146 0.5126688113824593
0.8794202367667288 0.5176809470669158
0.8810629599034288 0.5242518396137142
0.8800036519006078 0.5200146076024326
0.8908772741364757 0.5635090965459036
0.8884220960318291 0.5536883841273164
0.8815672241366538 0.5262688965466154
0.8754568115670903 0.5018272462683626
0.8850336281621842 0.5401345126487378
0.8815620367052311 0.5262481468209241
0.8781820522751913 0.5127282091007641
0.8759441441773285 0.503776576709313
0.8836750957064545 0.5347003828258182
0.8805800564343252 0.5223202257373009
0.8780923287256297 0.5123693149025188
0.876718724737701 0.5068748989508017
0.8802467167712426 0.5209868670849704
0.8788650383288715 0.5154601533154868
0.8765368386871475 0.5061473547485903
0.877609506396934 0.5104380255877379
0.8805094274731428 0.522037709892571
0.8792182031457098 0.5168728125828403
0.8774044223407553 0.5096176893630213
0.8783886606008351 0.5135546424033399
0.8854469126727825 0.54178765069113
0.8851694504941615 0.5406778019766486
0.8783930156885138 0.5135720627540556
0.8829894831087208 0.5319579324348844
0.8839934258482112 0.5359737033928448
0.8760086750101225 0.5040347000404916
0.8765268760585699 0.506107504234279
0.87759794506454 0.5103917802581617
0.8787430389046327 0.5149721556185309
0.87722736191734 0.5089094476693607
0.8757339875073029 0.502935950029212
0.8779762781306681 0.5119051125226739
0.8778397978814031 0.5113591915256128
0.8773115094947872 0.5092460379791496
0.8765529960952284 0.5062119843809149
0.8780512958806485 0.512205183522594
0.8779143054596524 0.5116572218386103
0.8773877839357889 0.5095511357431548
0.8773756293242865 0.5095025172971446
0.8782621428668628 0.5130485714674508
0.8772120300653917 0.508848120261566
0.8814898475436934 0.5259593901747737
0.8791774419095719 0.5167097676382878
0.8836692982473257 0.5346771929893029
0.88560926756471 0.5424370702588397
0.8817974615424311 0.5271898461697258
0.8792866140372422 0.5171464561489694
0.882044892069605 0.5281795682784198
0.8792903852292995 0.5171615409171971
0.8788618553784648 0.5154474215138594
0.8797399742889584 0.5189598971558328
0.8789675925318088 0.5158703701272345
0.8789297924368175 0.5157191697472691
0.8783057721713422 0.5132230886853689
0.8778827455626209 0.5115309822504841
0.8783564968577283 0.5134259874309131
0.8781008077262438 0.5124032309049752
0.8769861899343724 0.5079447597374911
0.8769647121804711 0.5078588487218844
0.8811217135855105 0.5244868543420422
0.8783542978498791 0.5134171913995158
0.8777051820347238 0.5108207281388953
0.877857850062112 0.5114314002484487
0.8851822313556009 0.5407289254224036
0.8828232729141893 0.531293091656756
0.880480946668343 0.5219237866733718
0.8803319226822508 0.5213276907290012
0.8843339010482318 0.5373356041929271
0.8792734497376784 0.5170937989507137
0.8793454021942664 0.5173816087770657
0.8772318948882736 0.508927579553094
0.8793927099218445 0.5175708396873777
0.8783028499839172 0.51321139993567
0.8775102001057263 0.5100408004229066
0.8773099582185141 0.5092398328740575
0.8787572369438935 0.5150289477755724
0.8776217514339268 0.5104870057357067
0.8881622878861595 0.5526491515446382
0.8795758615576387 0.5183034462305556
0.8806529118459419 0.5226116473837662
0.8811757612139667 0.5247030448558669
0.8870059411623399 0.5480237646493592
0.8802325553142174 0.5209302212568698
0.8784365735797209 0.513746294318882
0.8777117902855571 0.510847161142229
0.8822099868614305 0.5288399474457212
0.879076252858078 0.5163050114323111
0.8785240241923876 0.5140960967695506
0.8783645269018799 0.5134581076075193
0.8800429225571956 0.5201716902287827
0.8783960204456253 0.5135840817825007
0.8777374074359204 0.5109496297436824
0.8810804514503081 0.5243218058012333
0.8789339236554974 0.5157356946219895
0.8771712910332571 0.508685164133028
0.8778258029235204 0.5113032116940808
0.8779759367065761 0.5119037468263061
0.8783447553206029 0.5133790212824116
0.8776391837626832 0.5105567350507347
0.8783648264934207 0.5134593059736836
0.8789791082078798 0.5159164328315202
0.8784713891209937 0.5138855564839744
0.8777419979815764 0.5109679919263052
0.8784875820761496 0.5139503283045985
0.8787306360759457 0.5149225443037837
0.8786302166487056 0.5145208665948214
0.8784999436349525 0.513999774539809
0.8786384607451633 0.5145538429806529
0.8792225838129001 0.5168903352515999
0.879223905017028 0.5168956200681113
0.8801891141245146 0.52075645649806
0.8903414172645379 0.5613656690581511
0.8885118745334037 0.554047498133615
0.8859855201935257 0.5439420807741026
0.8796880814840949 0.5187523259363787
0.8799641522343841 0.5198566089375357
0.8799933884919094 0.5199735539676396
0.886727602472888 0.5469104098915512
0.8830992870634451 0.532397148253781
0.8789021212943473 0.5156084851773894
0.8804700802433005 0.5218803209732004
0.8803728986831827 0.5214915947327308
0.8772858393875751 0.509143357550299
0.8781076642241545 0.5124306568966184
0.8775451690545133 0.5101806762180526
0.8785370694091895 0.5141482776367581
0.8782918165671942 0.513167266268777
0.8778611420936785 0.5114445683747146
0.8781582032175888 0.5126328128703542
0.8783870634423705 0.5135482537694818
0.8783210760176907 0.5132843040707628
0.8771907299769895 0.50876291990796
0.8786215307766396 0.5144861231065591
0.8791701175931265 0.5166804703725056
0.8785420555159995 0.5141682220639976
0.8854028830479295 0.5416115321917192
0.8798805995014046 0.5195223980056203
0.8895658053104317 0.5582632212417269
0.8855551868862535 0.542220747545013
0.8800834039867768 0.520333615947105
0.8799566968001871 0.5198267872007477
0.8783536378349122 0.5134145513396481
0.8784863095900032 0.5139452383600129
0.8787391991431144 0.5149567965724571
0.8793371330454256 0.5173485321817034
0.8782673323105276 0.5130693292421119
0.8779443243136885 0.5117772972547552
0.8779654423803706 0.5118617695214811
0.8833936869408632 0.5335747477634526
0.8803029629494858 0.5212118517979447
0.8785620238735072 0.5142480954940286
0.8776283456983383 0.5105133827933525
0.8814687870745659 0.5258751482982635
0.878953263905157 0.5158130556206283
0.878309637514548 0.5132385500581924
0.8773919605707187 0.5095678422828742
0.879480412925058 0.5179216517002321
0.8790993625721051 0.5163974502884195
0.878481648364009 0.5139265934560364
0.8773825319921253 0.5095301279685028
0.8781543271664612 0.5126173086658447
0.8794653482598614 0.5178613930394463
0.8787878684488295 0.5151514737953174
0.8778987201824484 0.511594880729794
0.879075882183225 0.5163035287329008
0.8789014564641892 0.515605825856756
0.8791833900091436 0.5167335600365752
0.8788135241226372 0.5152540964905475
0.879382887023181 0.5175315480927228
0.8868263078271279 0.5473052313085103
0.8803862255948981 0.5215449023795923
0.8787635867622363 0.5150543470489464
0.8786447207894252 0.5145788831577018
0.8791424383709057 0.5165697534836236
0.8784672766901985 0.5138691067607943
0.8787816037853396 0.5151264151413595
0.8781777812589329 0.5127111250357292
0.8813125602091435 0.5252502408365747
0.879926628793845 0.5197065151753786
0.8793976249948957 0.5175904999795824
0.8797435691493669 0.5189742765974666
0.8788640874569373 0.5154563498277478
0.877851931282173 0.5114077251286925
0.8790060054809041 0.5160240219236172
0.8784477302898618 0.5137909211594468
0.877817525244247 0.5112701009769876
0.8788710500302206 0.5154842001208815
0.8789820411971122 0.5159281647884483
0.8835170916379418 0.5340683665517675
0.8785112245273854 0.5140448981095403
0.8780968943619054 0.5123875774476209
0.8923749637607962 0.5694998550431873
0.8870820076279463 0.5483280305117831
0.8807193636388833 0.5228774545555308
0.8811260842241486 0.5245043368965941
0.8830596073150607 0.5322384292602428
0.877367546191708 0.5094701847668308
0.8790931841851437 0.5163727367405733
0.8779525058666269 0.5118100234665071
0.8792336540309853 0.516934616123941
0.8793096304466584 0.5172385217866339
0.8804077523945945 0.5216310095783775
0.8809229092518542 0.5236916370074169
0.8802585839131386 0.5210343356525537
0.878048044963351 0.5121921798534025
0.8781183241689888 0.5124732966759532
0.8766174602751192 0.5064698411004769
0.8786504645444242 0.5146018581776955
0.877742846639573 0.5109713865582919
0.8774433678614316 0.5097734714457265
0.8774468620008526 0.5097874480034106
0.8791823058867315 0.5167292235469256
0.8783891649491828 0.5135566597967297
0.8786812194025866 0.514724877610346
0.8781850621786543 0.5127402487146173
0.8784310066438858 0.5137240265755423
0.8790484220936263 0.5161936883745052
0.8784402343058956 0.513760937223582
0.8789533091648088 0.5158132366592347
0.878558392428526 0.5142335697141039
0.8794738817249492 0.5178955268997967
0.8790445249404618 0.5161780997618471
0.8793823487596742 0.5175293950386968
0.879385173236156 0.5175406929446233
0.8794049973345452 0.5176199893381805
0.8791792650365473 0.5167170601461883
0.8793250340093371 0.5173001360373473
0.879299424623107 0.5171976984924275
0.8792966170464076 0.5171864681856302
0.8793214554865113 0.517285821946045
0.87978763397219 0.5191505358887594
0.879697019023842 0.5187880760953686
0.8796084012528975 0.5184336050115903
0.880590998835042 0.5223639953401683
0.8902845471409481 0.5611381885637937
0.8817453134359573 0.5269812537438301
0.8791200412854504 0.5164801651418012
0.880445872368695 0.5217834894747798
0.8797543644545796 0.5190174578183183
0.8796345486563011 0.5185381946252037
0.8802332631064063 0.5209330524256256
0.8815673440639284 0.5262693762557131
0.8813560249395629 0.5254240997582513
0.8784113769243501 0.5136455076974002
0.8786178899839409 0.5144715599357632
0.8784110801090199 0.5136443204360787
0.8786037780940906 0.5144151123763617
0.8794180557494503 0.5176722229978017
0.8792282921308161 0.5169131685232642
0.8788980259191277 0.5155921036765106
0.8794843520128702 0.517937408051481
0.8790837914636264 0.5163351658545049
0.8793225810838399 0.5172903243353598
0.8791903351607426 0.51676134064297
0.8796432310893665 0.5185729243574658
0.8793376353165656 0.5173505412662631
0.8796936799370424 0.5187747197481706
0.8801129494017004 0.5204517976068003
0.8796335190219863 0.5185340760879452
0.8793989500166081 0.5175958000664322
0.8793996045915675 0.5175984183662703
0.879599323933653 0.5183972957346127
0.8794704070765015 0.5178816283060059
0.8795086969349555 0.5180347877398216
0.8797232381433087 0.518892952573234
0.8798282005559415 0.5193128022237657
0.8798063137399521 0.5192252549598083
0.8797469329378671 0.5189877317514691
0.8798069248360438 0.5192276993441748
0.8798568371325963 0.5194273485303853
0.8797900981229351 0.519160392491741
0.8797512824208624 0.519005129683449
0.8797608676835169 0.5190434707340673
0.8798696265307734 0.5194785061230945
0.8798582702685853 0.5194330810743412
0.8798956951390164 0.5195827805560659
0.8799152942651606 0.5196611770606419
0.8798940419061442 0.5195761676245767
0.8798908360447872 0.5195633441791486
0.879927777909679 0.5197111116387159
0.8799010378983619 0.5196041515934475
0.8798995488609619 0.5195981954438476
0.879881709705321 0.5195268388212841
0.87994185415417 0.5197674166166809
0.8799589618259398 0.5198358473037586
0.8799685042438534 0.5198740169754131
0.8799810113953771 0.5199240455815081
0.8799792124866245 0.5199168499464979
0.8799709051661618 0.519883620664647
0.8799685173167907 0.5198740692671625
0.8799782788085427 0.5199131152341712
0.8799848584981457 0.5199394339925832
0.8799876902736946 0.5199507610947796
0.8799818509695725 0.5199274038782898
0.8799833360875345 0.5199333443501378
0.879994299467955 0.5199771978718202
0.8799945735484381 0.5199782941937525
0.8799918249435974 0.5199672997743905
0.8799906966707198 0.519962786682879
0.879990865934222 0.5199634637368904
0.8800225514524215 0.5200902058096863
0.885145942762152 0.5405837710486069
0.8789002491499771 0.5156009965999072
0.8777028082915436 0.5108112331661739
0.8793001300931593 0.5172005203726368
0.8794426038552288 0.5177704154209152
0.8789796763335062 0.5159187053340251
0.878081891862056 0.5123275674482239
0.8795895930090566 0.5183583720362257
0.8795810337020901 0.5183241348083595
0.879184581181292 0.5167383247251678
0.8785315385835414 0.5141261543341655
0.8797750620298069 0.5191002481192284
0.8795932510643341 0.5183730042573363
0.8815722219582228 0.5262888878328915
0.8789406906453026 0.5157627625812101
0.8781588682368958 0.5126354729475832
0.8783459625351226 0.5133838501404903
0.879084132409868 0.5163365296394722
0.8788029884911084 0.515211953964434
0.8784536600288005 0.5138146401152021
0.8787756119455774 0.5151024477823096
0.8795024307645045 0.5180097230580176
0.8790727771931077 0.5162911087724301
0.8785980909615299 0.5143923638461194
0.879196842509755 0.5167873700390205
0.8796503209850485 0.518601283940194
0.8792964928256467 0.5171859713025859
0.8798263897731394 0.5193055590925569
0.8782702679936698 0.5130810719746803
0.8797541412178055 0.5190165648712207
0.879477598733052 0.5179103949322077
0.8791861316682587 0.5167445266730358
0.8803538260577615 0.5214153042310459
0.8799185172244364 0.5196740688977455
0.8858901545063655 0.5435606180254624
0.8807075619781619 0.5228302479126475
0.8807718822996189 0.5230875291984758
0.8796094073946016 0.5184376295784058
0.8786610568615391 0.5146442274461562
0.8783648836670969 0.5134595346683876
0.8791806244002106 0.516722497600842
0.8791883357038286 0.5167533428153139
0.8791313213908176 0.5165252855632706
0.8786453610465855 0.5145814441863427
0.8797986768872739 0.5191947075490948
0.8794863235189654 0.5179452940758609
0.8794068110290162 0.5176272441160642
0.8791408900848653 0.5165635603394616
0.8794188745906553 0.517675498362621
0.87913760867614 0.5165504347045604
0.8791604577280261 0.516641830912105
0.8795434326642453 0.5181737306569811
0.8796969740107089 0.5187878960428359
0.8797181702493505 0.5188726809974022
0.8795933159344839 0.518373263737936
0.8794440732602595 0.5177762930410376
0.8796753074146209 0.5187012296584833
0.8795050085107172 0.5180200340428689
0.879892406946831 0.5195696277873243
0.8797822107763327 0.5191288431053295
0.8797158903402018 0.518863561360807
0.8801740776133272 0.5206963104533081
0.8796446833097584 0.5185787332390338
0.8795476783349808 0.5181907133399237
0.879697539521282 0.5187901580851279
0.8799498462505627 0.5197993850022511
0.8799725845403331 0.5198903381613332
0.8799161407879645 0.5196645631518588
0.8799044661125724 0.5196178644502898
0.8798622093917967 0.5194488375671865
0.8802206544147269 0.520882617658907
0.8851997707617828 0.5407990830471303
0.8810662325352645 0.5242649301410589
0.8795247704403224 0.5180990817612898
0.8790658567693166 0.5162634270772655
0.8793742472911664 0.517496989164666
0.8867386684361542 0.5469546737446178
0.879680774303778 0.518723097215112
0.8801930001106676 0.5207720004426699
0.8789890358980759 0.515956143592304
0.8800334741763299 0.5201338967053202
0.8791023010402063 0.5164092041608248
0.8802518751224211 0.5210075004896835
0.87898238284039 0.5159295313615595
0.8795860662426189 0.5183442649704755
0.8793390051637268 0.5173560206549066
0.8791176659149827 0.5164706636599319
0.8787926393878329 0.5151705575513325
0.8797565112333672 0.5190260449334683
0.8795324416832082 0.5181297667328334
0.8792141187844323 0.51685647513773
0.878934024311877 0.5157360972475084
0.8792270948607591 0.5169083794430365
0.8792887628271228 0.5171550513084913
0.8796053117861241 0.5184212471444966
0.8795386080078756 0.5181544320315027
0.8793880917875718 0.5175523671502875
0.8798350240548046 0.5193400962192183
0.8796901566700687 0.5187606266802753
0.8795723240881954 0.518289296352782
0.8797508946449585 0.519003578579834
0.8797818090558881 0.5191272362235524
0.87989555779972 0.5195822311988796
0.8798823747753316 0.5195294991013263
0.8797844665487291 0.5191378661949166
0.8797766401623767 0.5191065606495062
0.8799581931271022 0.5198327725084085
0.8799052085357989 0.5196208341431956
0.8799260549246642 0.519704219698657
0.8799071541109507 0.5196286164438024
0.8798534431453662 0.5194137725814645
0.8798721926150809 0.5194887704603236
0.879827552945862 0.5193102117834477
0.8798961216163547 0.5195844864654183
0.8798631334483992 0.5194525337935958
0.8799193746121173 0.5196774984484699
0.8799290539391817 0.5197162157567281
0.8836366271650357 0.5345465086601421
0.8795679309925722 0.5182717239702892
0.8801083667372886 0.5204334669491546
0.8801323205398855 0.5205292821595421
0.8792921261404821 0.5171685045619278
0.8786456168927996 0.5145824675711991
0.879201338820962 0.5168053552838487
0.8792350511210956 0.5169402044843818
0.8788416364116965 0.515366545646786
0.8793216372446238 0.5172865489784947
0.8795340392076497 0.5181361568305993
0.8793841318358402 0.5175365273433605
0.879310503085909 0.5172420123436362
0.8788664419989144 0.5154657679956576
0.8797679356526192 0.5190717426104767
0.8794803759389634 0.5179215037558533
0.8796021108758123 0.5184084435032501
0.8796241587139145 0.5184966348556579
0.8797619351434928 0.5190477405739707
0.8795820796792841 0.5183283187171369
0.8793574206503828 0.5174296826015319
0.8826075833020357 0.5304303332081427
0.8791851423563355 0.5167405694253421
0.880494753685729 0.5219790147429163
0.8814974424374624 0.5259897697498506
0.880212656345262 0.5208506253810475
0.8783643423204981 0.513457369281992
0.8792112807080799 0.5168451228323194
0.8795381908017892 0.5181527632071564
0.8790514613205741 0.516205845282296
0.8788977861069805 0.515591144427922
0.8795900781128967 0.5183603124515863
0.8795795189800372 0.5183180759201482
0.8793779421586331 0.5175117686345321
0.8793662656674844 0.5174650626699376
0.8796552471208376 0.5186209884833507
0.8793716821768273 0.5174867287073089
0.8792100849729281 0.5168403398917116
0.879436470706151 0.5177458828246041
0.879247620901818 0.5169904836072714
0.8797217240892705 0.5188868963570827
0.8797547035119127 0.5190188140476499
0.879742378826959 0.5189695153078356
0.8795990185505622 0.5183960742022485
0.8798100940875017 0.5192403763500064
0.8797498523784866 0.5189994095139456
0.879664160212246 0.5186566408489838
0.8799488802549844 0.5197955210199376
0.879862574030457 0.5194502961218277
0.8798751647992398 0.5195006591969586
0.879931995395457 0.5197279815818283
0.8807362987011154 0.5229451948044596
0.8822717448939063 0.5290869795756253
0.8810012023998105 0.5240048095992428
0.8844883697167455 0.5379534788669816
0.8804054698425943 0.521621879370377
0.8814300677886471 0.5257202711545879
0.8787816184835563 0.5151264739342252
0.8792658016102828 0.5170632064411302
0.8789839669287807 0.515935867715123
0.8792661180371789 0.5170644721487156
0.8791641569008729 0.5166566276034907
0.8793315248370775 0.5173260993483099
0.8793342114630771 0.5173368458523079
0.879348504107453 0.5173940164298111
0.8794983455457558 0.5179933821830232
0.8795859906352819 0.5183439625411269
0.879648713981464 0.5185948559258555
0.8797388269825697 0.5189553079302794
0.8796815970470494 0.5187263881881974
0.8794797200783018 0.517918880313207
0.8798095794529869 0.519238317811948
0.87963254418671 0.51853017674684
0.8796352841563038 0.5185411366252147
0.8797553356998558 0.5190213427994225
0.8796026375842735 0.5184105503370929
0.8796916824635804 0.5187667298543213
0.8795751674287564 0.5183006697150261
0.8797235489358275 0.5188941957433092
0.8796703612979709 0.5186814451918836
0.8799892392162034 0.5199569568648136
0.8799067706586662 0.519627082634665
0.8798718687355293 0.5194874749421168
0.8798485715738349 0.5193942862953389
0.8797863634803604 0.5191454539214408
0.8804277470941819 0.5217109883767271
0.8800633979638469 0.5202535918553874
0.8808871041486976 0.5235484165947906
0.8805513808627393 0.5222055234509573
0.8801928926766487 0.520771570706595
0.8797516343013707 0.5190065372054835
0.8798204556123889 0.5192818224495553
0.8805336340168437 0.5221345360673745
0.8847514922625852 0.5390059690503403
0.8837312532502878 0.5349250130011517
0.8791633694242772 0.516653477697109
0.8803478610953025 0.5213914443812097
0.8787266091918144 0.5149064367672576
0.8788404417111255 0.5153617668445025
0.8782116808805733 0.5128467235222941
0.8784731912292193 0.5138927649168774
0.8788279660231073 0.5153118640924287
0.8793458973700335 0.5173835894801337
0.8794063697543709 0.517625479017484
0.8790758022283072 0.5163032089132288
0.8793119582329005 0.5172478329316024
0.8790204468029549 0.5160817872118192
0.8794402458403748 0.5177609833614999
0.8795658218700285 0.5182632874801143
0.8794561809441828 0.5178247237767326
0.8797887482854921 0.5191549931419687
0.880261568950272 0.5210462758010872
0.8908193997996853 0.5632775991987414
0.8798404654384325 0.51936186175373
0.8806798726124481 0.5227194904497936
0.8812209752654191 0.5248839010616758
0.8857509919861049 0.5430039679444197
0.8808711408093919 0.5234845632375663
0.8810093309015352 0.5240373236061412
0.8785717404594243 0.5142869618376974
0.8786035255143579 0.514414102057433
0.8792410026082514 0.5169640104330068
0.8781546948013949 0.5126187792055792
0.8781536091652695 0.5126144366610776
0.8783955311707398 0.5135821246829592
0.8785586146572291 0.5142344586289164
0.878581676739465 0.5143267069578596
0.8779432022270451 0.511772808908181
0.8791183867031666 0.516473546812666
0.8791927227703256 0.5167708910813027
0.8785957717216314 0.514383086886526
0.8783287977132717 0.5133151908530872
0.8787698774744566 0.515079509897826
0.8795788218032854 0.5183152872131421
0.879521280518456 0.518085122073824
0.8793411706461418 0.5173646825845672
0.8793043481248006 0.5172173924992026
0.8789899407824773 0.5159597631299089
0.8788533167308636 0.5154132669234546
0.879409643653102 0.5176385746124081
0.8792798225378625 0.5171192901514499
0.8793028415283822 0.517211366113529
0.8791783136407801 0.5167132545631209
0.880417886959086 0.5216715478363445
0.8812858282313859 0.5251433129255443
0.8798767170962971 0.5195068683851893
0.8799183065318924 0.519673226127571
0.8808310445303718 0.5233241781214872
0.8805654972165096 0.5222619888660377
0.8803785810484076 0.5215143241936301
0.8788743782928543 0.5154975131714177
0.880352409839329 0.5214096393573163
0.8802725120006225 0.5210900480024903
0.8797199119504701 0.5188796478018808
0.8805129209728259 0.5220516838913035
0.8809206231442623 0.5236824925770488
0.8804456527008406 0.5217826108033615
0.8786745186344718 0.5146980745378879
0.8793342213964321 0.5173368855857282
0.879416236741054 0.5176649469642178
0.8794811326369077 0.5179245305476313
0.8791521927295157 0.5166087709180622
0.8797199136130572 0.5188796544522287
0.8798235698304692 0.5192942793218763
0.8795773083321464 0.5183092333285877
0.8794026773527596 0.5176107094110391
0.879259043382122 0.5170361735284876
0.8791147937045145 0.5164591748180577
0.8792476369898701 0.5169905479594804
0.8797944270270428 0.5191777081081713
0.8796680607532541 0.5186722430130161
0.8795842469409874 0.5183369877639501
0.8797470139317926 0.5189880557271702
0.8797202810374323 0.5188811241497276
0.8796775391666408 0.5187101566665631
0.8796796254589089 0.5187185018356355
0.8796414851162109 0.518565940464844
0.8799150060660185 0.5196600242640752
0.8798859042874877 0.5195436171499515
0.8799659448383159 0.5198637793532621
0.8799178812986718 0.519671525194687
0.8799613844050213 0.5198455376200851
0.8799366166199671 0.5197464664798686
0.8799410546915847 0.5197642187663388
0.8799131041615724 0.5196524166462894
0.8799562612149283 0.5198250448597129
0.8799257081259779 0.5197028325039115
0.8799206617122118 0.5196826468488471
0.8799026263754647 0.5196105055018582
0.8799768988395604 0.5199075953582424
0.8799708936004884 0.5198835744019543
0.8799685043759012 0.5198740175036066
0.8799970671627777 0.5199882686511103
0.8800462842849254 0.5201851371397008
0.8817515226045183 0.5270060904180737
0.8808751887598799 0.5235007550395196
0.8806335800682339 0.5225343202729367
0.8803445763683859 0.5213783054735441
0.8802672342095267 0.5210689368381068
0.8801281351428161 0.5205125405712642
0.8807519583267402 0.5230078333069617
0.8791655148424049 0.5166620593696196
0.8790196468499936 0.5160785873999744
0.8798039518609002 0.5192158074436005
0.8797650922979279 0.5190603691917118
0.8797190401477991 0.5188761605911961
0.8795686707328059 0.5182746829312244
0.8796083665869575 0.5184334663478303
0.8798911271603639 0.5195645086414558
0.8798658283659972 0.5194633134639886
0.8798756622047885 0.519502648819154
0.8798529598280027 0.5194118393120102
0.8797360012525618 0.5189440050102472
0.8798685936662417 0.5194743746649676
0.8799457180716156 0.5197828722864628
0.8798839929840905 0.5195359719363617
0.8799558971314125 0.5198235885256504
0.8798848233817737 0.5195392935270943
0.8798673388361258 0.5194693553445021
0.8799627394384192 0.5198509577536767
0.8799135398365042 0.5196541593460166
0.8799440304757923 0.5197761219031689
0.8799316754837436 0.5197267019349746
0.8799861479590996 0.5199445918363981
0.8799880189115789 0.519952075646315
0.8799680924092865 0.519872369637146
0.879963212249516 0.5198528489980645
0.8799445736698179 0.5197782946792714
0.8799248173394882 0.5196992693579531
0.8799117858268426 0.5196471433073714
0.8798940832377328 0.5195763329509313
0.880070089491146 0.5202803579645833
0.8798832918845139 0.5195331675380559
0.8798704770492825 0.5194819081971292
0.8799730351298035 0.519892140519216
0.8799600139841626 0.5198400559366496
0.8799521089931157 0.5198084359724625
0.8799743530523827 0.5198974122095302
0.8800566027815006 0.5202264111260019
0.8799869492399297 0.5199477969597197
0.8799814204345126 0.5199256817380494
0.8799928646003987 0.5199714584015945
0.8799845446274412 0.5199381785097646
0.8799792216649913 0.5199168866599654
0.8799753719871787 0.5199014879487148
0.8799915747802964 0.5199662991211869
0.8799907880019953 0.5199631520079806
0.8804796672010926 0.5219186688043688
0.8799957807630342 0.519983123052137
0.8799925018969575 0.5199700075878301
0.8799903800609339 0.5199615202437358
0.8799934998061318 0.5199739992245275
0.8799920611839153 0.519968244735662
0.8800331686840002 0.5201326747360009
0.8799895889909013 0.5199583559636054
0.87998880396827 0.5199552158730795
0.8799884434001802 0.5199537736007216
0.8799882089269506 0.5199528357078026
0.8799968364959829 0.5199873459839318
0.879997050653511 0.5199882026140441
0.8799960962609483 0.5199843850437944
0.8799951556665491 0.5199806226661973
0.8800040495288313 0.520016198115324
0.8837684669152093 0.5350738676608359
0.8787726198895556 0.5150904795582221
0.8798193898795138 0.5192775595180553
0.8797245503652661 0.5188982014610641
0.8794590735670172 0.5178362942680689
0.8789893802051477 0.5159575208205913
0.8799235291163119 0.5196941164652482
0.8797375661607153 0.5189502646428618
0.8799188869156869 0.5196755476627459
0.8792512304651755 0.517004921860702
0.8799728163931709 0.5198912655726837
0.8798076057462494 0.5192304229849982
0.879608718431525 0.5184348737261
0.8793517098525656 0.517406839410262
0.8799939175245991 0.519975670098397
0.8798733384977742 0.519493353991097
0.8799104065425207 0.5196416261700837
0.8889825426334853 0.5559301705339428
0.8792247083816005 0.5168988335264019
0.8787190172370579 0.514876068948232
0.8778770197761971 0.5115080791047883
0.8793826252693662 0.5175305010774645
0.87876818375264 0.51507273501056
0.8786684694935505 0.5146738779742026
0.8783552136309737 0.5134208545238951
0.8796018962075733 0.5184075848302925
0.8791580967486468 0.5166323869945858
0.8790412164036507 0.5161648656146028
0.8785245618431204 0.5140982473724818
0.8793605270266585 0.5174421081066335
0.8794938985876609 0.5179755943506441
0.8793082954940398 0.5172331819761592
0.8790846795693535 0.5163387182774146
0.8791587396162543 0.5166349584650175
0.8794641952553998 0.5178567810215989
0.8795229976277621 0.5180919905110483
0.879161113092307 0.5166444523692293
0.8792283669990612 0.5169134679962447
0.8793609385493767 0.5174437541975064
0.8797537064053398 0.5190148256213593
0.8796025701454124 0.5184102805816496
0.8794041879219463 0.5176167516877851
0.8792362779762961 0.516945111905185
0.8796491064812548 0.5185964259250189
0.8795679849877033 0.5182719399508133
0.8794578889413518 0.5178315557654067
0.8794790318856489 0.5179161275425958
0.8797574448225204 0.5190297792900809
0.8798501872043062 0.5194007488172241
0.8795638946716658 0.5182555786866625
0.879678276474248 0.5187131058969909
0.8801394787622576 0.5205579150490316
0.884319130854357 0.5372765234174269
0.8805490385268169 0.5221961541072673
0.8799480590501416 0.5197922362005662
0.8803639987854307 0.5214559951417224
0.8796138520453357 0.5184554081813427
0.8793348776069249 0.5173395104277002
0.8793834326086187 0.5175337304344744
0.879455416424624 0.5178216656984967
0.8792228837822045 0.516891535128819
0.879060227153987 0.5162409086159486
0.8793256523675425 0.5173026094701704
0.8789949456128754 0.5159797824515011
0.879395980687469 0.5175839227498762
0.8797352898515581 0.5189411594062325
0.8795534042322946 0.5182136169291783
0.8795338042918105 0.5181352171672432
0.8807150321238645 0.5228601284954574
0.8802709945704007 0.5210839782816028
0.8798212101202162 0.5192848404808658
0.8797198883672825 0.5188795534691298
0.8798378281808203 0.5193513127232812
0.8798960846503623 0.519584338601449
0.8798178570989159 0.5192714283956642
0.8798638978290502 0.5194555913162009
0.8799726206827201 0.51989048273088
0.8799196244159839 0.519678497663936
0.8798711093460687 0.5194844373842754
0.8799516839817071 0.519806735926828
0.8797989909525178 0.5191959638100714
0.8798449693973219 0.5193798775892875
0.8799553951852286 0.5198215807409131
0.8799451889007321 0.5197807556029289
0.880643225449571 0.5225729017982829
0.8866416278914079 0.5465665115656314
0.881286978892152 0.5251479155686082
0.8789364293811062 0.5157457175244248
0.878834226306973 0.5153369052278924
0.879564939967465 0.51825975986986
0.8796240889791497 0.5184963559165984
0.8793415878593339 0.5173663514373354
0.8792407007517012 0.516962803006805
0.8790403243451267 0.516161297380505
0.87944739767303 0.5177895906921207
0.8791836855715577 0.5167347422862313
0.8793381202807299 0.5173524811229199
0.8793320772998803 0.5173283091995216
0.8797373372740064 0.5189493490960263
0.879560620352635 0.51824248141054
0.8793723779305819 0.5174895117223274
0.8798997276371651 0.5195989105486604
0.8797394231899112 0.5189576927596449
0.8798315467509324 0.51932618700373
0.8798205693904861 0.5192822775619451
0.8798337554989883 0.5193350219959523
0.8797445408924703 0.5189781635698816
0.8798476308590724 0.5193905234362893
0.8798042723789915 0.519217089515966
0.8797902222139251 0.5191608888557009
0.8798101610102439 0.5192406440409758
0.8799351818546098 0.5197407274184396
0.8798992383785028 0.5195969535140116
0.8798898337732823 0.51955933509313
0.8799496506258154 0.5197986025032615
0.8799151931762621 0.5196607727050487
0.8799657095663838 0.5198628382655355
0.8799392412300807 0.5197569649203225
0.8799311445807882 0.5197245783231517
0.8799505293947084 0.5198021175788345
0.8799313432940389 0.5197253731761554
0.8799772392432612 0.5199089569730443
0.8799929748083885 0.5199718992335549
0.8799778601228486 0.5199114404913938
0.8799777713137246 0.5199110852548972
0.8799787727526777 0.5199150910107102
0.8799694570704969 0.5198778282819875
0.8799763726131566 0.5199054904526261
0.8799818505156108 0.5199274020624429
0.8799887529564717 0.519955011825887
0.8799943962052384 0.5199775848209542
0.8799887960862139 0.5199551843448557
0.8799856540462652 0.5199426161850602
0.879994636819163 0.5199785472766518
0.8799956111464506 0.5199824445858023
0.8799945071152533 0.5199780284610127
0.8799918927969635 0.5199675711878545
0.8799905650207542 0.5199622600830165
0.8799891722236834 0.519956688894734
0.879991313300058 0.5199652532002318
0.8799915319331287 0.5199661277325148
0.8799973017508207 0.5199892070032829
0.8799957436213248 0.5199829744853005
0.88002894316197 0.5201157726478801
0.8815743091388012 0.5262972365552049
0.8799971657716297 0.5199886630865186
0.8799963637154916 0.5199854548619661
0.8799966330572743 0.519986532229097
0.8799962116168252 0.5199848464673005
0.8799956588117892 0.5199826352471573
0.8799957440252721 0.5199829761010899
0.8801199396939602 0.5204797587758404
0.8836399236140088 0.5345596944560345
0.8804340838223261 0.5217363352893049
0.8811133740049212 0.5244534960196845
0.8809149763900078 0.5236599055600305
0.8796759898174018 0.5187039592696076
0.8798838851969633 0.5195355407878535
0.8799139983728641 0.5196559934914567
0.8798123551814622 0.519249420725849
0.8796604964366022 0.5186419857464087
0.8796879481402108 0.5187517925608431
0.8795617180126176 0.5182468720504709
0.8799450009543272 0.5197800038173097
0.8799229862255438 0.5196919449021749
0.8798512763560419 0.5194051054241675
0.8799558700578836 0.519823480231535
0.8798875125465234 0.519550050186094
0.8798555114100053 0.5194220456400225
0.8805129770222792 0.5220519080891163
0.8863634052361091 0.5454536209444377
0.8922560164960694 0.5690240659842791
0.8883786150954038 0.5535144603816158
0.8834977314377147 0.5339909257508585
0.8812561115459359 0.5250244461837432
0.8800560492222307 0.5202241968889243
0.8792425966644557 0.5169703866578244
0.8788542488080769 0.515416995232308
0.8790314368521362 0.5161257474085449
0.879231390468155 0.5169255618726197
0.8794546805625271 0.5178187222501088
0.8790077495186577 0.5160309980746307
0.8791240153351814 0.5164960613407252