0.8025333859191539 0.21013354367661727
0.7821754927464498 0.12870197098579902
0.7883211936735782 0.15328477469431576
0.8305716363985377 0.32228654559415193
0.7924132319969993 0.16965292798800263
0.8029404167771582 0.21176166710863403
0.789718662761115 0.1588746510444603
0.8142674691419524 0.2570698765678094
0.8156593996355057 0.2626375985420236
0.8170671277322973 0.26826851092918946
0.8388236393838788 0.3552945575355153
0.8504164757954267 0.4016659031817069
0.8594053759106398 0.4376215036425611
0.8589796698022097 0.4359186792088396
0.8618072206226884 0.4472288824907544
0.8750252108139251 0.5001008432557036
0.8772899554845057 0.5091598219380206
0.8709891450990248 0.4839565803960984
0.8633613742354762 0.4534454969419054
0.8689180254177526 0.47567210167101215
0.8665604917456897 0.4662419669827596
0.8700051491660824 0.4800205966643298
0.8691417692284661 0.4765670769138643
0.8708995776134734 0.4835983104538923
0.868884289727925 0.475537158911699
0.8721966084483083 0.48878643379323367
0.8716366778838198 0.4865467115352795
0.8727715558652471 0.4910862234609889
0.8712871619409502 0.4851486477638008
0.8736043974138561 0.49441758965542304
0.8722947546188567 0.48917901847542666
0.8736995645415397 0.49479825816615985
0.8726483091353091 0.4905932365412376
0.8752467796141319 0.5009871184565275
0.8745754098470192 0.498301639388078
0.8744879935290397 0.49795197411615916
0.8744515928755757 0.4978063715023033
0.8771894970862999 0.5087579883452006
0.8743459782165093 0.4973839128660357
0.8812047444061326 0.5248189776245273
0.8747307014931621 0.498922805972648
0.8751473015926934 0.5005892063707735
0.8737818321917995 0.4951273287671984
0.8790941802837172 0.516376721134868
0.8745810040139408 0.49832401605576265
0.8761277452109401 0.5045109808437607
0.874257460861217 0.4970298434448682
0.8797511524130368 0.519004609652148
0.8754098969967845 0.5016395879871378
0.8758568713968106 0.5034274855872419
0.8776697177362106 0.5106788709448419
0.8816732893390351 0.5266931573561411
0.8764674406034555 0.5058697624138238
0.8785869150937812 0.5143476603751239
0.8780430232914499 0.5121720931657994
0.8820686206847097 0.5282744827388383
0.8770079825659045 0.5080319302636175
0.8772077645871679 0.5088310583486715
0.8772378147406203 0.5089512589624807
0.8792843209179502 0.5171372836718002
0.8770548366276232 0.5082193465104932
0.8771266741732137 0.5085066966928546
0.8781285735237158 0.5125142940948636
0.8791267114976625 0.5165068459906494
0.8775430199658006 0.5101720798632022
0.8802507694854039 0.5210030779416164
0.8826263018850729 0.5305052075402937
0.8790422350103115 0.5161689400412466
0.8796722511117224 0.5186890044468919
0.9021310649092973 0.608524259637192
0.89942122458868 0.597684898354719
0.8783970595087655 0.5135882380350609
0.8783523456599696 0.5134093826398781
0.8865085923062742 0.5460343692250968
0.8806616233014809 0.5226464932059237
0.8761196063578222 0.5044784254312885
0.8773854312479166 0.5095417249916667
0.8839142784131322 0.5356571136525295
0.8820099697654155 0.5280398790616626
0.8824208213724577 0.5296832854898308
0.8795454847495353 0.5181819389981412
0.8845758257862417 0.5383033031449669
0.883230315159034 0.532921260636137
0.887204804677607 0.5488192187104273
0.8817791377660675 0.5271165510642707
0.8810565784035999 0.5242263136143968
0.8799330393597151 0.5197321574388607
0.876158091221726 0.5046323648869044
0.87708844870207 0.5083537948082807
0.8771715575097834 0.5086862300391342
0.8778764085374804 0.511505634149922
0.8835995464146873 0.5343981856587489
0.8799355190286862 0.5197420761147447
0.8774812948339527 0.5099251793358094
0.8780870608785841 0.5123482435143358
0.8774792603757559 0.5099170415030231
0.8767025898414029 0.5068103593656129
0.8859117593809664 0.5436470375238632
0.8795854738342587 0.518341895337031
0.8799325511947949 0.5197302047791799
0.8783952926458697 0.5135811705834803
0.8801269829027926 0.520507931611171
0.8794998059922081 0.5179992239688324
0.8769949626841803 0.5079798507367221
0.8767872071728218 0.5071488286912877
0.8796289196988267 0.518515678795307
0.8816245017586293 0.5264980070345171
0.8794035721938396 0.5176142887753596
0.8783651985427625 0.5134607941710498
0.8776283771248389 0.5105135084993545
0.8785822040125967 0.5143288160503875
0.8768394308154366 0.5073577232617472
0.8774475485438643 0.5097901941754596
0.8768084524756057 0.5072338099024237
0.8926393466177668 0.5705573864710667
0.8862348231624874 0.5449392926499507
0.878921766687789 0.5156870667511566
0.8784848874879608 0.5139395499518415
0.893491266805591 0.5739650672223635
0.886831130495705 0.5473245219828213
0.8795651838058286 0.5182607352233163
0.8781043584746812 0.5124174338987237
0.8852127402206347 0.5408509608825377
0.8805760699599567 0.5223042798398272
0.8757865797611604 0.5031463190446405
0.8799029107915156 0.5196116431660635
0.8897371542826698 0.5589486171306798
0.8811341367636715 0.5245365470546856
0.8764879021421119 0.5059516085684487
0.8784164233077486 0.5136656932309923
0.8854319470226177 0.5417277880904708
0.8804123478925053 0.5216493915700243
0.8779595046668618 0.5118380186674467
0.8782119930786123 0.5128479723144485
0.8778225519753162 0.5112902079012638
0.8780416328598534 0.5121665314394153
0.8787143059008733 0.5148572236034922
0.8806365222800343 0.5225460891201366
0.8779392942949485 0.5117571771797952
0.8767779030669903 0.5071116122679603
0.8773593021175767 0.5094372084703069
0.8788133247806995 0.5152532991227985
0.8784236338131959 0.5136945352527832
0.8752455302662951 0.50098212106518
0.8777319130959733 0.5109276523838922
0.8788206443202775 0.5152825772811098
0.877539709782747 0.5101588391309887
0.875754780044268 0.5030191201770724
0.8782986109148228 0.5131944436592923
0.879068323545029 0.5162732941801168
0.8779601356477209 0.5118405425908837
0.8762938064856978 0.5051752259427913
0.8790229359932954 0.5160917439731818
0.8783558350246473 0.5134233400985886
0.878137716366096 0.5125508654643853
0.8774408178540404 0.5097632714161607
0.8779821371850847 0.51192854874034
0.8786165252172647 0.5144661008690578
0.8809008536815343 0.5236034147261388
0.8765952052287268 0.5063808209149088
0.8766995421421369 0.5067981685685469
0.8766943653854282 0.5067774615417127
0.8767041831795869 0.506816732718348
0.8768836314999625 0.5075345259998503
0.877746645414386 0.5109865816575442
0.8772136443019751 0.5088545772079012
0.8768360959500794 0.507344383800317
0.8776481013365237 0.5105924053460945
0.8772813299200726 0.5091253196802898
0.8773107356903604 0.5092429427614411
0.8858102762377196 0.543241104950877
0.8821503763211487 0.5286015052845953
0.8775421121970736 0.5101684487882948
0.8750202870534528 0.5000811482138113
0.8794506733263083 0.5178026933052332
0.8773989680556743 0.5095958722226963
0.8761250561550356 0.5045002246201434
0.8751135817499793 0.5004543269999171
0.8789140388616237 0.5156561554464951
0.8774936131036801 0.5099744524147208
0.8759715062872825 0.5038860251491301
0.87545245583696 0.5018098233478395
0.8792295784363633 0.5169183137454527
0.8780064207107593 0.5120256828430377
0.8764463363291055 0.5057853453164216
0.8761871458771223 0.5047485835084897
0.8794688417717087 0.5178753670868346
0.8785279257211627 0.5141117028846509
0.8770749835652477 0.5082999342609911
0.8763609108022611 0.5054436432090442
0.8797381004703253 0.5189524018813007
0.8788961424441326 0.5155845697765301
0.8781531676907233 0.5126126707628936
0.8771900202810612 0.5087600811242445
0.8779861327467114 0.5119445309868452
0.8793303492570769 0.5173213970283085
0.8785786884168503 0.5143147536674008
0.8780888623433006 0.5123554493732027
0.8797929976873078 0.5191719907492305
0.8795739719933579 0.5182958879734314
0.879130845390174 0.5165233815606949
0.8787331651385046 0.5149326605540199
0.8791298293168262 0.516519317267306
0.8791049794151364 0.5164199176605446
0.8795395538886737 0.5181582155546935
0.8792333973480733 0.5169335893922935
0.888564740756395 0.554258963025581
0.886162098705084 0.5446483948203347
0.8789110022803314 0.5156440091213264
0.8775280952711918 0.5101123810847676
0.8778995782144507 0.511598312857803
0.8780987924621177 0.5123951698484714
0.8776316452204312 0.5105265808817263
0.8770602639760461 0.5082410559041826
0.8856112270724474 0.5424449082897901
0.8770115416543451 0.5080461666173808
0.880661792217061 0.5226471688682457
0.8787480319913563 0.5149921279654268
0.880341825464767 0.5213673018590687
0.8859587681570352 0.5438350726281406
0.8859795259050194 0.5439181036200799
0.889444146108387 0.5577765844335459
0.885258081680109 0.5410323267204359
0.8845788514127946 0.5383154056511775
0.8802818464792551 0.5211273859170222
0.8844096279754287 0.537638511901715
0.8812050431306081 0.5248201725224325
0.8809771438224167 0.5239085752896666
0.8792572252906886 0.517028901162755
0.8861106351196839 0.5444425404787355
0.8889586814652246 0.5558347258608983
0.892636142518797 0.5705445700751887
0.887840868038349 0.5513634721533978
0.8835632921404227 0.5342531685616918
0.8831865770751286 0.5327463083005145
0.8815353011514446 0.5261412046057783
0.8822119347112075 0.5288477388448306
0.8813939216051806 0.525575686420722
0.878693737849476 0.5147749513979031
0.880172232033859 0.5206889281354361
0.8799722671848288 0.5198890687393152
0.8789821341954167 0.515928536781668
0.8789223406504096 0.5156893626016392
0.8795360378968204 0.5181441515872828
0.8791683652146121 0.516673460858448
0.8792201293671178 0.5168805174684732
0.8789808557520257 0.5159234230081039
0.8793687134364409 0.5174748537457637
0.8792213517114408 0.5168854068457636
0.8791595353864424 0.5166381415457696
0.8789739446134504 0.5158957784538017
0.8787072587828128 0.5148290351312511
0.8793508716509318 0.5174034866037266
0.8790817478469858 0.5163269913879434
0.8788748707582416 0.515499483032967
0.8872162870796184 0.548865148318473
0.8833274679970685 0.5333098719882746
0.8803543004379643 0.5214172017518566
0.8805372709495802 0.5221490837983221
0.8835109911218706 0.5340439644874837
0.8837018863764144 0.5348075455056583
0.8824728445276661 0.5298913781106636
0.8807205255597779 0.5228821022391101
0.8815211023238321 0.5260844092953261
0.8802122433414958 0.5208489733659827
0.8795995324510519 0.5183981298042079
0.8783956415219925 0.5135825660879714
0.8800211739277641 0.5200846957110568
0.878468303740608 0.5138732149624318
0.8785072641762293 0.5140290567049166
0.8786207204932417 0.5144828819729664
0.8791862292031972 0.5167449168127893
0.8793620500055597 0.5174482000222388
0.8790166811591286 0.5160667246365149
0.8804361146128078 0.5217444584512306
0.8891926796141 0.5567707184563997
0.8902831471698363 0.561132588679345
0.8946866218040096 0.5787464872160403
0.8875828850905119 0.5503315403620463
0.8851267734675738 0.5405070938702969
0.8785010414136977 0.5140041656547905
0.8775277746893438 0.5101110987573759
0.8785957686844367 0.5143830747377467
0.8786678234169485 0.5146712936677941
0.878051708825109 0.5122068353004359
0.8783042844646866 0.5132171378587478
0.8787990068146301 0.5151960272585193
0.8790183224779129 0.5160732899116524
0.8784975122344334 0.5139900489377339
0.8784698420164012 0.5138793680656051
0.8791827046091062 0.5167308184364248
0.8783862930131484 0.5135451720525935
0.8789670205623481 0.5158680822493928
0.8783218971618014 0.5132875886472058
0.878728807847891 0.5149152313915646
0.8787631799940867 0.5150527199763464
0.8795337273851209 0.5181349095404838
0.8792070408719924 0.5168281634879692
0.8792736885524256 0.5170947542097023
0.8797554903416726 0.5190219613666911
0.8796767394169267 0.5187069576677062
0.8795087896684646 0.5180351586738593
0.8792904994244743 0.5171619976978964
0.8796974269787629 0.5187897079150509
0.8798408333539288 0.5193633334157159
0.8796805700818847 0.5187222803275394
0.8796882499135827 0.51875299965433
0.8796194633960631 0.5184778535842525
0.8847764359961049 0.5391057439844195
0.8804120455935295 0.5216481823741187
0.8789477315131741 0.5157909260526964
0.8784677491922733 0.5138709967690928
0.879393130467152 0.5175725218686069
0.8794888908597217 0.5179555634388863
0.8790813477080242 0.5163253908320964
0.8791649701968558 0.516659880787424
0.8795644834195048 0.5182579336780195
0.8794678637010569 0.5178714548042274
0.8791564414777153 0.5166257659108606
0.8790625171192261 0.5162500684769037
0.8797769872705136 0.5191079490820536
0.879583475083317 0.5183339003332675
0.8793241233097693 0.5172964932390767
0.8790263594483437 0.5161054377933741
0.8799762415025215 0.5199049660100884
0.8837523338715372 0.5350093354861499
0.8800137939331857 0.5200551757327421
0.8779334089921272 0.5117336359685086
0.8777648447235616 0.5110593788942448
0.8771578987248057 0.5086315948992217
0.8829770004470191 0.5319080017880766
0.8784873680427796 0.5139494721711177
0.8771361878624953 0.5085447514499807
0.8780788759264715 0.5123155037058872
0.8789130717279124 0.5156522869116491
0.8781195045559269 0.5124780182237074
0.8791224309697628 0.516489723879051
0.8788318686419196 0.515327474567677
0.8793847856365075 0.51753914254603
0.878918245737326 0.5156729829493036
0.8782673961838925 0.5130695847355694
0.8784463188720205 0.5137852754880806
0.8796815429150807 0.5187261716603231
0.8793590755132706 0.5174363020530824
0.8788931314532956 0.515572525813183
0.8794997941101 0.5179991764403993
0.8790928734467356 0.5163714937869418
0.8791013328725892 0.5164053314903576
0.8793550979696722 0.5174203918786884
0.8790845062904303 0.5163380251617213
0.879427165000214 0.5177086600008564
0.8791097024128232 0.5164388096512922
0.8792851892403349 0.5171407569613385
0.8803924405222004 0.5215697620888019
0.8796390191121827 0.5185560764487298
0.8801073424642332 0.5204293698569319
0.8802858734399173 0.5211434937596688
0.879944031018206 0.5197761240728237
0.8800919636917128 0.5203678547668512
0.8801027524664867 0.5204110098659477
0.8803698254469716 0.5214793017878875
0.8792031435035319 0.5168125740141297
0.8828168356276563 0.5312673425106239
0.8801787180769719 0.5207148723078879
0.8800341324174161 0.5201365296696645
0.879570033813279 0.5182801352531164
0.8793390356215248 0.517356142486099
0.8796429272033279 0.5185717088133095
0.8791606577794969 0.5166426311179886
0.8785153372156346 0.5140613488625391
0.8795450836781822 0.5181803347127282
0.8797121468481502 0.518848587392602
0.8786383297986905 0.514553319194762
0.8789139221487815 0.5156556885951267
0.8797983040163195 0.5191932160652795
0.879467369639776 0.5178694785591036
0.8793321734265359 0.5173286937061438
0.8789781160495568 0.5159124641982267
0.879879615863308 0.5195184634532316
0.8796149605211434 0.5184598420845731
0.8793226796232423 0.5172907184929698
0.8792008670352358 0.5168034681409432
0.8791812867980776 0.5167251471923107
0.8798157340366438 0.5192629361465746
0.8853097000438191 0.5412388001752763
0.8799256563231439 0.5197026252925755
0.8791512784273298 0.5166051137093184
0.8785750386366646 0.5143001545466589
0.8795648471308252 0.5182593885233011
0.8794137955578794 0.517655182231518
0.882450298767278 0.5298011950691134
0.8798501211181123 0.5194004844724485
0.8803936253208272 0.521574501283308
0.8789968049186014 0.5159872196744043
0.8796776598324033 0.5187106393296128
0.8789018317028067 0.5156073268112267
0.8831169934308081 0.5324679737232325
0.8792384388954573 0.5169537555818298
0.8794614395649056 0.5178457582596229
0.8785124563062469 0.514049825224988
0.8803164740829481 0.5212658963317928
0.8796117658547424 0.5184470634189694
0.8798414627540978 0.5193658510163909
0.8786353523265596 0.5145414093062388
0.8780472829714338 0.5121891318857351
0.8788914709490386 0.5155658837961549
0.8787253886419198 0.5149015545676793
0.878949050063983 0.5157962002559332
0.8793479845685716 0.5173919382742871
0.8797380466271205 0.518952186508482
0.8792555306967763 0.5170221227871058
0.879201354988418 0.5168054199536722
0.8793043218490577 0.5172172873962314
0.8791771355323251 0.5167085421293006
0.8797433074259456 0.5189732297037823
0.8794797369657164 0.5179189478628661
0.879647403876444 0.5185896155057758
0.879581608026736 0.5183264321069444
0.879383045458174 0.5175321818326956
0.8797276073124826 0.5189104292499304
0.8796428088871528 0.5185712355486114
0.8795541440922284 0.5182165763689136
0.8798280600819166 0.5193122403276672
0.8797919518131505 0.5191678072526019
0.8797563948299083 0.5190255793196338
0.8797032418704341 0.518812967481737
0.8796279495640583 0.5185117982562334
0.8797572894271893 0.5190291577087582
0.8798467661124938 0.5193870644499768
0.8806955027442305 0.5227820109769215
0.8948456761321022 0.5793827045284089
0.887339496793184 0.5493579871727359
0.8802747079504261 0.5210988318017039
0.8771595821735759 0.5086383286943045
0.8791177866170793 0.5164711464683179
0.8781239342520899 0.5124957370083597
0.8786577937037733 0.5146311748150927
0.8775567335034018 0.510226934013607
0.8786887686545086 0.5147550746180354
0.8784280657510909 0.513712263004362
0.8790615577917604 0.5162462311670414
0.8781403342345814 0.5125613369383256
0.8792487293234948 0.5169949172939794
0.8790888346568874 0.5163553386275496
0.8789249332766106 0.5156997331064421
0.8801794046172532 0.5207176184690128
0.8793237762823588 0.5172951051294356
0.8803762228165172 0.5215048912660698
0.8800420330757549 0.52016813230302
0.8782325914475149 0.5129303657900594
0.8785760815975568 0.5143043263902269
0.8796686787278878 0.5186747149115519
0.879162870268932 0.5166514810757272
0.878748116126799 0.5149924645071954
0.878590175251271 0.514360701005084
0.8791610477082963 0.5166441908331854
0.8788410977213563 0.515364390885425
0.879341162343113 0.5173646493724522
0.8794462012157851 0.5177848048631399
0.8796129907249436 0.5184519628997739
0.8795550002372653 0.5182200009490611
0.879335403570342 0.5173416142813683
0.8793442328780388 0.5173769315121556
0.8798415191408999 0.5193660765635993
0.8796795171709845 0.5187180686839375
0.8798063165640879 0.5192252662563523
0.879755832970462 0.519023331881848
0.8796725061316337 0.5186900245265349
0.8795053588699041 0.518021435479616
0.879733254305008 0.5189330172200339
0.879666287983371 0.5186651519334844
0.8798794918861832 0.5195179675447312
0.8799371271185561 0.5197485084742248
0.8798996752155331 0.5195987008621323
0.8799170165745466 0.5196680662981861
0.8799387191928076 0.5197548767712309
0.8798974906485532 0.5195899625942126
0.8798772320235608 0.5195089280942415
0.8798282443627825 0.51931297745113
0.8798040902904742 0.5192163611618971
0.8797901539070233 0.5191606156280928
0.8797732199931549 0.5190928799726199
0.8799172070076547 0.5196688280306193
0.8799527552232486 0.5198110208929942
0.8799407393840089 0.5197629575360356
0.8799836185072966 0.5199344740291859
0.8799678736937991 0.5198714947751971
0.8799524685318743 0.519809874127496
0.8799691486130817 0.5198765944523281
0.8861518614571311 0.544607445828523
0.8802531195966232 0.5210124783864921
0.8868256065430346 0.547302426172138
0.8810724746561546 0.5242898986246183
0.8795624905864458 0.5182499623457834
0.8801100346241878 0.5204401384967515
0.8801160999332973 0.5204643997331885
0.879059988570194 0.5162399542807756
0.8793498586562868 0.5173994346251455
0.8805494290471926 0.5221977161887691
0.8803322253474528 0.5213289013898116
0.8994094889240288 0.5976379556961159
0.8854985210107386 0.5419940840429534
0.8797270736799492 0.5189082947197955
0.8769651899181383 0.5078607596725533
0.8785068060076539 0.5140272240306156
0.8789059071367115 0.515623628546846
0.8798222173716068 0.5192888694864282
0.877564908580137 0.5102596343205476
0.8791374071426962 0.5165496285707851
0.8786310573843364 0.5145242295373458
0.8785367802329414 0.5141471209317647
0.8782164971681246 0.5128659886724984
0.8794853344478328 0.5179413377913314
0.8791414889170011 0.5165659556680045
0.8787754111914893 0.5151016447659575
0.8787538216721335 0.5150152866885347
0.8791566124397262 0.5166264497589066
0.8860397276155223 0.5441589104620888
0.8810178455482567 0.524071382193027
0.8797743900576134 0.5190975602304537
0.879104391487755 0.5164175659510198
0.879129260431198 0.5165170417247917
0.879008060004228 0.5160322400169124
0.8794745734656177 0.5178982938624714
0.8823328885811854 0.5293315543247424
0.8803331756100167 0.5213327024400664
0.8796779738241917 0.5187118952967664
0.8796077840540364 0.5184311362161461
0.8794221903356765 0.517688761342705
0.879443259977807 0.5177730399112282
0.8887972789156453 0.5551891156625812
0.8795865786521547 0.5183463146086185
0.8824907753182972 0.5299631012731891
0.8818257248813575 0.5273028995254301
0.8799657361279887 0.5198629445119548
0.8775910876938862 0.5103643507755443
0.8793483825304369 0.5173935301217478
0.8790657864486348 0.5162631457945392
0.8782687124692964 0.513074849877185
0.8782916792090587 0.5131667168362347
0.8793701852699077 0.5174807410796305
0.8791623687180841 0.5166494748723358
0.8785555803994014 0.5142223215976041
0.8798686915982015 0.5194747663928059
0.8797189586353817 0.5188758345415273
0.87875808849723 0.51503235398892
0.879173892041201 0.5166955681648047
0.8792910912810741 0.5171643651242976
0.8796485473418055 0.5185941893672221
0.8802466827337722 0.5209867309350898
0.8866529251309292 0.5466117005237169
0.8799953431328196 0.5199813725312785
0.8785354686191704 0.5141418744766818
0.8790365511809606 0.5161462047238426
0.8787360949667284 0.5149443798669151
0.8791042374225952 0.5164169496903821
0.8877262584415107 0.5509050337660447
0.8831593364504262 0.5326373458017045
0.8819268600080438 0.5277074400321761
0.8785537166727332 0.5142148666909324
0.8804022420817497 0.5216089683269984
0.8789877561721368 0.5159510246885471
0.8771931847089216 0.5087727388356869
0.8781454713749691 0.5125818854998763
0.8787382595962983 0.5149530383851926
0.8783272329467574 0.5133089317870293
0.8778960045436291 0.5115840181745162
0.8785842004865078 0.5143368019460306
0.8792295884549003 0.5169183538196008
0.8789668735329162 0.5158674941316643
0.8786253792663333 0.5145015170653333
0.8782057403859124 0.5128229615436495
0.8792678009884856 0.5170712039539426
0.8792510428711319 0.5170041714845267
0.8792328030480718 0.5169312121922864
0.8792644437599826 0.5170577750399307
0.8793072895831878 0.5172291583327512
0.8794877796835562 0.5179511187342246
0.8793334417700389 0.5173337670801553
0.8791589105836026 0.5166356423344106
0.8794580538982311 0.517832215592924
0.8792985416673338 0.5171941666693344
0.8794658706649604 0.5178634826598413
0.8797807155472035 0.5191228621888138
0.879612102641958 0.5184484105678318
0.8796699050064027 0.5186796200256125
0.8798294266384687 0.5193177065538748
0.8798039544781363 0.5192158179125446
0.8838335580940339 0.5353342323761356
0.8806120476269512 0.5224481905078053
0.8797714083692958 0.519085633477181
0.8798655886123179 0.5194623544492714
0.8797916555436732 0.5191666221746928
0.8797882645053331 0.5191530580213317
0.8798808542095287 0.5195234168381133
0.8798696992638374 0.5194787970553487
0.8804052959877938 0.5216211839511755
0.8799658644900952 0.5198634579603801
0.8804672635623422 0.5218690542493689
0.8792798431107793 0.517119372443117
0.8794309501878476 0.5177238007513907
0.8791044671248407 0.5164178684993632
0.8794549483655216 0.5178197934620864
0.8793998593258653 0.5175994373034605
0.8793632593726579 0.5174530374906317
0.8793814127866219 0.5175256511464873
0.8792475078214831 0.5169900312859319
0.8795161921418182 0.5180647685672729
0.8797784219342603 0.5191136877370405
0.8795623688207121 0.5182494752828481
0.8793567430281435 0.5174269721125736
0.8797329796918822 0.5189319187675289
0.8795746409313863 0.5182985637255444
0.8798124357293838 0.5192497429175355
0.8798828802044015 0.5195315208176056
0.8797709674304229 0.5190838697216917
0.879757614595606 0.519030458382424
0.8798515417162492 0.5194061668649969
0.879947238062978 0.5197889522519121
0.8799283381035947 0.5197133524143787
0.87992189480916 0.5196875792366406
0.8798828026551442 0.5195312106205766
0.8798130073112254 0.5192520292449017
0.8797538245435591 0.5190152981742361
0.8796723127715648 0.5186892510862582
0.8799674094223304 0.5198696376893218
0.8799208085087764 0.5196832340351072
0.8798954074325757 0.5195816297303019
0.8799222867056742 0.5196891468226983
0.8799307872414411 0.5197231489657649
0.8798973328995118 0.5195893315980477
0.879873260829874 0.5194930433194963
0.8798489370529176 0.5193957482116697
0.8798254291362837 0.5193017165451349
0.8799756992864147 0.5199027971456581
0.8799947966922551 0.5199791867690198
0.8799895667728127 0.5199582670912506
0.8799809524662789 0.5199238098651154
0.8799866562352864 0.5199466249411446
0.8799770301551226 0.5199081206204919
0.8816595973463599 0.5266383893854382
0.8949007304805123 0.5796029219220487
0.8879165798066159 0.5516663192264629
0.8812814318912393 0.5251257275649578
0.8773377949810061 0.5093511799240246
0.8801019296954463 0.5204077187817849
0.8815287749270868 0.5261150997083468
0.8829544327561798 0.5318177310247197
0.8817046352314083 0.5268185409256328
0.8838594160984568 0.5354376643938268
0.8805174801000974 0.5220699204003905
0.8791550256607191 0.5166201026428778
0.8803717156467831 0.5214868625871318
0.8795792270126647 0.5183169080506587
0.8781212019607442 0.5124848078429762
0.8804154929852861 0.5216619719411445
0.8793940797830102 0.5175763191320414
0.8786859540556199 0.5147438162224796
0.8789552651361674 0.51582106054467
0.8790016045523983 0.5160064182095929
0.8791047153800435 0.5164188615201745
0.8786156838777103 0.5144627355108418
0.8794576899778673 0.5178307599114693
0.8796078324694118 0.5184313298776471
0.8794874892676464 0.517949957070585
0.8794675533071148 0.5178702132284575
0.8791370946517527 0.5165483786070117
0.8793735344465641 0.5174941377862566
0.8790676007592443 0.5162704030369771
0.8792217282774826 0.5168869131099298
0.8795607867582607 0.5182431470330428
0.8796661124581645 0.5186644498326578
0.8797038533533503 0.5188154134134014
0.8795913209642383 0.5183652838569528
0.8797463095403326 0.5189852381613301
0.879644040639708 0.5185761625588322
0.8795773095978922 0.5183092383915686
0.8797458366232311 0.5189833464929249
0.8796782111939294 0.5187128447757176
0.8796952658727936 0.5187810634911755
0.8799022124346416 0.5196088497385664
0.8803683208285039 0.5214732833140149
0.8797994153094147 0.5191976612376595
0.8799633932412878 0.5198535729651517
0.8799372922180576 0.5197491688722308
0.8799115901988855 0.5196463607955428
0.8799043650774712 0.5196174603098851
0.8798897180304973 0.5195588721219897
0.8798621093305211 0.5194484373220846
0.8798874488388083 0.519549795355233
0.8798969565418111 0.519587826167244
0.8799684726594217 0.5198738906376869
0.8799946061217551 0.5199784244870201
0.8811770871920808 0.5247083487683246
0.8880598361808244 0.552239344723297
0.8939562328903233 0.5758249315612932
0.890403340269795 0.5616133610791798
0.8844719837602717 0.5378879350410869
0.8796759596679905 0.5187038386719613
0.8805249139107635 0.5220996556430539
0.8821195042694643 0.5284780170778572
0.8817737261426752 0.5270949045707013
0.8804584397373714 0.521833758949486
0.8845505272284483 0.5382021089137928
0.8799919342731317 0.5199677370925282
0.8774985051342196 0.5099940205368787
0.8774509830554521 0.509803932221809
0.8793193872464197 0.5172775489856791
0.8788024118487461 0.5152096473949839
0.8785552410831231 0.514220964332493
0.8779739348483824 0.5118957393935288
0.8790415787834744 0.5161663151338984
0.8794705889383966 0.5178823557535861
0.8788621799370318 0.5154487197481263
0.8788138857916643 0.5152555431666571
0.8790028036263183 0.5160112145052738
0.8787976492471951 0.5151905969887799
0.8796309762460087 0.5185239049840351
0.8793942193983765 0.517576877593506
0.8795857898563575 0.5183431594254299
0.8796532628342062 0.5186130513368249
0.8796426879389475 0.5185707517557907
0.879530244934648 0.5181209797385925
0.879711377630514 0.5188455105220561
0.8795703910315217 0.518281564126087
0.8795801504160962 0.5183206016643847
0.8797970787048537 0.5191883148194149
0.8798560419385925 0.5194241677543701
0.8797732226388689 0.519092890555476
0.8796940580902608 0.5187762323610431
0.8796385497827762 0.5185541991311045
0.8797060404894833 0.5188241619579337
0.8797495350097715 0.5189981400390867
0.8796906944104346 0.5187627776417384
0.8796668502992426 0.518667401196971
0.8796405635445207 0.5185622541780827
0.8798793428337689 0.5195173713350755
0.8798536153336184 0.5194144613344731
0.8798516493434068 0.5194065973736274
0.8798100203927918 0.5192400815711664
0.8798670132330682 0.5194680529322718
0.8799686529652497 0.5198746118609973
0.8799101793262998 0.5196407173051988
0.8798795795475168 0.5195183181900674
0.8799592151465876 0.5198368605863506
0.8799856384962123 0.519942553984849
0.879977511120044 0.5199100444801761
0.8799760696415946 0.5199042785663786
0.8799676718304006 0.5198706873216038
0.8799569454486879 0.5198277817947509
0.8799616947087542 0.5198467788350163
0.8799754426934154 0.5199017707736634
0.8799767263715972 0.5199069054863886
0.8799880237941418 0.5199520951765668
0.879981808513984 0.5199272340559361
0.8799763437171836 0.5199053748687349
0.8799733662218873 0.5198934648875485
0.8799747359030056 0.5198989436120222
0.8799893997175873 0.5199575988703495
0.8799857789263192 0.5199431157052774
0.8799850982483339 0.5199403929933355
0.8799908842401183 0.5199635369604733
0.8799895980843176 0.5199583923372704
0.8799922476851207 0.5199689907404824
0.8800137281339847 0.52005491253594
0.8817920616862409 0.527168246744963
0.8807250307423561 0.5229001229694245
0.8799935112075068 0.5199740448300275
0.8799932487995175 0.5199729951980703
0.8799928429624988 0.5199713718499956
0.8799919114976246 0.5199676459904985
0.8799937118465919 0.5199748473863679
0.8799964530491363 0.5199858121965452
0.8799955960432237 0.5199823841728962
0.880004532421394 0.5200181296855767
0.8825514935823813 0.5302059743295251
0.8892077248623345 0.5568308994493375
0.8852406681933173 0.5409626727732695
0.8811369328070099 0.5245477312280399
0.8797079702653273 0.5188318810613094
0.8792139893476729 0.5168559573906919
0.8785809619722522 0.5143238478890093
0.8795846987566698 0.5183387950266793
0.8794764431370445 0.5179057725481787
0.8791687948335039 0.5166751793340155
0.8794689246315635 0.5178756985262546
0.8793589246186295 0.5174356984745179
0.8795371126781254 0.5181484507125009
0.8793586342434646 0.5174345369738587
0.8791391273713013 0.5165565094852054
0.8791519979630356 0.5166079918521423
0.8789357427279693 0.5157429709118775
0.8795248605779135 0.5180994423116538
0.8798670846412281 0.5194683385649119
0.8799155704908174 0.5196622819632697
0.8797579468346871 0.5190317873387484
0.8796741838091228 0.5186967352364908
0.8799394390344947 0.5197577561379787
0.8798966070071664 0.5195864280286675
0.879880471515789 0.5195218860631565
0.8799370457175784 0.5197481828703129
0.8854752391538195 0.5419009566152796
0.8816766264798912 0.5267065059195655
0.8796154636175908 0.518461854470362
0.8799358893355973 0.5197435573423892
0.8802158675539937 0.5208634702159753
0.8833991667096267 0.5335966668385064
0.8806834644004476 0.5227338576017909
0.8784184690057718 0.5136738760230882
0.8780386300120459 0.5121545200481823
0.8830593396539043 0.5322373586156166
0.8810964679303656 0.5243858717214627
0.8814145581781487 0.5256582327125947
0.8788444531611275 0.5153778126445103
0.8791155666165607 0.5164622664662434
0.8794476335481329 0.5177905341925316
0.8795296838822527 0.518118735529011
0.8791880554471938 0.516752221788775
0.8793637599936366 0.517455039974546
0.879743526947982 0.5189741077919287
0.8823199160717052 0.5292796642868214
0.8779149019979171 0.5116596079916684
0.8791408050323457 0.5165632201293827
0.878992494050301 0.5159699762012042
0.8787951079908001 0.5151804319632002
0.8785632851935552 0.5142531407742209
0.8792457798828214 0.5169831195312852
0.8794443048118272 0.5177772192473084
0.8794504746319305 0.5178018985277221
0.8790230172239505 0.5160920688958026
0.8785516747528936 0.5142066990115741
0.8796544106375446 0.5186176425501782
0.8794715589546261 0.5178862358185048
0.8794248236843117 0.5176992947372475
0.879361552433124 0.5174462097324958
0.8793299716499159 0.5173198865996637
0.8798082555230389 0.5192330220921558
0.8796585624287586 0.5186342497150355
0.8796180639806181 0.5184722559224724
0.8809645564497208 0.5238582257988829
0.8787926861257356 0.5151707445029419
0.8795389566285998 0.5181558265143988
0.8795915635929542 0.5183662543718168
0.879343378093082 0.5173735123723289
0.8789427299724831 0.5157709198899326
0.8795344519854857 0.5181378079419429
0.8796112126962775 0.5184448507851102
0.8793665294468416 0.5174661177873666
0.8795772456062555 0.5183089824250215
0.8797821618238513 0.5191286472954048
0.8797827645317474 0.5191310581269891
0.879769475904604 0.519077903618416
0.8796598008483117 0.518639203393247
0.8799440344983579 0.5197761379934309
0.8798441842612506 0.5193767370450036
0.8797513959474772 0.5190055837899074
0.8798334823564747 0.5193339294258995
0.8797318992852001 0.5189275971408006
0.8796703255361307 0.5186813021445231
0.8797160691883644 0.518864276753458
0.8799063506706614 0.5196254026826455
0.8798609756325078 0.5194439025300308
0.8799020612607923 0.5196082450431692
0.8799793607627994 0.5199174430511969
0.8799643802111795 0.5198575208447181
0.8799302258281372 0.5197209033125482
0.8799208397816912 0.5196833591267642
0.8799042313285521 0.5196169253142081
0.8799425553227985 0.5197702212911934
0.8799359302192319 0.519743720876927
0.8799842488146226 0.5199369952584904
0.8799788887800669 0.5199155551202674
0.880330008253733 0.5213200330149312
0.8836684260737624 0.5346737042950491
0.8844650048285474 0.5378600193141917
0.8841695724753887 0.5366782899015571
0.890873379642139 0.5634935185685566
0.8807001802027741 0.522800720811096
0.8784341528897017 0.513736611558808
0.8781958399406394 0.5127833597625583
0.8792156903661019 0.5168627614644077
0.8790303941452483 0.5161215765809929
0.8791935734100147 0.5167742936400594
0.8787598842707607 0.5150395370830448
0.8791732922864556 0.5166931691458233
0.8793940652595866 0.5175762610383469
0.8793570760631694 0.5174283042526776
0.8791362970451577 0.5165451881806308
0.8794863426768202 0.5179453707072808
0.8791870518986161 0.516748207594465
0.8794471825131677 0.51778873005267
0.8793975362803362 0.5175901451213443
0.8792047855701739 0.5168191422806957
0.8798486769334847 0.5193947077339388
0.879743045248454 0.5189721809938168
0.8796583709211877 0.518633483684751
0.8795792648422375 0.5183170593689505
0.8794150162037275 0.51766006481491
0.8799190722841388 0.5196762891365551
0.8798191129542432 0.519276451816973
0.8798058570243689 0.5192234280974753
0.8797424169496852 0.5189696677987417
0.8798206504278041 0.5192826017112159
0.8798803505976764 0.5195214023907058
0.8798230565062665 0.5192922260250655
0.8798644192802517 0.5194576771210068
0.8798257389173757 0.519302955669502
0.8798031651790298 0.5192126607161193
0.8799029293946431 0.5196117175785723
0.8799174840203889 0.519669936081555
0.879960856137687 0.519843424550749
0.8799258375312049 0.519703350124819
0.8799331537018392 0.5197326148073569
0.8799448237160311 0.5197792948641249
0.879926748329231 0.5197069933169239
0.8799054539751878 0.5196218159007513
0.879890685050126 0.5195627402005044
0.8798798887838508 0.5195195551354036
0.8798658524659227 0.5194634098636913
0.879891878587813 0.519567514351253
0.8798884502323889 0.5195538009295556
0.8798850772828879 0.5195403091315517
0.8799454830952835 0.5197819323811342
0.8799343463498899 0.5197373853995598
0.8799273800192933 0.519709520077173
0.8799813281496184 0.5199253125984737
0.8799954830848814 0.5199819323395258
0.8799931651690018 0.5199726606760074
0.8799915246972364 0.5199660987889456
0.8799882924750538 0.5199531699002155
0.8799849734155459 0.519939893662184
0.8799851891116296 0.5199407564465186
0.8799815259248178 0.5199261036992708
0.8800090439331454 0.5200361757325822
0.8799893928481889 0.5199575713927556
0.8799973820682375 0.5199895282729503
0.8799976899373279 0.5199907597493117
0.879995741186693 0.5199829647467716
0.8799941281931623 0.5199765127726491
0.8799945534768796 0.519978213907519
0.8803555569946547 0.5214222279786206
0.8799956434444227 0.5199825737776913
0.8799942723450793 0.519977089380318
0.8799937723811685 0.5199750895246743
0.8799943122027775 0.51997724881111
0.8799934855081729 0.5199739420326932
0.8799981522679912 0.5199926090719643
0.8799978127388798 0.5199912509555188
0.8799971481449924 0.5199885925799699
0.8799980863772148 0.519992345508859
0.879998557826176 0.5199942313047037
0.8799989569428294 0.5199958277713178
0.8799989882239155 0.5199959528956617
0.8799991610171989 0.5199966440687953
0.8799990354634903 0.5199961418539608
0.8799987637997754 0.5199950551991012
0.8799990212802022 0.5199960851208109
0.8799991946120638 0.5199967784482566
0.880260758407988 0.521043033631952
0.8876839288233904 0.5507357152935604
0.8826932928974549 0.5307731715898192
0.8792747544241094 0.5170990176964376
0.8795452148557508 0.5181808594230028
0.8796275989232921 0.5185103956931689
0.8797394955943401 0.5189579823773605
0.8794893061393378 0.5179572245573509
0.8797258992072963 0.5189035968291852
0.8797969306631839 0.5191877226527357
0.8798516399867053 0.5194065599468215
0.879825737048906 0.519302948195624
0.8796529298099378 0.518611719239751
0.8794642272251945 0.5178569089007778
0.8799442390479725 0.5197769561918893
0.8798332417446201 0.51933296697848
0.8798869536309568 0.5195478145238277
0.8797969134926725 0.5191876539706898
0.8799720034940884 0.5198880139763535
0.8799394608153492 0.5197578432613974
0.8798737876262582 0.5194951505050321
0.8800536144245374 0.5202144576981498
0.8822196512129574 0.5288786048518294
0.8777469022754062 0.5109876091016242
0.8786279551563217 0.5145118206252871
0.8790328297765079 0.5161313191060314
0.8788851046171957 0.5155404184687827
0.8792708438472588 0.5170833753890346
0.879659308673749 0.5186372346949958
0.8793969942983001 0.5175879771932008
0.8793179329712457 0.5172717318849818
0.879035388530855 0.5161415541234193
0.8798287338236309 0.5193149352945239
0.8796500535982488 0.5186002143929944
0.8795107079246907 0.5180428316987625
0.8792635918024468 0.5170543672097874
0.8798215712464658 0.5192862849858629
0.8797960916733875 0.5191843666935502
0.8797612364844503 0.5190449459378008
0.8798167941136312 0.5192671764545246
0.8799009441914067 0.5196037767656265
0.8797812673737185 0.5191250694948732