0 0 10 19 31 43 54 64 74 83 93 105 0 0 1 2 2 3 4 4 4 4
0 1 10 23 37 47 53 59 66 75 84 92 1 3 4 4 6 6 8 8 8 9
0 2 11 17 27 40 49 55 63 67 74 79 2 2 2 2 3 3 4 4 4 4
0 3 13 24 29 34 43 56 60 71 79 93 0 0 0 0 0 0 0 0 0 0
0 4 6 14 18 26 32 42 53 64 77 87 1 1 1 1 1 5 5 7 7 7
0 5 9 17 28 37 44 55 61 71 76 85 1 3 4 6 6 6 7 7 9 9
0 6 9 19 24 29 40 48 60 71 78 86 0 0 0 1 2 2 3 3 4 4
0 7 12 23 30 38 43 54 66 74 79 85 1 2 4 4 4 5 5 6 7 9
0 8 10 22 29 41 50 61 69 84 90 104 0 1 1 3 3 3 3 4 4 4
0 9 6 14 22 30 39 47 55 66 78 89 3 4 6 7 9 11 11 11 11 11
0 10 10 18 31 40 46 56 61 66 72 85 1 1 1 2 4 6 8 8 8 8
1 0 9 14 18 25 31 43 54 64 77 82 2 2 3 5 5 5 7 7 10 10
1 1 7 15 23 32 39 49 56 66 77 82 1 1 4 5 6 6 6 6 8 9
1 2 8 20 25 35 46 50 56 62 73 83 0 1 3 4 5 5 5 5 6 6
1 3 7 12 19 30 42 53 63 76 80 90 1 1 2 3 5 5 6 7 8 9
1 4 4 14 21 28 40 51 59 69 84 92 3 3 4 5 5 6 6 7 8 8
1 5 6 16 21 32 42 47 54 63 68 81 0 0 1 1 3 3 4 5 5 5
1 6 5 18 30 44 51 58 66 78 90 96 0 2 2 2 2 3 4 5 5 6
1 7 7 16 26 33 44 60 69 80 90 94 1 2 2 3 3 4 6 6 7 9
1 8 11 19 32 41 46 58 67 76 84 88 0 0 0 0 0 0 0 1 3 3
1 9 8 14 26 38 48 55 62 73 83 86 2 2 2 2 2 2 3 3 6 8
1 10 8 15 21 28 38 45 50 62 68 76 2 4 4 4 4 4 4 5 7 7
2 0 5 14 22 29 39 52 59 67 71 78 1 6 6 9 13 14 16 17 18 20
2 1 7 23 29 42 46 57 67 71 77 83 0 1 1 3 4 4 4 5 5 6
2 2 9 19 23 32 42 54 68 73 85 92 0 1 1 4 4 4 4 4 4 4
2 3 9 23 31 40 52 60 65 72 81 86 0 0 0 0 0 0 3 4 5 5
2 4 15 26 31 37 43 50 58 66 75 81 2 2 2 2 2 3 3 3 3 3
2 5 12 18 28 38 48 53 61 70 80 89 0 1 2 2 3 3 3 4 4 4
2 6 3 8 13 24 35 45 56 62 76 81 1 1 2 3 4 5 5 5 5 6
2 7 10 21 29 40 49 56 65 75 81 89 1 1 1 2 2 2 2 3 3 3
2 8 2 12 24 29 39 50 58 66 72 83 0 0 1 2 2 2 2 2 2 2
2 9 6 11 24 30 40 45 52 62 67 76 0 3 3 3 6 6 7 7 7 7
2 10 9 19 32 44 54 60 67 78 87 95 1 1 4 5 7 7 8 9 10 10
3 0 15 30 42 51 58 70 80 90 102 113 2 3 4 4 5 5 8 9 10 10
3 1 11 21 34 43 53 59 70 77 84 91 0 1 2 3 4 4 5 6 7 8
3 2 12 26 37 46 58 66 78 80 88 93 1 4 6 6 6 6 6 7 8 9
3 3 7 19 28 39 45 51 62 68 80 88 1 1 2 3 3 4 4 4 4 4
3 4 8 14 21 30 38 47 58 65 75 86 2 2 2 2 3 7 7 7 7 7
3 5 11 18 27 32 40 51 62 69 73 87 3 3 4 5 5 6 7 8 9 11
3 6 5 16 21 30 41 50 58 63 71 82 2 3 5 5 6 7 8 8 8 10
3 7 8 22 28 41 49 58 64 71 81 87 0 0 1 1 1 2 2 2 6 6
3 8 10 22 31 42 50 56 66 74 83 89 1 1 2 2 2 2 3 4 4 5
3 9 5 17 24 28 36 43 53 56 65 71 1 1 2 3 3 5 6 6 6 6
3 10 13 26 39 48 57 62 71 80 91 104 3 5 5 5 5 6 7 8 9 10
4 0 7 21 34 42 53 59 66 76 89 98 2 2 3 5 6 8 9 11 11 11
4 1 7 19 28 37 45 54 64 70 82 89 0 1 1 2 3 4 5 7 7 7
4 2 3 13 20 31 41 50 56 61 69 78 0 0 1 1 2 2 4 4 4 4
4 3 6 15 22 31 36 45 54 60 70 79 0 2 4 4 4 6 8 10 11 11
4 4 8 14 24 33 37 49 59 72 77 83 2 2 3 3 4 4 5 6 7 7
4 5 9 14 24 31 38 51 59 67 77 84 1 2 4 4 4 4 5 5 8 9
4 6 10 16 23 36 49 59 68 74 82 87 2 2 3 4 4 4 4 4 4 4
4 7 9 11 18 27 32 41 47 55 62 76 0 0 0 2 2 2 2 3 5 6
4 8 10 15 22 33 45 54 62 73 80 84 0 0 0 1 1 2 3 4 5 5
4 9 8 17 29 35 45 50 55 62 70 80 0 1 1 3 4 5 6 6 6 6
4 10 11 29 42 49 55 63 70 75 89 96 0 1 1 1 3 3 3 3 5 5
5 0 8 19 28 38 43 52 62 71 81 88 0 1 3 4 4 4 4 4 5 5
5 1 13 17 22 28 43 55 62 71 80 88 2 2 7 8 9 9 9 9 10 10
5 2 11 20 26 33 41 48 52 60 68 75 2 3 3 4 5 5 5 6 6 6
5 3 8 20 29 35 49 59 64 73 81 86 1 2 2 2 2 2 2 2 2 2
5 4 7 19 30 37 47 57 64 76 82 89 2 3 3 3 3 4 6 6 8 8
5 5 11 19 24 36 45 50 58 69 78 85 0 1 1 1 2 2 2 2 2 2
5 6 6 18 25 33 43 51 62 70 83 88 0 1 3 3 3 3 4 4 5 5
5 7 6 18 25 35 44 52 53 58 65 67 0 2 3 7 7 8 8 8 8 8
5 8 7 18 25 33 38 47 58 65 70 73 0 2 2 3 3 3 3 3 4 4
5 9 14 20 30 44 55 62 68 76 85 96 1 5 5 5 5 6 6 6 6 6
5 10 12 17 27 42 53 60 64 71 83 87 1 1 1 1 2 3 3 3 3 4
6 0 6 14 21 36 41 45 50 57 70 77 3 3 3 4 5 5 5 7 9 10
6 1 11 18 29 39 45 57 65 75 81 89 0 1 2 2 2 2 2 2 2 2
6 2 12 17 26 35 43 56 65 68 79 86 0 1 4 4 4 5 5 5 7 8
6 3 6 18 29 35 39 45 54 66 75 84 1 1 1 2 4 4 6 7 8 9
6 4 13 21 25 31 42 52 58 67 76 87 1 2 2 2 3 3 5 6 6 7
6 5 8 23 28 37 51 59 65 71 79 87 1 2 2 2 3 4 5 5 5 5
6 6 10 23 28 39 49 62 70 74 85 93 1 1 2 2 3 3 5 7 7 7
6 7 12 22 33 40 43 48 59 68 78 86 1 4 5 6 6 7 7 7 7 7
6 8 5 14 20 31 38 46 52 61 71 80 0 1 3 3 5 5 5 8 8 8
6 9 6 16 23 28 32 39 53 58 63 72 0 1 1 2 2 4 4 4 4 4
6 10 12 23 28 36 45 54 63 71 75 82 1 1 4 4 4 5 5 6 7 7
7 0 12 19 27 38 49 54 63 70 75 82 1 1 1 2 3 3 3 3 3 3
7 1 15 23 33 48 56 61 69 80 88 96 0 0 0 0 0 0 0 0 0 1
7 2 12 16 25 30 41 53 62 68 76 85 2 2 3 3 4 4 4 4 4 5
7 3 3 15 21 34 50 57 66 72 78 85 1 3 3 4 5 6 8 10 11 12
7 4 11 24 32 41 49 52 62 70 78 86 1 2 2 2 3 3 3 3 3 4
7 5 8 18 25 35 44 53 62 69 75 82 0 1 2 3 6 7 8 8 8 8
7 6 9 15 25 34 45 54 65 74 86 97 0 1 2 3 3 4 5 7 8 10
7 7 9 15 23 31 40 51 58 71 78 90 0 0 2 3 5 5 5 5 5 7
7 8 12 22 35 43 51 53 65 73 80 90 1 1 2 3 3 3 4 5 5 7
7 9 7 11 23 36 43 61 69 74 87 94 0 0 1 2 2 3 4 4 4 4
7 10 7 18 36 44 56 68 80 90 100 108 2 3 3 5 7 7 9 9 10 10
8 0 9 22 33 43 49 56 68 79 86 93 0 2 3 3 3 4 4 4 4 5
8 1 10 20 28 37 46 53 66 72 76 84 1 1 2 2 2 3 4 5 6 7
8 2 6 18 24 32 42 48 57 63 72 83 1 2 3 3 4 4 4 5 7 8
8 3 11 18 30 42 49 58 68 72 82 88 1 1 1 3 3 3 3 3 3 4
8 4 13 21 27 39 45 53 55 60 72 78 2 4 4 4 4 5 5 5 6 6
8 5 8 19 27 38 46 56 62 64 74 84 1 2 3 3 3 6 6 6 7 8
8 6 9 17 24 33 42 51 61 68 73 82 0 0 0 1 2 3 3 3 4 7
8 7 13 25 30 38 44 50 58 66 73 81 0 3 3 4 4 4 5 7 7 8
8 8 9 16 24 30 40 49 58 64 74 82 0 1 2 3 4 6 8 9 10 10
8 9 6 16 21 28 35 48 53 64 70 81 0 0 0 0 0 2 3 3 3 3
8 10 7 13 22 29 37 41 54 64 72 77 0 1 2 3 4 6 7 7 7 8
9 0 12 23 36 41 49 60 70 81 89 97 1 1 4 4 4 4 5 5 6 7
9 1 8 13 19 27 30 40 49 58 64 69 0 0 1 1 1 1 3 3 4 5
9 2 11 23 32 39 50 54 60 68 74 85 1 3 4 5 5 5 5 7 7 7
9 3 10 16 25 31 40 49 56 65 70 76 1 3 4 5 5 6 6 6 6 7
9 4 9 15 22 28 40 49 56 64 72 79 1 1 1 1 2 3 5 6 6 6
9 5 11 15 21 29 38 47 51 60 67 79 0 0 0 2 2 4 4 4 6 8
9 6 6 12 20 28 39 42 52 60 68 76 2 2 2 3 3 4 4 5 8 8
9 7 6 17 31 44 57 62 70 80 90 101 0 0 0 0 2 2 3 3 3 4
9 8 11 18 25 30 38 46 54 61 71 75 0 0 0 0 1 2 2 2 4 5
9 9 9 21 32 45 54 62 72 84 90 99 0 0 2 2 3 3 3 4 4 4
9 10 10 20 26 35 45 52 64 70 77 88 0 1 1 1 3 3 3 3 4 4
10 0 7 16 23 32 45 52 65 76 86 92 1 1 1 1 3 4 4 5 7 7
10 1 6 20 31 38 47 56 65 73 75 84 0 0 1 2 2 2 2 2 3 3
10 2 5 10 17 26 33 46 54 58 67 77 0 1 3 5 7 8 9 9 9 10
10 3 9 19 30 35 42 52 65 73 82 92 3 4 6 7 7 10 10 10 12 14
10 4 11 21 29 37 45 57 63 71 82 90 0 0 0 0 1 1 1 1 2 3
10 5 7 11 24 32 43 47 54 61 67 69 0 2 3 4 4 5 5 5 5 5
10 6 6 22 28 40 50 63 68 80 89 97 0 1 1 2 2 3 3 4 4 6
10 7 7 15 23 35 45 50 59 69 74 85 0 0 0 1 1 1 3 5 5 6
10 8 8 18 25 34 36 45 55 66 70 77 1 1 3 4 4 4 5 5 5 6
10 9 6 14 25 34 43 47 57 68 81 91 1 1 2 3 3 3 4 8 9 10
10 10 13 23 31 40 47 53 65 74 85 92 0 0 0 0 1 1 2 2 3 4