0 0 64 130 186 239 307 376 438 497 565 629 6 9 11 12 13 14 15 20 22 25
0 1 54 119 177 228 293 348 403 455 524 608 3 4 6 8 8 9 10 13 13 17
0 2 69 136 203 274 328 397 469 541 601 692 3 4 5 11 14 18 20 23 25 26
0 3 67 132 197 251 303 361 433 507 581 662 2 3 8 9 11 11 13 14 14 15
0 4 68 123 190 271 344 399 455 521 598 658 2 3 8 11 11 16 17 18 20 21
0 5 79 159 229 305 365 430 484 547 621 682 3 4 5 9 14 16 20 21 22 25
0 6 71 116 188 262 340 405 472 536 597 654 5 6 10 17 18 19 20 24 25 28
0 7 85 152 226 285 337 386 434 501 568 612 3 4 5 5 5 9 12 15 15 16
0 8 71 131 193 259 335 385 450 510 581 636 2 2 3 3 3 4 5 8 10 11
0 9 67 130 190 256 326 395 452 512 585 648 2 5 5 6 8 10 12 13 15 18
0 10 62 134 190 260 332 398 463 518 574 645 0 3 5 8 10 13 14 14 14 17
1 0 78 127 181 257 309 374 440 501 557 600 1 3 7 8 8 10 11 15 22 24
1 1 82 153 224 276 333 389 454 524 576 640 0 2 5 8 9 12 15 18 22 24
1 2 70 128 200 261 319 373 434 497 546 592 2 4 6 7 7 7 8 9 14 15
1 3 63 134 200 277 340 398 469 535 604 649 2 3 4 7 8 11 12 13 14 14
1 4 72 129 188 251 331 405 479 542 608 665 4 6 11 11 12 12 13 15 17 17
1 5 91 151 236 302 358 434 495 553 612 684 3 4 9 10 11 14 16 18 19 21
1 6 77 138 204 270 333 383 424 486 553 621 6 6 9 15 16 17 18 18 20 20
1 7 70 118 187 244 296 374 441 491 553 611 4 6 8 10 12 15 20 20 21 22
1 8 73 149 212 282 344 407 454 499 555 596 2 2 5 5 7 7 8 9 10 11
1 9 83 147 222 269 344 400 455 527 597 666 2 6 9 10 11 13 16 24 26 26
1 10 69 141 216 274 352 421 481 545 612 672 1 5 6 9 9 10 11 14 17 17
2 0 82 144 214 264 334 415 487 559 621 673 4 6 6 6 8 10 11 13 17 20
2 1 77 130 190 255 328 386 458 512 578 637 6 7 9 10 13 16 23 24 26 27
2 2 68 130 181 255 322 379 446 515 598 671 3 7 10 11 13 14 14 15 17 19
2 3 69 115 185 262 329 406 475 552 607 663 2 5 8 10 13 15 20 24 29 30
2 4 89 171 236 295 369 429 491 548 597 659 2 4 7 10 12 13 14 15 16 18
2 5 89 142 195 252 303 358 428 484 531 599 4 6 6 7 8 10 12 13 13 14
2 6 63 136 195 256 316 371 423 483 545 605 4 6 9 14 14 17 18 19 19 20
2 7 63 135 199 260 311 368 420 494 562 611 5 6 10 10 11 14 14 15 18 21
2 8 80 159 234 287 332 392 460 511 566 623 7 9 10 11 12 12 14 17 19 20
2 9 79 146 202 275 337 396 464 533 588 652 1 3 3 4 7 8 9 10 13 13
2 10 53 115 171 247 305 355 405 453 504 564 3 3 5 5 8 11 13 15 18 23
3 0 78 141 196 249 308 366 432 515 585 646 5 6 8 11 14 16 20 23 26 28
3 1 70 133 199 267 334 381 460 530 592 665 2 4 5 5 7 7 9 13 14 17
3 2 62 115 181 245 305 368 426 482 531 592 3 8 9 11 13 15 18 21 23 23
3 3 56 111 182 239 307 362 422 479 527 590 0 1 2 4 4 4 5 7 10 13
3 4 71 127 176 232 286 363 437 486 539 599 2 3 5 5 5 6 9 11 15 16
3 5 85 153 205 276 339 394 469 537 592 644 1 3 3 3 3 3 10 10 14 18
3 6 72 123 169 227 279 362 404 446 510 553 1 4 6 9 11 11 12 12 12 14
3 7 67 125 199 243 295 356 427 483 531 589 4 6 8 12 13 14 15 15 15 16
3 8 60 122 194 252 311 377 434 488 541 599 3 7 11 11 15 17 19 21 23 26
3 9 62 141 224 276 346 439 500 556 617 674 4 9 10 12 14 17 18 21 25 26
3 10 56 110 178 244 319 388 455 506 546 586 3 4 4 4 5 8 9 11 14 16
4 0 51 112 180 257 305 367 425 501 555 623 3 5 8 12 13 15 19 21 24 26
4 1 61 118 191 246 307 365 424 504 572 643 5 6 8 12 15 17 18 20 20 20
4 2 68 119 198 251 326 380 454 507 565 650 3 6 7 13 15 16 17 18 18 20
4 3 66 135 172 235 302 362 424 479 535 610 3 3 6 8 11 13 14 15 19 23
4 4 60 132 206 274 341 402 461 507 572 646 3 5 8 13 16 17 19 22 23 25
4 5 76 140 201 255 307 356 408 483 558 612 5 8 9 10 10 12 15 17 19 21
4 6 55 125 187 250 308 365 420 484 560 622 5 9 9 13 15 15 18 20 22 22
4 7 68 149 229 287 356 399 468 523 576 639 2 3 4 5 6 6 8 9 10 13
4 8 73 134 196 261 330 385 443 527 589 650 1 5 6 7 8 10 12 13 14 14
4 9 79 152 235 284 341 404 458 512 571 627 3 9 15 17 18 21 22 23 23 25
4 10 55 112 190 257 318 361 436 500 549 619 4 6 9 11 15 16 17 20 21 22
5 0 64 134 207 272 328 383 444 504 564 633 6 11 13 16 17 19 22 22 23 24
5 1 78 140 202 272 337 400 460 504 569 649 0 2 3 5 6 6 8 8 10 13
5 2 70 121 176 231 287 344 385 437 493 558 2 2 4 6 9 12 14 18 18 20
5 3 71 139 217 272 334 398 446 529 604 671 0 2 2 4 5 5 7 9 9 10
5 4 68 132 209 260 339 392 438 491 564 629 4 9 13 17 19 19 19 20 20 22
5 5 69 154 221 275 336 382 442 505 578 622 1 6 7 12 14 15 17 20 21 25
5 6 74 140 206 262 336 398 464 516 549 616 2 2 4 7 7 7 7 9 9 11
5 7 77 136 212 281 367 445 519 581 644 694 6 9 9 14 17 18 19 19 21 23
5 8 75 133 187 247 291 387 432 497 572 631 2 2 2 4 4 7 8 9 10 13
5 9 62 120 177 245 301 361 445 512 563 605 2 6 7 15 16 16 18 18 19 20
5 10 74 141 190 248 307 350 397 461 508 560 4 6 9 9 9 11 11 12 13 13
6 0 64 138 192 259 310 363 420 477 543 599 1 5 8 9 11 12 14 18 20 25
6 1 58 133 194 268 358 431 505 579 639 704 2 4 6 8 13 14 15 16 18 21
6 2 55 120 179 230 305 362 410 470 537 587 2 7 10 12 13 14 16 18 24 24
6 3 66 120 199 271 332 397 448 498 555 614 3 6 7 8 10 14 15 19 19 21
6 4 58 124 173 229 304 360 436 496 543 597 1 4 5 6 7 7 9 9 9 9
6 5 72 145 216 289 346 397 474 552 618 671 2 3 4 4 4 6 9 10 11 13
6 6 50 126 201 269 318 365 429 481 540 590 2 4 5 6 6 6 8 12 14 14
6 7 78 145 215 267 333 399 473 543 591 644 3 6 8 8 13 17 17 19 20 23
6 8 54 114 180 237 301 362 415 474 539 600 0 0 1 3 5 8 10 10 11 12
6 9 71 145 193 246 296 361 422 474 521 575 4 4 5 8 10 11 14 18 20 21
6 10 75 144 203 265 338 384 457 518 571 627 3 5 6 9 11 11 14 15 19 19
7 0 71 150 235 299 370 432 505 567 640 702 5 7 8 8 12 13 15 15 17 18
7 1 78 152 233 307 365 412 466 547 626 684 2 2 4 6 6 7 8 10 11 11
7 2 57 130 193 245 303 372 443 516 573 649 6 8 9 10 11 11 14 16 20 21
7 3 71 137 202 264 348 396 462 533 602 668 4 5 7 9 10 12 13 14 16 18
7 4 75 149 203 255 301 370 425 477 518 585 4 5 6 6 7 11 13 14 14 18
7 5 74 138 186 239 282 344 395 441 514 570 1 4 7 8 9 12 13 16 17 17
7 6 75 141 206 265 332 394 452 501 570 611 5 7 7 8 9 12 14 16 23 24
7 7 78 122 194 257 316 356 408 447 517 555 1 1 3 4 6 7 7 7 8 9
7 8 71 144 231 293 352 397 458 505 563 605 3 4 5 5 7 10 13 13 15 15
7 9 65 118 166 229 269 323 393 442 493 543 3 5 8 11 13 13 15 17 20 20
7 10 69 122 181 229 277 337 391 444 492 536 0 2 5 5 7 8 11 14 15 17
8 0 62 129 185 258 321 396 449 529 584 649 1 6 6 7 8 9 12 13 17 19
8 1 80 148 213 257 297 356 413 462 538 603 1 3 6 7 8 10 11 11 14 16
8 2 58 131 199 270 333 388 451 526 583 649 3 6 8 11 14 17 21 22 24 24
8 3 82 150 221 300 374 429 487 550 613 691 3 3 6 6 6 8 8 9 12 14
8 4 70 127 175 240 294 345 399 480 549 599 3 6 8 9 13 14 15 17 20 22
8 5 74 126 196 274 346 396 454 524 575 628 2 4 7 8 10 10 11 11 12 14
8 6 83 151 215 273 334 390 438 482 533 601 3 5 5 7 9 9 11 11 12 15
8 7 78 132 198 258 310 365 417 478 530 591 2 5 8 11 11 12 12 13 15 19
8 8 78 135 190 251 309 385 440 476 522 586 4 5 7 9 13 15 15 17 17 18
8 9 81 157 216 274 340 387 451 506 584 629 6 8 9 13 15 17 20 21 23 24
8 10 67 126 185 247 306 353 421 483 529 575 2 4 6 8 11 13 13 13 13 15
9 0 76 135 188 255 306 393 442 522 587 662 1 2 3 5 5 10 12 14 16 19
9 1 62 108 198 246 331 398 451 507 564 618 5 5 8 10 12 17 17 18 19 23
9 2 67 134 213 273 344 414 467 527 573 623 1 1 2 3 5 6 8 9 10 10
9 3 76 140 204 255 324 383 450 500 540 602 5 7 11 14 16 18 19 19 19 22
9 4 81 138 220 286 362 428 491 548 607 652 2 4 8 9 13 14 16 16 19 19
9 5 74 131 198 248 313 385 440 506 573 636 1 2 4 5 9 11 12 14 16 17
9 6 80 166 217 266 313 367 420 477 548 586 4 9 9 10 10 12 13 13 13 15
9 7 57 139 199 252 301 367 427 483 547 595 3 7 9 11 17 17 24 26 27 28
9 8 58 116 162 217 286 350 410 471 515 563 4 8 8 10 11 12 15 18 18 20
9 9 54 112 168 233 275 330 393 462 521 593 2 2 2 4 5 8 11 12 12 12
9 10 68 123 178 223 289 352 399 442 485 544 4 4 6 9 11 11 12 12 12 13
10 0 49 127 198 259 313 376 441 502 548 617 0 1 6 7 7 8 12 14 16 20
10 1 78 139 203 267 330 383 445 496 545 605 3 8 8 10 13 16 17 19 21 22
10 2 75 152 225 278 327 383 445 490 541 594 4 6 8 10 11 12 12 12 15 16
10 3 64 127 186 251 312 380 422 505 566 635 4 5 9 10 10 15 16 17 18 19
10 4 59 122 178 243 292 361 424 480 541 592 3 8 9 10 10 12 15 17 17 17
10 5 70 149 216 274 327 401 467 515 581 619 1 4 7 7 7 9 10 11 14 15
10 6 72 133 203 270 320 380 437 503 541 593 3 5 9 11 12 14 16 17 18 21
10 7 66 117 170 218 295 353 416 473 525 596 3 4 5 8 8 10 11 12 13 13
10 8 73 148 194 245 291 317 368 413 457 505 2 3 6 6 7 10 13 13 14 17
10 9 88 148 204 245 287 328 395 448 507 560 4 8 10 12 14 14 15 15 16 18
10 10 87 162 222 288 345 389 452 511 567 643 5 9 12 14 16 17 19 25 26 29