0 0 10 19 26 34 45 51 64 72 84 95 0 0 0 0 0 0 1 1 2 3
0 1 12 24 33 44 57 64 72 77 87 95 1 2 2 2 2 2 4 4 5 5
0 2 9 18 30 37 48 50 58 64 73 81 2 2 2 3 3 3 3 3 3 5
0 3 11 19 24 34 48 57 64 76 85 92 1 2 2 2 2 3 4 5 5 5
0 4 7 19 26 34 42 53 63 71 80 87 2 3 6 7 7 7 7 8 11 11
0 5 4 9 17 24 31 37 49 57 67 73 1 1 3 5 6 7 9 10 12 12
0 6 10 16 24 33 38 46 56 66 73 86 2 3 3 3 3 4 4 4 6 6
0 7 7 13 22 35 43 53 62 72 84 90 0 0 0 0 2 3 3 4 5 6
0 8 12 22 35 43 53 62 72 80 87 93 0 0 1 2 5 6 6 6 6 7
0 9 6 13 21 32 42 53 61 66 73 82 1 2 3 3 3 4 5 5 5 8
0 10 6 11 17 24 34 41 52 60 67 78 1 2 2 3 4 5 6 8 8 12
1 0 13 23 37 49 58 67 79 89 97 102 0 2 2 3 3 4 5 5 5 6
1 1 9 22 37 46 58 67 75 78 83 90 0 0 1 2 4 5 5 7 7 8
1 2 4 12 25 32 38 46 58 68 71 87 0 1 1 1 1 2 3 6 7 7
1 3 9 16 27 34 38 47 57 66 72 76 0 1 1 2 2 2 2 4 4 4
1 4 8 15 26 35 43 50 62 70 79 91 1 1 1 1 1 2 2 3 5 6
1 5 6 15 22 35 46 52 65 71 77 87 0 0 2 3 3 3 5 5 6 7
1 6 6 20 27 39 45 52 58 64 75 83 1 2 2 3 3 3 4 6 7 7
1 7 6 16 24 33 44 51 62 69 76 80 1 1 4 5 5 8 8 9 9 9
1 8 6 17 23 32 46 57 64 71 76 85 1 1 2 2 3 3 3 5 5 5
1 9 6 14 28 36 48 59 70 80 88 96 0 1 1 1 2 2 2 3 4 4
1 10 11 26 34 43 51 55 61 65 77 87 0 1 1 2 3 4 4 4 4 4
2 0 10 24 31 37 52 59 65 74 81 89 2 2 2 2 3 4 4 5 6 8
2 1 7 16 25 32 41 51 56 65 77 87 0 1 1 2 2 2 3 5 5 5
2 2 11 23 28 36 42 54 64 72 78 88 1 1 2 2 2 2 4 5 5 5
2 3 9 19 25 37 50 54 67 76 82 90 1 2 2 2 3 3 4 7 8 9
2 4 6 19 28 36 46 56 66 73 84 91 0 0 0 1 1 1 1 1 1 3
2 5 12 16 25 33 40 53 60 65 70 73 1 1 2 3 4 4 5 5 6 7
2 6 8 16 24 36 44 52 59 66 72 76 0 1 2 3 4 5 6 6 8 10
2 7 9 15 23 27 33 40 44 52 61 72 0 1 1 1 4 5 5 5 5 6
2 8 13 26 32 41 51 63 72 83 94 99 0 0 1 1 1 2 2 2 4 4
2 9 8 22 32 45 49 56 65 74 79 91 1 1 2 3 3 4 4 4 5 5
2 10 15 25 31 39 45 53 62 70 76 86 0 1 2 2 2 5 5 5 5 6
3 0 7 13 19 26 33 41 46 57 66 75 1 3 3 4 4 4 4 6 6 6
3 1 9 19 29 33 38 50 61 73 81 91 2 2 2 3 3 3 3 5 5 5
3 2 9 18 29 38 45 56 69 74 84 94 0 0 3 6 6 6 6 6 8 9
3 3 12 25 34 41 47 58 67 79 83 87 1 1 1 1 1 1 2 2 2 2
3 4 11 23 30 39 55 61 68 76 89 94 0 1 1 1 2 4 4 4 5 6
3 5 9 19 27 38 42 50 68 80 85 94 0 1 2 2 4 5 7 7 7 7
3 6 9 15 25 32 45 49 58 64 72 83 2 3 3 3 3 3 3 3 4 4
3 7 9 16 26 38 42 54 61 65 73 84 0 1 2 2 2 2 3 3 4 4
3 8 12 22 28 34 41 51 61 68 80 87 1 1 1 3 3 4 5 6 7 7
3 9 11 21 32 44 53 61 77 83 92 99 1 3 4 4 4 4 4 6 7 9
3 10 3 13 24 32 42 47 52 61 70 75 0 1 1 1 1 1 1 2 4 4
4 0 10 17 24 34 45 54 70 82 86 95 1 2 3 3 4 5 5 6 7 7
4 1 8 13 20 27 33 42 49 61 71 74 1 2 2 3 3 3 3 4 4 5
4 2 8 17 35 43 53 62 69 73 82 93 0 0 2 3 3 4 5 5 5 5
4 3 10 13 19 24 34 42 52 59 65 75 0 1 2 3 3 5 6 7 7 9
4 4 8 17 26 33 42 50 63 74 84 92 2 2 4 5 6 6 6 6 8 9
4 5 10 17 28 37 46 52 60 71 80 87 0 1 1 1 1 1 1 1 1 2
4 6 4 9 18 25 32 43 49 61 66 75 1 2 4 6 6 9 9 16 16 17
4 7 8 19 34 44 54 62 75 83 88 99 0 1 3 5 7 7 7 7 7 7
4 8 7 17 28 35 47 57 70 78 88 98 4 5 6 7 8 9 11 12 12 12
4 9 7 13 18 28 32 47 55 62 67 75 0 0 0 2 3 4 5 5 6 7
4 10 5 13 21 30 36 43 51 60 67 77 1 1 3 3 3 3 4 7 7 7
5 0 7 15 24 35 46 58 72 84 92 103 0 1 1 2 3 3 4 4 4 4
5 1 8 20 28 40 49 57 63 68 73 79 0 0 1 1 1 1 1 2 2 2
5 2 11 21 28 41 55 66 72 80 88 96 3 4 4 4 5 8 8 8 10 12
5 3 9 17 23 34 44 53 65 77 86 95 0 1 2 2 3 3 3 3 3 3
5 4 7 17 25 35 45 53 67 73 80 88 0 1 1 2 2 4 4 4 5 6
5 5 8 20 30 40 51 57 69 81 86 92 0 2 2 3 4 6 6 6 6 6
5 6 5 16 21 31 37 44 50 58 65 72 2 3 3 4 5 5 7 7 8 9
5 7 8 17 26 36 42 49 64 72 77 83 1 2 3 7 7 8 9 10 11 11
5 8 8 15 21 29 40 48 60 71 74 83 0 0 2 4 4 5 5 6 6 7
5 9 7 12 21 26 36 49 54 64 71 83 0 0 1 2 2 3 3 3 3 4
5 10 11 15 23 29 36 48 58 66 75 84 1 1 2 2 2 2 4 5 6 7
6 0 10 19 26 34 41 53 61 72 78 86 0 1 1 2 3 3 3 5 7 9
6 1 8 17 24 32 43 51 62 68 79 84 0 1 1 2 3 4 6 6 7 10
6 2 5 12 19 29 37 51 59 73 83 89 1 2 3 4 4 6 6 6 6 6
6 3 14 26 38 51 64 71 83 93 108 115 1 2 2 2 3 3 3 4 5 7
6 4 10 21 30 42 51 60 69 77 83 93 0 0 1 1 1 2 2 2 3 4
6 5 8 18 29 37 48 54 61 66 75 83 2 5 6 8 8 8 8 10 12 13
6 6 6 13 17 25 33 36 44 61 70 80 1 1 3 3 3 5 6 6 6 7
6 7 12 21 28 41 51 57 70 82 90 99 3 4 4 4 6 7 7 8 9 10
6 8 10 17 26 32 41 54 63 68 78 85 0 1 3 3 4 5 5 6 6 8
6 9 11 19 22 31 41 49 56 68 77 85 0 0 0 0 0 1 2 3 3 4
6 10 8 18 25 35 43 53 61 67 78 87 0 0 2 2 3 3 3 3 3 4
7 0 7 13 20 29 37 46 53 64 72 82 0 2 3 3 4 5 6 7 8 8
7 1 10 17 24 35 38 51 56 60 68 82 0 0 0 0 1 3 3 3 3 3
7 2 6 14 23 29 38 46 51 60 67 69 0 0 0 0 1 3 4 4 5 5
7 3 6 13 22 31 43 54 61 65 70 79 0 2 2 2 2 3 4 5 5 5
7 4 8 17 30 39 46 56 66 78 86 92 1 1 2 2 2 2 3 4 4 4
7 5 7 15 21 24 30 39 48 57 59 69 0 0 3 3 3 3 3 4 4 4
7 6 11 19 24 33 45 49 63 66 69 79 0 0 0 1 1 1 4 4 4 4
7 7 8 21 28 36 48 55 65 75 82 91 0 0 2 4 4 9 9 10 11 11
7 8 11 21 27 34 42 47 57 66 73 86 0 1 2 2 3 3 3 4 4 4
7 9 13 17 25 36 46 53 63 69 76 89 5 5 8 9 11 12 12 13 13 13
7 10 8 19 25 35 38 49 63 73 87 93 2 2 2 2 3 4 5 5 6 7
8 0 9 22 30 40 49 55 63 77 89 97 2 4 4 4 4 4 5 5 5 7
8 1 13 18 28 36 41 50 58 67 74 84 0 2 3 3 4 6 6 6 7 7
8 2 4 15 21 31 35 41 48 59 69 76 1 2 2 2 3 4 5 5 6 7
8 3 8 18 28 38 45 57 62 72 80 92 0 1 2 4 4 4 5 5 5 5
8 4 6 16 27 37 54 62 67 72 81 89 0 1 2 2 3 3 3 4 5 9
8 5 9 17 30 38 45 54 60 69 73 80 1 1 1 2 3 3 4 4 5 7
8 6 5 15 22 27 31 39 47 60 75 77 0 2 2 2 2 2 2 3 5 5
8 7 8 20 25 33 40 47 60 72 83 89 0 0 0 1 1 1 1 1 1 1
8 8 12 21 26 35 42 52 68 74 86 94 1 2 2 3 4 5 7 8 8 9
8 9 7 17 26 42 51 64 73 79 89 100 1 1 1 1 2 3 3 3 4 5
8 10 9 18 27 40 47 56 68 78 84 91 1 2 3 3 3 4 5 5 5 5
9 0 10 18 25 36 44 52 60 63 73 79 0 1 1 2 3 4 4 5 5 5
9 1 9 17 27 38 46 57 69 78 89 95 0 0 0 1 2 3 4 4 5 5
9 2 5 12 23 34 41 48 56 61 68 79 1 1 1 5 6 6 7 9 11 12
9 3 4 12 19 28 40 48 59 67 73 81 0 0 0 0 3 4 6 7 9 9
9 4 6 16 23 30 41 46 56 65 80 86 0 3 4 4 5 6 7 9 10 12
9 5 10 20 32 44 52 58 65 75 85 92 0 0 2 3 3 4 5 9 11 11
9 6 4 15 23 39 52 64 67 74 78 86 1 1 2 2 2 2 2 2 2 2
9 7 8 15 28 35 39 50 63 73 86 95 0 0 0 1 1 1 1 1 2 3
9 8 8 17 23 28 38 48 61 68 75 83 0 1 2 3 3 3 4 4 4 6
9 9 8 19 25 31 36 41 44 50 56 64 0 1 1 3 3 4 5 5 5 6
9 10 12 17 28 33 45 54 62 69 77 86 1 1 1 1 2 3 4 5 6 6
10 0 6 13 25 29 38 46 56 68 80 88 0 1 1 3 3 3 6 7 7 7
10 1 12 19 25 32 38 43 50 57 66 71 2 2 2 2 3 4 6 9 9 9
10 2 8 23 30 44 55 67 78 84 90 99 2 4 6 7 8 9 9 9 9 10
10 3 7 17 23 36 45 53 62 73 84 93 2 2 4 4 4 4 5 7 7 7
10 4 7 13 24 36 44 49 57 65 72 83 0 0 0 2 3 4 4 5 6 6
10 5 8 20 31 40 49 62 73 84 93 97 1 2 2 2 2 2 2 3 3 3
10 6 6 13 21 27 36 42 50 61 69 81 1 1 2 5 5 5 6 7 7 7
10 7 12 22 31 39 51 59 68 79 87 93 2 3 3 3 4 4 4 4 5 6
10 8 10 22 26 37 48 54 63 72 81 89 2 2 2 2 5 6 6 7 7 8
10 9 8 18 26 28 38 44 51 60 71 78 0 1 1 1 2 2 3 5 5 5
10 10 11 17 25 33 42 53 61 69 80 91 1 1 1 1 1 1 1 2 2 2