0 0 72 139 186 240 304 372 431 490 555 613 6 9 11 13 14 14 19 19 22 23
0 1 67 135 202 275 345 403 468 524 595 669 9 12 13 17 19 19 22 24 30 33
0 2 80 148 224 285 345 397 473 540 594 654 3 8 11 11 12 15 16 17 19 20
0 3 67 151 201 266 345 430 485 553 625 701 2 3 7 7 9 13 15 22 23 27
0 4 86 152 200 260 334 405 467 535 597 658 4 7 9 9 10 14 18 20 23 26
0 5 62 122 185 249 299 359 429 500 574 629 4 4 5 5 5 6 8 9 9 10
0 6 78 146 220 300 361 426 484 544 604 651 7 11 14 16 17 18 19 19 20 21
0 7 60 139 202 278 359 434 485 558 624 681 6 9 10 10 15 19 20 20 22 22
0 8 69 136 186 242 303 363 444 502 562 633 1 2 3 5 7 8 8 12 14 20
0 9 81 127 174 243 302 371 426 495 572 621 1 1 4 6 7 8 11 13 18 18
0 10 77 127 172 240 311 385 456 517 573 639 3 4 5 8 8 14 20 22 24 27
1 0 70 145 220 279 335 404 455 518 586 664 4 8 12 14 15 17 18 20 25 27
1 1 70 124 171 239 302 379 422 473 543 613 2 4 5 5 6 11 14 16 16 17
1 2 61 127 192 261 320 364 435 502 574 640 2 4 4 5 6 8 8 11 17 19
1 3 92 152 206 285 321 393 452 525 598 651 1 4 4 9 9 11 12 13 16 16
1 4 93 145 209 285 346 423 478 534 591 645 2 4 4 4 7 8 10 13 16 17
1 5 77 134 200 254 334 384 460 515 580 638 4 9 12 15 16 19 19 22 25 27
1 6 83 144 216 272 328 396 444 506 559 633 2 3 7 9 11 13 16 18 20 21
1 7 81 145 222 293 346 390 422 476 511 573 2 5 6 8 14 14 16 16 17 21
1 8 68 126 202 255 335 403 456 524 599 671 2 5 6 6 9 12 13 15 19 22
1 9 67 123 179 247 321 386 450 499 562 634 2 2 4 7 7 7 8 8 9 11
1 10 59 112 174 232 287 339 399 449 520 580 1 1 4 5 7 8 11 13 14 16
2 0 68 137 195 248 316 368 416 480 533 604 3 6 10 10 12 12 14 14 15 16
2 1 72 127 176 242 307 370 414 474 533 601 2 4 5 9 14 17 17 18 19 24
2 2 77 150 214 297 354 394 461 531 599 663 6 7 11 12 13 14 14 18 19 20
2 3 78 144 209 275 332 388 466 532 575 652 3 8 9 14 15 18 18 19 20 26
2 4 72 129 194 255 313 365 436 489 554 634 3 5 6 8 11 15 16 19 21 23
2 5 54 130 202 262 316 355 431 487 549 594 5 5 9 9 10 11 13 16 20 23
2 6 61 127 196 254 320 370 444 503 564 605 5 8 12 16 16 16 18 18 19 21
2 7 74 149 195 261 326 378 436 502 547 595 3 8 13 14 14 18 20 25 26 31
2 8 78 150 215 288 347 411 470 521 586 643 0 2 9 10 12 15 18 20 27 30
2 9 77 141 228 279 346 405 447 484 542 591 1 3 6 8 9 9 11 13 14 19
2 10 80 134 201 233 282 341 385 439 496 559 4 7 8 10 14 15 18 18 19 19
3 0 80 139 202 249 311 374 436 492 543 598 3 6 7 7 9 10 13 14 17 18
3 1 81 142 214 278 343 415 491 566 638 707 6 8 8 8 10 10 10 14 16 20
3 2 81 132 218 282 336 385 443 490 551 610 2 3 6 9 14 14 19 24 27 28
3 3 79 135 189 245 298 362 422 476 526 598 2 5 10 10 10 12 15 17 19 21
3 4 82 127 186 238 297 359 416 467 530 579 3 5 7 8 11 11 12 12 15 15
3 5 67 125 194 273 327 384 446 498 545 616 3 5 8 10 10 10 13 13 17 19
3 6 68 130 184 247 313 362 427 498 555 585 2 4 6 9 13 14 15 17 17 18
3 7 74 136 203 265 327 392 465 529 577 631 1 2 4 6 10 12 13 14 15 15
3 8 76 137 202 260 330 384 429 497 566 619 5 8 13 14 15 18 20 22 23 23
3 9 66 146 194 258 308 377 426 478 529 597 2 4 6 8 9 11 11 12 12 13
3 10 67 143 197 253 304 351 392 440 495 554 3 5 6 7 8 8 9 9 12 13
4 0 79 137 195 262 314 372 444 512 565 638 0 3 6 10 10 11 13 14 15 21
4 1 68 130 181 258 331 389 440 504 581 646 1 4 5 7 12 18 20 25 25 29
4 2 65 127 182 248 326 401 474 529 598 662 2 5 6 8 13 16 16 16 17 19
4 3 49 99 160 225 287 357 413 457 520 577 2 2 3 4 7 9 12 14 17 18
4 4 75 153 207 274 351 401 460 524 580 646 3 4 5 6 11 12 16 18 21 26
4 5 70 119 164 223 267 325 390 440 495 561 8 10 12 13 14 16 18 20 20 20
4 6 65 104 187 233 291 347 417 474 541 621 2 3 3 4 4 7 9 11 12 16
4 7 82 145 215 267 331 374 429 470 533 576 3 4 6 9 11 13 15 18 21 21
4 8 70 126 176 234 292 346 398 460 520 565 2 3 4 5 5 6 6 9 11 13
4 9 75 148 213 270 326 385 459 513 572 645 3 7 9 9 10 10 10 11 11 13
4 10 81 153 213 284 332 396 468 529 588 659 4 5 7 9 10 12 15 17 17 18
5 0 84 151 215 266 332 393 449 499 567 645 4 7 12 16 20 21 22 23 23 26
5 1 62 138 211 256 323 389 467 524 587 660 4 7 8 9 9 11 13 16 18 21
5 2 72 144 214 267 315 374 447 505 572 637 2 3 3 4 5 8 12 12 14 16
5 3 72 142 200 263 313 382 441 507 566 624 5 7 8 9 12 15 16 17 19 23
5 4 47 109 185 259 325 381 450 509 580 626 4 7 11 13 16 17 20 22 23 26
5 5 75 118 171 219 290 351 418 476 531 573 0 3 3 7 9 10 10 12 14 15
5 6 65 117 181 231 293 361 402 451 517 572 5 8 9 10 13 16 16 18 20 22
5 7 65 139 214 276 329 395 451 523 577 614 2 5 6 10 10 10 13 14 15 16
5 8 72 131 182 244 293 365 427 480 537 578 2 5 6 7 10 12 15 18 20 21
5 9 75 142 215 273 336 394 459 510 562 602 2 4 7 10 12 15 15 16 18 22
5 10 70 133 192 248 306 379 421 465 521 596 2 4 5 7 7 8 12 12 13 15
6 0 85 139 221 280 337 393 458 510 564 637 5 8 10 11 13 16 17 20 24 27
6 1 71 121 183 241 316 374 425 488 563 625 2 3 5 5 7 8 10 12 13 14
6 2 61 134 212 275 335 408 478 531 585 643 2 7 11 18 18 23 24 24 27 27
6 3 80 142 191 230 282 344 395 462 528 591 1 3 6 8 12 13 15 18 19 20
6 4 74 137 208 266 325 387 428 499 568 636 2 4 6 7 8 8 11 13 13 14
6 5 76 130 201 265 321 361 436 481 525 579 0 2 2 6 8 10 10 11 14 17
6 6 60 124 188 252 310 353 404 462 522 582 4 6 7 9 10 11 12 12 12 15
6 7 74 137 194 245 316 367 435 513 566 620 2 5 6 7 8 12 14 16 17 19
6 8 61 120 175 227 281 355 416 464 514 568 3 3 6 9 10 12 16 16 18 19
6 9 63 132 208 288 361 405 468 532 584 622 2 3 4 6 8 12 12 14 15 16
6 10 63 137 206 276 336 395 446 502 580 655 2 4 6 7 8 9 9 12 14 16
7 0 67 121 176 239 290 371 442 488 561 638 3 4 4 5 10 11 13 16 19 22
7 1 61 127 192 252 315 380 440 512 573 639 2 3 3 4 5 8 11 13 15 17
7 2 76 141 202 272 330 396 456 534 585 648 4 6 7 11 13 15 16 19 20 21
7 3 66 125 194 254 319 389 465 521 592 648 2 5 10 11 15 15 18 22 23 23
7 4 75 153 208 267 331 373 414 479 522 581 5 7 9 10 12 13 13 14 15 17
7 5 80 165 229 281 347 400 449 508 574 632 5 8 8 11 13 17 18 18 22 26
7 6 75 133 201 268 308 373 415 486 558 609 3 5 5 7 9 11 12 15 15 15
7 7 85 134 218 285 330 386 450 502 542 602 2 2 6 7 8 8 9 10 11 13
7 8 67 120 184 243 316 378 449 509 570 621 1 4 6 9 12 17 17 17 19 20
7 9 74 141 207 262 308 367 426 484 537 601 4 7 8 9 11 13 14 14 14 15
7 10 72 115 180 237 306 357 418 469 538 576 3 6 8 10 12 14 15 16 16 17
8 0 68 145 204 267 321 400 473 546 597 657 2 3 3 5 6 9 10 13 16 18
8 1 83 147 219 278 344 411 452 504 580 639 2 2 6 8 8 9 12 13 15 15
8 2 58 128 190 265 348 406 473 524 578 661 3 5 7 10 11 12 13 16 20 22
8 3 69 123 187 235 303 374 447 503 560 632 4 8 8 10 10 10 14 17 18 21
8 4 74 141 218 282 343 398 466 530 573 652 2 4 6 8 11 12 16 18 18 20
8 5 70 131 178 245 296 364 415 486 563 609 5 9 12 14 14 16 17 18 22 23
8 6 72 142 225 292 362 424 493 557 611 663 2 5 5 7 10 11 13 13 17 20
8 7 71 138 204 274 333 396 441 487 539 582 2 4 8 9 9 9 9 10 12 13
8 8 67 129 201 267 323 396 464 537 616 665 0 2 5 7 9 10 15 17 19 20
8 9 61 104 170 232 279 331 376 433 472 515 5 6 7 8 10 10 10 12 14 16
8 10 64 123 182 233 285 339 391 442 489 535 3 5 7 8 9 12 13 13 15 17
9 0 68 135 203 282 354 408 464 533 603 674 2 2 6 6 6 7 8 9 12 13
9 1 80 136 221 277 334 392 465 531 593 653 3 5 6 9 9 9 10 10 11 13
9 2 85 143 201 270 331 386 447 484 559 624 3 7 9 12 14 16 18 22 23 23
9 3 84 167 221 304 358 413 472 524 601 661 2 3 5 7 8 9 10 11 15 18
9 4 73 126 192 244 299 378 447 517 566 629 1 2 4 7 9 13 14 15 16 19
9 5 79 146 217 277 344 399 451 494 563 624 3 5 6 11 14 15 19 20 24 27
9 6 63 130 195 260 308 360 431 483 537 592 2 4 7 12 16 17 17 18 19 21
9 7 80 151 210 251 303 362 421 493 556 602 3 6 8 11 12 14 16 19 20 21
9 8 60 133 189 259 321 388 447 495 557 608 2 3 4 6 7 8 10 12 14 14
9 9 80 158 217 269 321 388 441 491 534 585 4 9 10 12 12 13 13 13 14 14
9 10 66 124 186 250 325 372 427 466 503 552 1 3 4 7 9 12 14 14 14 16
10 0 71 131 200 267 333 390 463 524 589 662 3 4 8 9 9 11 16 19 20 24
10 1 83 135 193 264 334 404 458 523 590 644 3 6 9 11 12 15 16 19 21 21
10 2 76 134 171 240 320 376 444 519 575 633 2 7 8 12 17 17 21 21 23 23
10 3 77 149 210 284 346 410 466 517 572 632 4 7 9 11 13 18 21 23 25 26
10 4 55 121 206 270 328 388 450 517 583 644 3 5 6 7 9 10 13 14 15 15
10 5 74 133 194 270 337 399 460 533 581 633 2 5 9 12 15 18 20 20 20 23
10 6 63 127 193 256 331 381 442 490 563 633 2 4 7 11 13 13 14 16 18 19
10 7 65 141 214 255 314 384 458 507 558 620 4 7 7 9 10 11 13 17 19 22
10 8 69 128 175 243 314 379 435 496 562 597 3 6 7 10 13 14 17 17 22 24
10 9 63 111 157 203 262 318 379 443 473 533 4 4 5 5 7 10 11 12 14 15
10 10 70 150 209 279 330 392 433 488 537 599 3 10 11 14 17 19 20 20 20 21