0 0 87 170 234 297 364 425 488 553 617 684 6 10 12 17 22 24 27 29 31 34
0 1 65 136 191 235 298 378 452 523 575 647 0 4 6 7 10 13 17 21 23 24
0 2 78 127 203 272 330 387 441 506 552 622 2 3 4 8 8 10 11 14 16 21
0 3 76 138 177 230 295 361 431 480 564 626 3 6 6 9 9 9 10 11 14 16
0 4 65 129 205 268 340 418 487 555 618 682 3 8 12 15 18 18 21 26 28 33
0 5 78 153 214 277 362 433 497 580 651 724 3 7 8 11 13 13 15 17 18 20
0 6 55 125 195 264 325 400 473 534 601 655 0 0 2 3 8 11 17 18 19 20
0 7 70 130 199 263 326 384 447 514 577 628 1 6 7 8 12 12 14 19 21 23
0 8 84 149 217 271 340 404 469 525 589 650 2 4 7 7 8 10 13 13 14 17
0 9 77 137 194 254 319 373 445 509 596 676 1 2 6 10 13 15 16 19 20 22
0 10 67 143 202 264 323 373 428 485 555 621 1 2 3 3 4 7 10 10 12 14
1 0 60 114 164 238 308 369 443 507 574 640 3 5 8 8 12 13 15 15 15 17
1 1 79 154 218 266 318 362 434 512 579 631 3 4 4 4 5 6 6 8 8 9
1 2 96 161 224 288 357 412 486 551 613 679 2 4 5 8 10 12 15 16 18 23
1 3 79 140 204 273 347 386 434 481 533 575 4 9 9 9 13 14 17 19 19 24
1 4 60 124 187 245 313 385 445 513 578 631 3 8 13 15 18 20 22 23 25 27
1 5 79 145 203 268 334 386 464 522 597 656 4 11 11 12 14 17 21 24 27 27
1 6 67 133 200 270 322 362 418 486 552 619 1 5 7 9 10 11 13 16 16 18
1 7 65 125 179 238 308 364 426 481 526 588 3 6 9 13 17 19 23 24 25 28
1 8 64 127 184 246 305 362 426 488 558 606 2 5 8 9 11 14 15 19 23 25
1 9 67 128 185 229 281 340 390 447 503 576 1 3 3 6 7 7 7 8 9 11
1 10 75 145 209 279 327 384 441 493 538 586 2 2 4 6 7 7 7 10 12 12
2 0 63 130 196 276 332 401 473 535 609 666 5 8 9 10 12 17 21 27 29 31
2 1 57 121 170 225 291 344 408 471 538 612 3 5 5 7 7 8 12 14 16 17
2 2 69 129 202 249 310 363 416 486 545 588 0 2 5 7 8 8 8 9 13 13
2 3 72 135 204 257 309 378 433 488 533 570 2 7 11 11 14 17 18 19 20 21
2 4 74 137 209 267 336 404 454 509 572 630 5 8 9 11 13 13 14 15 16 21
2 5 74 147 222 278 337 396 454 525 581 645 1 2 6 7 8 11 13 16 17 21
2 6 72 128 183 242 307 349 417 478 541 586 3 3 4 5 5 7 9 9 10 10
2 7 78 128 194 271 349 401 457 506 574 615 4 9 16 17 23 25 28 32 33 34
2 8 71 135 189 255 327 381 431 494 569 614 5 6 9 12 13 13 13 16 18 19
2 9 63 133 209 258 314 376 431 487 559 619 4 6 10 12 15 15 16 16 20 21
2 10 75 139 192 266 317 381 433 487 556 625 3 4 6 8 10 13 14 16 20 20
3 0 73 152 204 262 312 376 436 488 534 595 1 2 3 4 5 6 8 10 11 13
3 1 57 109 167 247 317 382 444 484 548 621 3 5 5 7 9 10 13 16 18 21
3 2 50 111 146 205 272 333 377 444 511 572 2 2 3 6 9 10 12 15 17 19
3 3 59 130 194 249 310 357 410 472 532 586 1 3 4 7 7 8 14 16 19 19
3 4 53 117 173 235 286 348 397 470 527 580 1 4 4 7 7 7 9 11 12 13
3 5 84 153 223 287 346 398 469 532 609 662 3 3 4 4 7 10 12 13 17 19
3 6 64 114 189 249 319 366 432 474 549 621 4 7 9 12 15 15 17 17 18 20
3 7 68 121 189 239 291 354 403 461 511 590 2 5 5 5 6 6 7 10 11 11
3 8 72 132 191 260 322 385 449 525 588 636 2 3 6 7 9 11 12 15 18 19
3 9 54 110 140 206 273 332 389 444 503 572 2 4 7 10 15 16 19 21 24 26
3 10 70 139 198 248 303 362 410 473 542 593 2 7 10 14 14 14 14 14 14 17
4 0 53 107 158 229 292 352 422 497 590 660 3 8 12 15 16 18 19 20 24 25
4 1 73 141 190 251 311 381 450 494 553 603 0 4 4 6 9 9 9 10 10 10
4 2 76 131 198 263 337 392 455 513 588 634 1 1 2 5 5 12 14 17 23 24
4 3 57 116 187 236 284 321 383 449 514 565 0 5 6 7 10 11 12 13 16 16
4 4 93 151 212 271 326 382 449 516 595 658 1 2 4 4 5 5 8 10 11 14
4 5 67 130 207 276 332 388 464 533 599 659 2 3 6 10 13 14 17 19 19 19
4 6 74 130 199 259 318 357 426 478 537 588 4 8 10 15 15 18 19 21 23 25
4 7 68 118 184 253 317 383 433 493 547 621 2 3 7 7 10 14 15 15 16 18
4 8 77 135 199 271 323 369 436 493 547 608 3 6 7 9 12 17 20 21 25 25
4 9 66 130 180 251 313 383 442 491 568 624 5 6 7 8 11 12 13 14 15 16
4 10 72 145 205 269 337 395 453 502 548 616 4 5 8 10 10 10 13 14 15 16
5 0 83 144 224 281 336 395 434 490 563 624 3 6 7 11 14 17 18 20 25 25
5 1 85 150 198 268 323 391 457 516 549 604 3 6 7 10 13 19 20 21 23 25
5 2 63 96 154 215 279 334 407 479 547 612 2 4 6 6 9 9 11 13 14 16
5 3 84 151 220 271 334 384 445 502 566 629 1 2 5 6 6 7 11 13 15 16
5 4 76 134 188 258 306 349 400 450 509 565 1 5 7 7 8 9 11 12 12 14
5 5 45 111 160 226 305 356 419 479 534 595 2 4 5 6 7 7 8 9 9 9
5 6 72 143 203 254 322 387 445 515 579 635 2 6 9 9 11 13 18 24 25 27
5 7 85 133 193 247 307 382 448 525 571 620 2 7 8 10 10 10 13 15 17 18
5 8 76 146 198 269 351 411 470 539 585 651 2 4 6 9 9 9 10 10 11 19
5 9 75 160 228 283 361 417 480 537 585 635 5 5 5 8 11 12 14 15 17 18
5 10 55 102 158 213 270 340 404 472 529 587 5 7 9 11 12 13 14 15 16 17
6 0 70 130 189 253 321 388 447 523 586 656 6 8 8 10 10 12 13 15 18 22
6 1 68 128 184 244 300 360 426 484 563 613 1 1 3 6 7 8 13 16 16 18
6 2 55 124 178 250 301 361 443 514 584 649 1 3 4 5 7 10 12 12 15 18
6 3 77 142 219 270 327 392 450 505 578 637 1 4 6 8 10 10 13 15 18 20
6 4 73 140 195 252 316 375 442 502 556 608 2 4 5 9 10 12 14 14 16 16
6 5 72 138 219 299 377 430 486 537 582 631 8 10 14 19 20 21 23 27 27 30
6 6 72 150 202 267 351 415 480 529 592 640 5 6 10 13 14 15 16 16 18 20
6 7 86 146 201 258 338 389 453 507 560 620 0 4 5 7 9 10 12 13 14 14
6 8 69 136 191 265 317 378 443 504 560 603 3 4 5 7 9 10 13 15 19 20
6 9 92 168 238 304 371 433 500 562 624 655 3 4 4 5 6 9 11 13 14 14
6 10 93 165 229 298 349 405 447 512 569 626 3 4 5 6 7 10 10 11 14 16
7 0 70 131 200 269 337 412 475 526 591 647 2 3 3 12 13 14 14 14 15 19
7 1 53 117 192 246 320 384 450 506 571 622 2 5 7 7 11 12 12 12 14 14
7 2 53 117 187 243 299 377 436 514 574 630 1 4 4 4 7 10 11 14 15 18
7 3 69 144 209 287 346 384 472 520 575 644 4 4 6 8 10 10 10 11 11 13
7 4 57 111 174 231 288 338 406 462 525 575 2 5 7 8 10 11 12 14 16 18
7 5 70 130 188 247 297 351 416 471 536 579 3 6 7 11 11 14 15 16 18 21
7 6 81 140 208 256 326 395 457 516 556 605 3 4 6 7 8 10 12 13 14 15
7 7 82 163 227 292 353 403 464 513 566 613 3 7 8 8 8 9 10 11 11 13
7 8 81 161 215 263 319 371 433 490 548 611 3 6 6 7 7 9 11 11 14 15
7 9 73 152 212 269 323 371 425 481 538 597 3 5 6 6 7 7 9 11 14 16
7 10 53 130 201 247 307 362 426 486 550 604 2 5 7 8 11 11 12 14 15 17
8 0 64 129 194 260 336 407 456 514 581 632 6 9 12 13 15 20 20 24 25 27
8 1 58 125 188 244 298 345 398 463 526 598 2 7 11 11 12 15 17 20 22 23
8 2 73 142 205 254 317 368 430 490 560 629 2 6 9 11 11 15 17 19 20 22
8 3 71 131 195 263 330 375 429 487 548 606 4 6 8 10 11 12 12 13 15 17
8 4 81 169 240 312 376 433 502 568 627 671 5 10 13 17 19 21 22 24 25 26
8 5 48 117 185 257 299 377 451 497 557 617 2 3 5 6 6 8 11 13 18 21
8 6 64 121 183 233 286 353 407 458 518 572 4 6 7 8 11 14 14 15 15 18
8 7 83 142 199 255 301 357 406 471 533 601 3 4 5 6 6 8 12 15 15 19
8 8 54 137 199 267 331 385 446 499 555 597 4 7 10 10 13 14 14 16 16 17
8 9 74 143 195 256 308 370 422 472 525 584 2 3 5 8 8 9 10 10 12 15
8 10 69 129 201 272 350 413 470 520 555 616 3 3 5 10 11 16 17 19 20 22
9 0 57 99 171 229 281 355 412 472 546 615 4 7 10 12 12 14 16 18 18 19
9 1 79 152 215 283 339 392 453 505 579 638 3 6 6 7 9 10 14 16 22 27
9 2 73 149 218 281 338 415 484 548 614 682 1 4 7 8 10 11 12 12 14 15
9 3 55 118 169 242 301 354 417 498 547 600 4 8 9 10 10 14 15 19 23 23
9 4 64 130 191 247 295 346 405 468 536 607 5 6 7 9 13 13 15 18 20 20
9 5 58 131 171 233 301 368 430 462 530 597 3 6 7 8 10 11 14 15 19 20
9 6 57 131 190 245 295 358 411 471 535 589 4 7 8 12 12 12 14 16 16 19
9 7 73 141 193 253 306 344 418 492 541 599 2 6 8 11 12 12 12 14 15 16
9 8 60 110 158 205 259 312 346 420 473 537 2 5 6 7 12 13 13 15 16 21
9 9 80 140 193 260 323 375 442 491 537 601 3 6 8 11 14 19 20 22 25 28
9 10 81 141 190 266 324 395 448 493 562 609 2 4 7 11 12 16 18 20 21 22
10 0 52 114 183 233 300 367 450 506 568 624 6 9 9 11 19 21 22 22 24 27
10 1 67 136 194 255 301 373 428 492 541 601 6 9 10 10 11 15 18 22 22 28
10 2 67 127 184 240 296 336 383 458 517 591 6 6 9 11 15 18 23 24 28 30
10 3 78 127 189 248 310 371 411 487 544 603 1 4 7 9 10 10 11 11 14 15
10 4 86 141 214 268 334 413 471 528 580 629 0 2 2 3 3 4 4 9 11 12
10 5 67 134 170 227 268 315 383 445 497 566 5 7 13 14 15 18 20 21 24 24
10 6 85 144 201 277 355 407 470 538 568 635 8 8 9 12 17 18 22 25 26 27
10 7 67 138 192 246 310 371 424 490 567 616 0 3 9 11 16 19 20 23 26 26
10 8 89 146 202 250 306 369 427 481 536 604 3 6 7 10 10 11 13 14 16 17
10 9 66 143 211 270 331 372 420 496 560 620 3 9 11 12 14 16 18 19 21 21
10 10 56 115 176 213 277 333 403 437 495 567 3 5 5 6 8 10 10 10 10 13