0 0 58 129 189 248 314 382 454 525 580 628 4 5 6 8 9 10 12 14 14 14
0 1 66 146 206 263 327 380 462 534 601 659 2 3 5 8 12 15 16 20 22 22
0 2 64 120 164 233 303 363 417 486 559 612 1 6 8 9 11 13 17 17 21 21
0 3 63 110 181 259 337 397 461 541 597 672 4 4 8 11 14 18 19 20 22 23
0 4 67 126 191 254 317 407 473 543 600 660 2 4 5 7 7 9 10 11 15 18
0 5 74 136 197 253 338 401 472 527 590 644 3 5 8 11 12 16 18 20 20 22
0 6 81 140 218 274 324 394 449 515 575 649 2 3 5 8 9 12 13 15 17 19
0 7 64 137 202 281 342 403 463 529 613 680 7 9 11 12 14 15 15 15 21 23
0 8 67 140 196 253 321 379 433 501 571 627 2 2 4 4 4 5 8 12 12 13
0 9 79 146 208 279 344 406 465 537 588 645 3 5 6 7 9 12 15 16 17 18
0 10 59 103 163 239 301 354 411 479 529 576 3 5 9 12 15 15 17 22 22 22
1 0 76 153 211 272 337 402 473 534 603 680 5 8 8 10 12 15 16 17 18 21
1 1 60 126 191 257 309 372 435 499 560 615 1 3 5 6 7 11 13 14 14 16
1 2 68 133 206 276 331 393 454 534 592 659 5 5 8 8 10 12 13 14 14 16
1 3 83 147 206 267 327 380 449 512 578 630 2 5 8 9 10 13 16 18 21 22
1 4 63 128 182 244 302 382 433 486 542 599 7 10 12 12 12 14 16 21 21 22
1 5 60 124 185 232 307 373 454 508 571 624 4 5 10 14 16 17 22 23 24 25
1 6 74 147 215 294 353 432 490 548 592 656 1 3 3 7 8 10 12 12 13 15
1 7 79 136 206 269 327 376 446 506 553 610 7 8 10 11 12 12 15 16 20 23
1 8 90 166 225 266 330 381 441 494 556 607 4 4 8 8 9 11 12 14 16 20
1 9 70 140 190 241 306 352 402 457 530 590 5 5 7 9 11 13 16 17 18 19
1 10 69 155 216 293 351 409 483 532 591 661 1 2 4 6 6 9 12 12 14 17
2 0 66 133 191 241 303 370 448 517 586 657 4 6 9 10 12 13 18 24 26 28
2 1 67 146 225 297 359 436 518 582 635 693 3 5 7 7 7 9 10 11 13 13
2 2 69 126 194 253 316 386 455 506 555 620 5 5 6 6 6 13 14 17 18 18
2 3 81 145 206 266 309 392 452 507 570 631 4 6 8 8 9 11 12 12 14 16
2 4 62 118 180 236 291 365 430 496 547 606 3 4 4 7 9 10 11 13 14 18
2 5 62 138 200 276 356 421 470 524 579 653 3 7 8 10 10 15 17 24 25 29
2 6 59 116 198 247 304 371 433 506 557 631 1 4 4 4 5 5 6 9 10 13
2 7 66 126 188 258 321 388 437 497 554 618 5 7 8 13 13 14 17 17 18 20
2 8 71 121 183 242 309 360 410 457 508 560 3 4 5 8 9 11 12 13 16 18
2 9 69 128 185 235 305 359 431 470 502 536 3 5 5 7 10 10 14 15 15 16
2 10 58 134 201 259 317 374 433 496 570 637 1 3 4 4 7 9 10 11 12 13
3 0 68 115 178 225 275 343 376 426 483 550 2 3 7 10 12 12 15 16 18 22
3 1 73 133 191 262 302 346 412 478 548 610 3 7 7 8 8 9 11 12 17 21
3 2 77 141 196 264 317 383 439 509 559 609 3 5 7 10 10 14 14 19 21 24
3 3 90 157 228 279 338 407 469 536 592 656 3 3 5 8 9 10 12 14 16 16
3 4 68 134 188 244 301 353 400 464 536 588 3 6 7 12 13 15 17 17 19 21
3 5 75 139 211 280 337 397 464 507 569 607 4 9 13 17 18 19 21 22 25 27
3 6 65 128 187 251 316 378 433 490 553 610 2 4 5 8 11 13 15 18 19 20
3 7 67 138 204 269 343 408 469 534 606 653 2 6 7 7 7 8 10 14 14 15
3 8 70 141 188 245 301 347 413 464 522 576 0 4 4 11 15 17 20 21 24 25
3 9 66 139 213 265 325 382 433 478 521 569 1 6 8 10 12 13 13 15 16 18
3 10 70 137 200 263 304 365 417 457 516 570 4 6 9 10 10 10 11 12 12 13
4 0 75 139 198 263 314 388 468 516 563 603 2 4 8 9 10 10 12 14 16 16
4 1 69 139 193 241 294 360 410 473 544 596 4 6 6 7 10 12 14 16 18 19
4 2 63 119 202 261 323 383 463 534 589 657 4 6 10 12 14 16 17 18 19 23
4 3 74 141 206 260 317 376 436 495 559 618 1 3 3 4 6 6 8 9 10 10
4 4 92 160 209 263 322 393 444 505 563 612 4 5 6 7 8 10 13 13 14 14
4 5 77 139 189 250 312 363 401 443 505 559 4 4 5 7 9 10 10 11 14 18
4 6 90 151 211 279 332 413 482 537 595 647 1 1 8 9 11 12 13 13 13 16
4 7 72 139 212 262 335 388 432 510 577 626 4 5 6 9 11 11 15 16 18 18
4 8 57 118 184 234 290 340 397 451 515 558 2 3 4 5 5 7 9 11 11 13
4 9 47 121 183 248 300 367 404 465 521 560 3 5 8 8 9 10 10 13 16 17
4 10 70 119 191 249 309 381 433 488 518 569 0 1 3 4 7 10 11 13 13 14
5 0 87 149 228 291 359 427 500 572 624 685 4 7 9 13 15 16 18 20 22 23
5 1 71 133 185 251 309 379 439 505 564 613 4 5 6 10 14 18 19 19 20 21
5 2 71 160 215 271 342 390 455 517 581 631 9 11 15 16 19 22 23 27 29 31
5 3 66 119 196 246 308 387 453 507 579 639 3 6 6 7 8 11 13 15 17 19
5 4 71 135 200 249 309 372 439 504 563 636 2 4 5 6 8 9 9 11 11 12
5 5 79 154 221 268 323 389 452 507 560 621 0 3 5 7 7 9 15 17 17 20
5 6 80 134 189 261 320 401 465 516 583 632 5 8 8 10 12 17 20 22 25 25
5 7 60 131 195 244 304 348 406 448 510 571 1 2 3 3 4 4 6 7 7 8
5 8 71 132 183 260 306 357 416 472 528 592 6 7 8 9 10 11 12 13 16 16
5 9 67 133 206 277 318 383 432 496 542 605 4 5 7 8 9 11 12 14 18 19
5 10 76 131 189 259 299 352 416 473 530 592 4 5 5 7 8 8 11 12 13 17
6 0 59 114 167 222 278 333 384 435 496 545 4 7 7 8 9 12 12 15 21 22
6 1 62 130 196 250 306 370 444 491 539 603 5 6 7 9 11 15 18 18 20 21
6 2 78 148 215 279 348 401 445 502 567 628 1 3 6 8 10 11 11 13 13 19
6 3 88 161 223 288 335 398 440 502 554 628 7 8 8 11 11 13 14 16 19 20
6 4 64 133 189 245 291 357 415 474 526 578 2 7 7 8 9 9 12 17 20 21
6 5 70 144 209 267 329 382 421 499 556 620 4 6 8 8 9 12 14 16 18 20
6 6 55 113 191 264 328 382 434 502 564 617 1 1 2 3 5 7 7 8 9 9
6 7 87 155 203 262 305 375 431 491 548 621 2 4 4 5 6 6 12 14 15 17
6 8 72 138 190 261 325 384 433 493 568 616 2 6 6 8 12 14 15 16 16 18
6 9 67 134 210 265 319 377 431 503 568 623 5 5 8 11 12 12 12 13 14 14
6 10 75 137 208 264 332 378 435 492 543 613 2 4 5 5 8 10 12 13 17 19
7 0 76 128 199 254 333 385 442 495 575 637 1 4 7 7 9 10 14 19 21 24
7 1 79 133 197 261 311 377 433 495 560 621 3 4 8 10 11 14 17 17 20 24
7 2 55 111 179 229 309 348 413 483 550 628 6 9 15 17 22 25 28 31 31 33
7 3 76 149 219 271 319 383 434 486 529 596 2 7 10 13 15 20 21 22 23 25
7 4 82 140 202 256 315 364 419 490 544 596 2 8 11 14 16 19 19 21 23 24
7 5 74 133 187 244 295 356 408 457 508 567 7 12 12 14 16 18 21 21 22 24
7 6 73 124 183 246 288 347 402 463 534 588 6 9 10 11 13 13 15 16 18 20
7 7 70 131 206 253 326 382 435 495 539 607 5 5 6 7 10 10 11 12 12 15
7 8 75 130 195 243 303 369 424 486 526 586 3 5 5 6 7 8 11 14 15 18
7 9 73 135 195 259 320 362 428 470 518 572 6 11 11 11 11 13 14 14 15 16
7 10 81 146 195 256 320 380 433 492 551 603 3 7 9 13 15 18 19 20 20 22
8 0 71 151 223 264 327 392 473 533 580 649 1 3 6 6 11 12 13 15 16 17
8 1 64 119 194 257 317 396 461 514 572 638 4 7 9 11 12 14 19 21 21 22
8 2 81 148 203 278 357 416 452 513 576 637 6 10 10 11 15 15 16 18 22 23
8 3 66 143 201 265 319 381 439 509 561 620 1 3 4 7 8 13 16 19 22 23
8 4 67 144 211 266 324 386 445 505 566 624 0 2 3 4 8 9 10 13 14 16
8 5 77 131 185 253 324 398 457 507 578 634 2 3 5 7 8 8 10 10 16 17
8 6 80 144 192 273 339 394 427 500 568 625 2 5 7 7 9 10 12 18 19 20
8 7 79 146 211 269 340 388 430 491 573 628 3 5 6 7 8 10 12 13 15 16
8 8 61 126 185 251 288 359 422 468 529 589 4 6 7 8 8 9 9 11 14 17
8 9 97 156 222 281 325 392 446 499 565 614 4 6 8 10 10 11 13 14 14 16
8 10 85 145 205 276 326 385 442 501 553 607 4 7 7 8 10 10 10 10 10 11
9 0 73 137 188 243 317 385 445 497 551 626 4 6 8 15 18 19 20 21 21 24
9 1 82 164 230 279 356 416 466 525 577 655 5 7 7 11 15 17 19 22 26 26
9 2 68 143 215 291 361 419 475 525 588 643 6 6 8 11 13 13 16 19 21 24
9 3 71 136 199 260 319 395 456 512 579 636 4 6 7 10 11 12 15 19 20 25
9 4 74 135 211 262 304 379 432 485 542 604 3 6 8 11 12 14 16 16 18 21
9 5 64 117 193 240 295 345 388 448 514 567 7 9 13 13 14 15 17 18 20 22
9 6 64 114 191 259 332 376 441 514 558 607 6 7 8 11 12 14 16 19 22 23
9 7 58 118 164 206 271 328 392 457 520 570 2 4 4 5 6 6 7 9 9 10
9 8 69 130 185 255 315 361 406 455 506 557 4 4 6 6 7 8 9 11 11 11
9 9 94 161 230 286 336 388 438 499 543 593 2 3 4 4 7 11 13 15 17 19
9 10 70 144 200 257 309 369 422 489 527 574 3 8 12 13 16 19 19 20 20 20
10 0 55 111 184 251 313 363 427 505 561 617 1 5 8 10 11 13 15 18 20 22
10 1 65 117 169 221 278 347 420 473 531 601 1 1 3 6 7 9 11 11 12 15
10 2 59 114 186 221 295 364 414 478 542 595 1 3 6 6 7 9 11 15 15 17
10 3 78 149 218 289 338 403 465 519 594 657 7 8 8 10 11 14 15 16 19 23
10 4 71 158 229 288 328 378 443 499 562 626 9 12 15 16 16 16 16 17 17 18
10 5 75 124 197 258 296 368 424 486 546 593 3 5 7 8 9 13 14 18 18 18
10 6 66 132 188 246 313 383 424 473 550 595 2 7 9 11 14 18 18 18 23 24
10 7 75 150 203 258 326 386 445 513 543 595 3 6 8 9 10 11 15 15 18 23
10 8 71 131 186 252 287 342 399 463 509 565 4 6 10 11 12 14 15 17 20 22
10 9 75 128 199 260 316 368 412 472 505 563 1 2 5 7 10 12 14 15 16 16
10 10 81 135 193 241 288 338 399 447 497 541 3 3 6 8 9 12 14 16 16 16