0 0 8 16 28 36 43 48 56 69 78 85 1 2 2 2 3 4 5 6 6 6
0 1 11 18 29 35 41 53 61 72 81 89 2 2 3 4 4 4 5 5 5 5
0 2 11 21 27 35 47 57 66 79 90 99 2 2 2 2 2 3 3 6 6 7
0 3 10 15 28 34 51 57 62 66 70 81 1 1 2 3 3 4 4 4 5 5
0 4 13 22 27 41 48 53 58 63 74 83 3 4 6 6 7 8 9 9 9 11
0 5 3 16 28 32 41 48 54 64 73 84 1 3 5 5 6 6 6 7 8 8
0 6 8 13 18 23 26 39 46 56 69 77 0 0 0 0 0 0 2 2 4 5
0 7 13 24 32 44 57 66 75 90 99 108 0 0 1 2 3 3 5 5 7 7
0 8 6 14 25 31 37 46 56 63 71 79 0 0 0 0 0 0 0 0 0 0
0 9 9 17 22 27 34 42 53 62 72 80 0 1 1 3 3 4 5 8 8 8
0 10 6 14 21 27 37 49 56 64 73 82 2 2 2 2 3 3 5 8 9 10
1 0 6 12 17 26 37 41 51 60 70 80 0 1 2 3 3 3 3 5 5 6
1 1 6 15 28 38 45 49 56 67 74 79 0 0 1 1 2 3 3 3 4 5
1 2 15 27 40 50 56 64 72 79 91 99 1 2 3 4 4 5 5 6 8 8
1 3 7 17 30 37 46 55 65 73 78 82 0 2 5 6 6 6 8 8 8 8
1 4 9 18 25 30 39 46 53 66 71 77 1 3 3 3 3 4 4 5 6 7
1 5 6 16 28 39 52 59 67 71 86 97 0 1 1 1 1 1 1 1 1 1
1 6 9 21 27 36 41 48 54 66 76 83 0 0 0 0 0 0 0 0 0 1
1 7 5 13 23 30 40 46 55 68 77 85 1 2 2 2 3 7 7 7 8 9
1 8 9 19 24 34 41 48 57 66 70 78 2 2 2 2 3 3 3 5 6 7
1 9 6 16 21 30 38 44 50 60 63 73 2 2 3 3 3 5 6 8 8 10
1 10 9 17 27 39 45 58 66 74 80 87 0 2 3 3 3 3 3 5 6 6
2 0 5 15 23 32 46 52 56 63 70 82 0 1 1 3 4 4 5 6 8 9
2 1 6 18 25 32 35 43 53 60 73 77 0 1 2 2 3 4 4 4 6 7
2 2 10 18 27 46 55 64 71 79 88 100 0 1 2 3 4 4 5 5 5 7
2 3 6 19 32 42 50 55 60 70 80 89 2 2 2 2 2 2 2 3 3 3
2 4 11 18 26 33 40 55 64 73 84 93 1 1 1 3 3 4 5 5 6 6
2 5 9 25 37 49 60 70 75 87 94 99 1 1 2 2 2 2 2 2 2 3
2 6 6 14 20 28 38 44 52 56 68 78 0 0 1 2 2 6 6 7 7 7
2 7 8 14 20 24 34 44 50 56 61 65 1 3 3 3 4 5 6 6 6 7
2 8 12 18 29 41 45 58 69 79 88 94 0 0 1 2 2 2 3 3 5 5
2 9 6 20 28 35 44 53 60 72 83 88 1 1 5 5 7 8 8 10 11 11
2 10 7 16 26 34 44 53 66 71 80 90 0 1 1 1 1 1 2 2 4 4
3 0 14 22 31 43 48 54 63 75 81 86 1 1 2 2 4 4 4 6 7 8
3 1 8 16 24 32 39 47 55 68 76 83 0 0 0 0 1 2 4 5 5 7
3 2 8 23 32 41 51 58 65 74 82 91 1 1 1 2 4 4 6 7 7 10
3 3 8 23 35 44 55 65 71 79 89 96 1 1 2 2 2 2 2 2 2 2
3 4 10 13 25 36 43 48 54 61 65 70 0 2 2 3 5 6 6 6 7 7
3 5 10 20 26 39 51 56 65 67 72 77 0 1 2 2 2 5 5 5 6 8
3 6 6 15 25 34 37 42 51 58 71 75 2 3 3 5 6 6 6 7 8 8
3 7 8 14 21 34 42 49 59 70 78 89 0 0 2 2 3 3 3 3 3 5
3 8 9 18 31 39 49 59 62 70 82 88 1 1 2 4 4 4 4 4 6 7
3 9 4 10 18 31 43 50 53 63 70 78 1 3 3 3 3 4 5 5 6 7
3 10 8 16 27 34 43 53 58 67 77 85 2 2 4 4 4 4 4 4 6 7
4 0 14 27 37 41 53 61 65 72 79 90 2 3 4 4 4 7 10 11 12 13
4 1 9 19 26 35 44 46 58 68 77 84 0 1 1 2 3 5 6 6 6 6
4 2 12 19 28 36 41 51 58 66 76 87 0 1 1 1 2 2 2 2 4 4
4 3 9 20 31 42 52 59 70 77 81 86 3 3 3 4 4 4 5 7 8 8
4 4 7 18 30 39 47 54 67 76 89 102 2 3 4 4 5 6 6 7 8 8
4 5 6 14 22 26 33 45 57 61 69 79 0 1 2 3 3 4 5 6 6 6
4 6 7 16 23 31 44 54 61 67 78 88 0 0 0 2 3 3 4 5 6 7
4 7 9 22 29 37 46 54 65 74 80 89 0 1 1 1 3 3 3 4 5 5
4 8 10 22 28 39 42 48 62 70 81 88 0 2 2 2 2 4 5 5 7 8
4 9 7 15 23 31 36 44 57 69 82 93 1 1 1 1 1 2 4 4 6 7
4 10 6 12 22 32 39 45 51 60 70 80 0 0 2 2 3 4 4 4 4 4
5 0 8 20 29 45 56 64 69 71 82 92 0 1 1 1 2 2 2 3 5 7
5 1 9 18 26 33 45 54 58 67 77 84 1 3 3 4 5 6 7 10 10 10
5 2 11 24 31 38 53 60 68 76 84 92 0 0 1 2 2 5 5 5 6 6
5 3 9 15 21 26 32 42 44 60 65 78 0 1 2 3 5 5 5 5 5 7
5 4 9 20 31 36 41 48 56 64 68 77 0 2 2 4 5 5 5 6 7 7
5 5 9 16 30 39 45 56 60 69 76 86 0 2 2 3 5 5 5 7 7 7
5 6 12 19 23 30 44 56 63 70 76 86 2 2 2 4 4 4 5 5 8 8
5 7 8 17 24 33 41 52 59 70 75 82 0 3 5 6 6 7 8 8 8 10
5 8 8 20 31 39 52 58 64 74 77 87 0 1 3 3 4 5 5 7 7 7
5 9 4 9 19 26 36 47 54 58 65 72 1 1 1 2 2 4 5 6 6 7
5 10 10 14 23 32 44 55 63 67 72 77 1 1 3 6 7 7 8 8 8 8
6 0 4 17 25 35 50 57 62 70 79 84 2 2 2 3 3 3 3 3 5 5
6 1 10 18 22 31 38 41 47 55 66 76 0 1 4 5 5 5 5 5 7 8
6 2 10 21 33 41 49 53 62 67 75 79 0 0 1 2 2 4 4 5 5 5
6 3 6 13 21 26 34 45 57 66 74 81 0 1 3 4 5 5 5 6 6 6
6 4 10 20 29 35 42 51 57 61 71 79 0 0 1 1 1 2 2 3 5 5
6 5 13 20 27 35 45 58 61 70 86 95 1 1 2 4 5 5 5 5 8 8
6 6 10 16 25 34 45 54 61 70 83 92 1 1 1 2 3 4 4 5 6 8
6 7 9 16 25 37 47 53 62 69 78 85 0 0 1 2 3 3 4 4 4 5
6 8 8 14 25 33 37 44 54 61 66 74 0 1 3 3 4 4 5 5 7 7
6 9 11 22 30 37 46 57 69 76 81 85 1 2 2 4 4 4 4 5 6 6
6 10 9 25 36 42 47 58 69 79 88 93 0 1 1 4 5 5 8 9 9 10
7 0 9 18 30 41 53 61 71 77 84 93 1 1 2 2 4 5 6 6 6 6
7 1 8 13 22 30 41 53 61 68 79 88 1 2 2 2 2 2 2 2 2 2
7 2 9 20 29 39 45 56 61 69 70 78 3 5 5 5 7 8 9 11 11 11
7 3 6 17 28 33 37 45 57 67 69 74 1 2 2 3 5 5 5 5 5 5
7 4 7 18 31 39 47 57 62 71 80 90 3 3 3 3 5 7 7 8 8 8
7 5 9 14 23 33 42 54 65 71 83 93 3 3 3 4 8 10 10 11 11 13
7 6 6 17 29 35 43 53 61 71 82 92 0 0 0 0 0 0 0 1 1 1
7 7 6 11 15 23 30 41 46 56 65 70 0 1 2 3 4 6 7 9 9 9
7 8 8 18 27 34 42 52 61 71 82 90 2 3 5 6 7 8 9 12 13 14
7 9 5 14 21 29 41 50 59 65 74 85 0 0 2 3 6 6 7 8 9 10
7 10 11 19 27 31 39 50 58 71 77 84 1 4 4 5 5 6 6 6 8 8
8 0 7 19 27 35 42 48 57 65 71 75 0 0 0 2 4 4 5 7 7 7
8 1 7 17 24 32 38 46 53 65 71 79 0 2 2 2 5 5 5 6 6 6
8 2 13 22 30 40 46 54 62 71 83 88 1 1 1 1 1 1 1 1 1 1
8 3 9 18 26 30 34 40 53 65 69 76 4 5 8 9 10 11 14 15 16 16
8 4 12 18 23 35 47 58 67 75 87 96 0 0 1 2 4 4 4 4 4 4
8 5 8 18 25 30 44 53 61 73 77 83 2 3 5 6 7 8 8 9 10 10
8 6 8 16 27 33 43 53 62 69 79 87 0 1 2 2 2 5 5 5 5 5
8 7 10 20 31 36 43 53 61 69 74 79 3 3 3 4 4 6 7 7 8 9
8 8 6 14 22 30 36 46 57 64 70 74 1 1 1 1 1 1 2 3 3 3
8 9 7 13 25 32 40 56 67 75 85 93 0 1 1 3 5 5 7 7 8 10
8 10 10 23 33 42 52 68 78 86 92 98 1 1 1 2 2 3 4 6 7 7
9 0 12 26 36 42 50 60 65 74 80 87 0 0 1 2 3 3 5 6 7 9
9 1 12 19 24 36 44 58 71 80 90 98 0 0 0 0 0 0 0 2 2 3
9 2 13 18 28 38 47 53 63 72 80 86 0 4 5 7 10 13 14 16 16 17
9 3 7 11 23 34 42 53 62 74 80 90 1 2 3 4 4 4 4 5 6 6
9 4 10 14 24 35 42 51 58 70 76 79 0 0 2 2 2 4 5 5 7 8
9 5 9 20 27 37 45 50 61 69 77 89 0 0 1 1 1 1 2 4 6 7
9 6 12 21 27 34 40 51 62 73 78 86 1 1 2 2 2 2 2 2 3 3
9 7 7 15 28 37 48 56 61 67 77 82 1 1 1 1 2 4 4 5 6 9
9 8 9 21 29 38 49 59 64 72 86 95 1 1 1 3 3 4 5 6 7 8
9 9 6 12 21 26 35 40 46 54 63 70 0 0 0 1 2 2 2 2 4 6
9 10 8 15 30 38 51 56 65 68 74 83 1 3 3 3 5 5 6 6 6 7
10 0 8 16 21 30 37 48 56 65 71 80 1 1 2 2 2 3 4 4 4 5
10 1 13 21 29 38 43 53 59 68 78 89 1 3 4 4 6 6 8 10 10 11
10 2 6 15 21 31 39 48 54 66 70 83 1 2 2 4 4 4 4 4 5 5
10 3 8 19 27 40 49 54 62 70 79 92 1 1 2 2 2 3 4 7 7 10
10 4 10 19 27 36 46 53 68 73 82 90 1 2 2 4 4 4 5 5 6 7
10 5 8 19 30 41 52 58 63 74 81 89 2 2 2 3 6 7 9 12 17 18
10 6 11 26 36 48 54 59 66 77 84 92 0 1 3 4 4 4 4 4 5 5
10 7 6 19 33 42 51 55 63 77 87 94 1 2 4 5 5 6 6 7 7 8
10 8 11 21 32 37 47 56 64 73 82 91 1 2 2 3 5 6 6 7 7 10
10 9 8 16 29 38 47 53 58 63 68 78 0 3 5 6 6 7 7 7 7 7
10 10 5 14 23 30 39 44 55 70 77 85 0 1 1 1 2 3 3 3 5 7