0 0 17 349
0 1 185 346
0 2 35 62
0 3 195 236
0 4 314 340
0 5 72 101
0 6 12 254
0 7 486 950
0 8 86 486
0 9 591 621
0 10 43 297
1 0 34 35
1 1 190 193
1 2 122 552
1 3 556 561
1 4 55 116
1 5 298 662
1 6 3 178
1 7 694 853
1 8 59 287
1 9 252 435
1 10 244 398
2 0 225 321
2 1 145 538
2 2 11 36
2 3 754 799
2 4 13 48
2 5 87 267
2 6 103 149
2 7 34 438
2 8 43 74
2 9 637 894
2 10 13 30
3 0 60 341
3 1 5 277
3 2 144 279
3 3 88 367
3 4 170 172
3 5 56 147
3 6 88 741
3 7 5 63
3 8 94 146
3 9 338 470
3 10 165 816
4 0 5 9
4 1 6 127
4 2 169 217
4 3 84 114
4 4 631 689
4 5 176 216
4 6 9 350
4 7 399 553
4 8 196 363
4 9 217 219
4 10 177 242
5 0 399 498
5 1 606 935
5 2 134 517
5 3 76 274
5 4 372 1100
5 5 9 707
5 6 505 515
5 7 143 246
5 8 285 353
5 9 147 295
5 10 724 796
6 0 49 143
6 1 15 440
6 2 14 146
6 3 51 53
6 4 124 226
6 5 81 93
6 6 36 81
6 7 28 205
6 8 16 368
6 9 458 627
6 10 45 451
7 0 47 425
7 1 268 565
7 2 62 98
7 3 59 179
7 4 144 208
7 5 545 634
7 6 374 412
7 7 138 242
7 8 88 158
7 9 18 178
7 10 33 121
8 0 147 185
8 1 38 272
8 2 114 376
8 3 690 830
8 4 169 312
8 5 481 971
8 6 705 766
8 7 102 408
8 8 492 904
8 9 529 658
8 10 96 277
9 0 238 333
9 1 33 139
9 2 77 363
9 3 330 468
9 4 93 141
9 5 282 329
9 6 96 535
9 7 75 823
9 8 302 1062
9 9 727 890
9 10 123 168
10 0 246 466
10 1 6 281
10 2 246 388
10 3 84 925
10 4 229 508
10 5 171 468
10 6 142 659
10 7 243 591
10 8 87 853
10 9 360 1916
10 10 45 412
