0 0 701 1515 2111 3547 3958 4610 5230 5743 6899 8403
0 1 722 1120 1520 1769 2211 2696 3475 4228 5252 6040
0 2 1410 2006 2308 2962 3611 4476 5100 5826 6371 6682
0 3 904 1691 2477 3551 4562 5335 6088 6413 7276 8161
0 4 694 1622 2293 2942 3331 3708 4010 4942 5460 6070
0 5 948 1857 2763 3542 4311 5076 5934 6912 7840 9282
0 6 663 1837 3020 3208 4349 5588 6439 7394 7996 8830
0 7 1072 1729 2595 3479 4587 5390 6214 6808 7685 8476
0 8 811 1819 3004 3541 4101 4631 5300 5857 6781 7707
0 9 963 2037 2720 3314 4197 5535 6376 7464 8114 8744
0 10 1299 2031 2795 3558 4525 5075 5895 6522 7799 8747
1 0 845 1371 1849 2550 2978 3315 3818 4382 4936 5527
1 1 1184 1839 2382 3268 3633 4060 4372 4712 5180 5677
1 2 1055 1825 2064 2444 2741 3056 3310 3507 3809 4057
1 3 1632 2304 2865 3313 3782 4147 4488 4945 5188 5433
1 4 804 1339 1785 2513 2929 3591 3865 4241 4714 5275
1 5 897 1815 2230 2838 3353 3735 4210 4460 4838 5097
1 6 1038 2020 2736 3144 3596 3940 4242 4934 5326 5571
1 7 978 1795 2344 2743 3374 3776 4282 4762 5081 5401
1 8 722 1945 2445 3332 4229 4649 5009 5297 5695 6067
1 9 799 1493 2132 2623 2920 3550 3938 4423 4658 5313
1 10 1275 1765 2615 3738 4781 5258 5811 6504 7166 7806
2 0 1237 2068 2537 2836 3309 3873 4191 4510 4796 5157
2 1 869 1599 1893 2346 2792 2967 3248 3488 3923 4265
2 2 910 1286 1623 2339 2586 3050 3284 3650 4003 4234
2 3 893 1452 1886 2310 2664 2984 3413 3827 4030 4322
2 4 926 1519 1822 2239 2539 2885 3288 3621 3956 4225
2 5 1057 1691 2248 2588 3187 3701 4050 4500 4797 5105
2 6 813 1311 1932 2400 2765 3185 3570 3804 4361 4552
2 7 1091 1959 2488 2910 3194 3483 3780 4059 4250 4829
2 8 1496 2486 2927 3307 3747 4338 5191 5826 6411 6978
2 9 992 2212 3603 4097 4703 5420 5705 5808 5945 6258
2 10 877 1619 1951 2382 2943 3625 4620 5990 6503 7569
3 0 546 1133 1527 2215 2627 3288 3514 3882 4456 4807
3 1 1423 2011 2750 3041 3471 4020 4332 4754 5328 5926
3 2 668 1217 1989 2625 2955 3360 3588 3904 4144 4474
3 3 796 1354 1797 2128 2444 2873 3449 3738 4209 4705
3 4 895 1705 2148 2738 3118 3327 3591 3870 4165 4576
3 5 1495 1874 2308 2755 3183 3399 3689 4075 4417 4643
3 6 426 1291 1823 2257 2637 2896 3229 3918 4200 4480
3 7 736 1857 2582 2921 3430 3905 4207 4459 4850 5280
3 8 575 1766 2834 3168 3538 3957 4455 4914 5530 6357
3 9 636 1608 2075 2582 3241 3701 4242 4774 5783 5963
3 10 1375 2315 2852 3556 4440 5408 6298 6786 7104 7633
4 0 972 1430 1942 2807 3502 4184 4594 4838 5191 5866
4 1 916 1615 2651 2940 3312 3830 4267 4923 5405 5913
4 2 1093 1576 2332 2933 3640 4073 4671 4969 5669 6023
4 3 967 2014 2588 3155 3584 3924 4236 4615 5021 5308
4 4 785 1667 2464 2734 3408 4008 4383 4775 5147 5514
4 5 563 1063 1446 1840 2278 2680 3041 3446 3862 4116
4 6 816 1635 2489 2954 3258 3630 4085 4565 4844 5225
4 7 1072 1724 2741 3270 3608 4206 4756 5240 5646 6193
4 8 1491 1868 2788 3941 4613 5369 6239 6535 7192 7747
4 9 1073 1476 1830 2197 2551 4002 4361 5033 5584 6232
4 10 1366 2273 2888 3898 5697 6454 7546 8349 8885 9982
5 0 457 1307 2022 2288 3241 3950 4529 5570 5899 6261
5 1 890 1224 1731 2142 2441 2949 3241 3776 4050 4655
5 2 1079 1442 2303 2941 3530 4089 4505 4935 5305 5769
5 3 975 1489 2018 2352 2815 2999 3468 4116 4609 5121
5 4 482 1248 1830 2435 3044 3317 3675 3984 4470 4923
5 5 394 1324 2117 2507 2948 3529 4079 4436 4669 4880
5 6 851 1582 2011 2598 2904 3417 3819 4293 4690 5269
5 7 1123 2431 3009 3519 4385 5206 5644 5955 6371 7001
5 8 1503 2499 3170 3921 4373 4766 5283 5943 6670 6887
5 9 1778 3488 3785 4981 5768 6563 7520 7862 8581 9705
5 10 878 2193 3397 4386 5017 5808 6652 7560 8374 8985
6 0 1245 1986 2420 2882 3273 4029 4571 5165 6244 6574
6 1 944 1954 3012 3362 3914 4607 5289 5488 5994 6431
6 2 787 1764 2836 3243 3544 4262 5176 5722 6374 6869
6 3 788 1515 1937 2269 2663 3324 3913 4672 5189 5698
6 4 816 1311 1970 2529 3023 3478 3889 4425 5104 5458
6 5 1155 1973 2518 2894 3240 3672 4068 4520 4696 4912
6 6 1102 1628 2030 2572 3045 3406 3744 4243 4897 5271
6 7 1525 2204 3520 4380 5262 6073 6509 6869 7477 8222
6 8 813 2061 2708 3115 3733 4307 5686 6782 7317 7765
6 9 938 1839 2779 3632 4428 5459 5985 6685 7723 8131
6 10 1460 2271 3194 3935 5150 5874 6719 8653 10241 10856
7 0 957 1614 3035 4317 4859 5761 6459 8311 8908 9904
7 1 1012 2555 4076 4686 5396 6482 6925 7648 8620 9328
7 2 732 1464 2049 2860 3885 4355 4841 5577 6043 6544
7 3 1490 2456 3128 3726 4331 4977 5557 6167 6591 7064
7 4 864 1553 1892 2170 2533 2668 2987 3232 3639 4038
7 5 1003 1960 2727 3378 4036 4437 5017 5429 5809 6744
7 6 1094 1883 2750 3889 4380 5007 5306 5932 6294 6872
7 7 1002 1585 2958 3399 3751 4081 4221 4791 5382 5859
7 8 979 2514 3548 3932 4573 5392 6034 6797 7331 7812
7 9 639 1777 2486 3323 4179 4803 5248 5935 6608 7429
7 10 1314 3163 4326 5182 5904 6815 7605 8846 9709 10198
8 0 1408 2412 3663 5279 6159 6806 7897 8465 9408 10068
8 1 1204 2909 3558 3973 4591 5070 6345 7012 7834 8430
8 2 1029 1709 2567 3222 4490 5227 5696 6498 7144 8051
8 3 753 1540 2265 2598 3507 4207 4883 5778 6010 6411
8 4 1006 1592 2389 3012 4151 4714 5929 7149 8090 9361
8 5 852 2322 3153 3913 4275 4782 5798 6021 6417 6821
8 6 1242 1764 2927 3567 4069 4537 5550 6074 6711 7721
8 7 1139 2153 2735 3578 4681 5563 5951 7002 7862 8364
8 8 1467 3054 3584 4255 4917 5476 6668 7160 7960 8422
8 9 1538 2889 3392 4041 5423 6281 7099 7737 8389 9331
8 10 349 1531 3561 5308 6548 7017 7703 9116 9721 10728
9 0 1438 2105 3210 5132 5795 6372 7887 9126 9898 10497
9 1 1535 2921 3632 4239 4947 5187 5869 7300 7871 9281
9 2 631 1220 1893 2729 3642 5468 6175 7283 8153 8667
9 3 1354 2274 2835 4600 5275 6345 7399 8172 9115 9760
9 4 1659 2599 3743 4433 4912 5358 6307 6601 7514 8337
9 5 1173 2349 3321 3848 4352 5004 5821 6951 7612 8073
9 6 818 1870 2406 2910 3145 4444 5585 6132 6529 7236
9 7 914 1755 2854 3478 4160 4966 5730 6394 6838 7557
9 8 460 1337 2567 3613 4573 6048 7257 7545 7794 8184
9 9 1122 2438 3760 4917 6353 7784 8910 10150 11350 11895
9 10 1061 2939 3803 5087 5939 6407 7238 7893 9107 9928
10 0 553 1640 2900 3745 4461 5157 6815 7757 8909 10740
10 1 605 1546 2723 3659 4556 5346 6992 7823 8812 9843
10 2 1009 2230 3044 3379 4531 5672 6320 7509 8671 10918
10 3 845 2697 4368 5120 6559 7734 8263 9046 10612 11578
10 4 1313 3291 4145 5237 6926 8291 8871 9517 9849 10787
10 5 1237 2123 3724 4628 5023 6607 8197 9548 10191 10991
10 6 1128 2633 3329 4395 5492 6006 7027 7842 9289 10541
10 7 1001 2310 3044 5186 5831 7252 8143 9460 10172 10817
10 8 946 1444 3206 4744 5592 7418 8378 9516 10363 11492
10 9 1277 3622 4974 7720 9230 12389 13520 14424 15134 16204
10 10 1199 4936 7382 9281 11009 12868 14135 15566 16687 17893
