0 0 63 128 198 262 322 380 435 485 537 607 4 4 7 10 11 14 16 19 22 23
0 1 53 111 175 231 300 368 430 487 562 628 4 9 10 13 17 18 21 22 26 28
0 2 64 123 196 257 337 403 469 524 581 651 4 5 7 9 11 15 20 24 25 27
0 3 74 136 197 265 350 417 481 548 607 671 3 4 4 6 9 13 15 17 18 20
0 4 62 130 195 267 329 423 479 559 618 684 3 4 6 8 9 11 16 17 19 21
0 5 78 146 213 267 334 409 478 529 586 658 6 9 14 19 20 21 21 24 27 28
0 6 77 144 210 276 357 414 470 536 586 655 2 6 9 10 13 13 19 21 22 24
0 7 61 123 182 252 311 374 438 501 562 607 5 9 13 14 16 16 16 17 23 24
0 8 56 117 181 245 328 390 438 495 549 617 2 5 9 12 14 15 16 18 21 23
0 9 83 169 236 306 364 434 503 567 636 697 5 6 7 9 12 13 16 20 21 24
0 10 71 141 206 262 313 375 448 520 580 649 3 4 6 6 7 9 11 14 17 17
1 0 74 134 187 244 298 365 426 492 536 597 4 7 9 9 11 12 12 13 17 19
1 1 87 151 228 309 360 430 485 550 609 658 2 6 7 10 12 15 16 19 22 23
1 2 89 146 211 291 340 397 478 537 585 645 3 5 8 9 12 14 17 19 23 24
1 3 75 134 199 279 332 413 483 550 609 663 2 5 7 9 10 13 17 20 21 23
1 4 73 132 189 258 325 394 457 517 562 625 4 7 8 12 14 16 17 20 20 24
1 5 76 125 182 243 308 376 427 489 549 613 1 4 5 6 6 9 11 14 17 17
1 6 75 150 228 285 348 415 484 549 597 659 2 7 8 16 17 19 22 23 26 26
1 7 65 128 197 261 303 352 406 472 528 576 6 10 13 14 17 19 20 21 24 24
1 8 44 98 153 207 276 349 407 462 514 566 2 5 5 10 12 13 15 15 17 18
1 9 71 137 208 274 347 405 456 497 546 606 3 5 7 10 13 15 20 21 26 26
1 10 67 135 188 256 324 368 421 488 552 588 2 3 5 5 7 10 12 13 17 19
2 0 73 154 208 262 314 385 433 509 583 644 4 7 8 9 10 12 13 14 19 20
2 1 63 115 180 250 294 355 410 489 535 606 1 2 3 5 6 7 8 9 11 13
2 2 52 121 179 257 329 376 437 504 561 613 1 5 9 10 11 12 12 14 15 17
2 3 94 164 211 267 332 395 452 511 563 628 2 3 5 5 7 9 11 13 14 15
2 4 71 118 177 233 302 364 404 473 543 604 0 0 4 6 6 6 8 9 11 14
2 5 77 150 207 282 355 419 473 536 581 665 1 3 4 8 8 9 9 11 12 12
2 6 58 118 168 231 281 351 414 488 543 597 5 9 10 12 15 18 18 20 21 24
2 7 79 155 233 289 355 408 464 524 571 635 2 4 4 7 8 8 10 14 14 16
2 8 87 143 197 261 316 367 427 506 567 641 5 7 8 8 10 13 14 17 18 19
2 9 77 129 200 245 323 372 414 471 524 573 3 4 5 5 7 9 9 9 11 12
2 10 66 126 171 251 310 373 435 501 569 624 0 2 2 4 6 9 14 15 17 17
3 0 78 132 175 239 288 344 426 477 547 598 2 3 5 7 7 7 8 10 10 11
3 1 53 122 188 240 308 371 434 496 558 617 2 3 6 7 10 11 14 16 17 17
3 2 65 137 215 285 360 407 471 533 581 634 7 9 9 13 14 16 19 20 20 23
3 3 62 140 212 276 344 413 480 540 599 655 7 7 11 16 21 22 22 23 27 29
3 4 65 125 186 239 303 353 415 473 521 581 3 3 8 9 13 14 14 14 16 17
3 5 81 158 214 266 332 367 435 508 566 625 2 3 5 6 9 13 16 18 22 25
3 6 69 118 194 263 326 390 428 485 528 572 6 9 10 11 13 16 18 19 20 21
3 7 62 129 199 244 327 371 437 512 570 638 1 1 4 4 4 4 4 6 10 12
3 8 80 145 213 279 332 387 467 511 560 616 2 6 9 10 12 15 15 16 19 22
3 9 68 120 182 214 265 335 401 449 530 592 4 4 8 9 11 11 13 13 18 19
3 10 69 137 177 265 327 396 466 527 582 619 9 11 12 15 16 18 19 20 22 23
4 0 61 125 192 268 328 397 464 526 603 678 1 4 7 9 13 18 20 26 27 30
4 1 55 124 198 270 327 391 433 502 554 604 4 7 9 14 15 18 20 23 25 27
4 2 81 142 191 237 306 364 423 470 528 582 2 5 6 8 9 11 13 17 21 22
4 3 84 147 208 269 324 396 468 520 565 631 2 2 3 5 6 7 9 10 13 14
4 4 66 142 212 271 349 400 449 505 552 606 3 8 12 16 17 17 18 19 21 22
4 5 57 119 176 229 306 365 421 473 541 601 4 7 8 13 14 16 19 20 22 23
4 6 72 154 230 300 349 403 465 539 605 655 2 4 4 5 6 9 11 11 14 15
4 7 70 126 203 272 341 384 448 504 563 611 4 5 5 7 12 13 15 15 17 19
4 8 73 138 191 275 331 392 450 512 562 618 2 4 9 11 12 15 15 18 20 20
4 9 72 148 211 277 337 393 439 497 554 611 1 4 8 10 13 14 16 16 16 16
4 10 61 110 157 208 265 350 406 467 518 574 5 7 8 8 9 11 14 14 14 17
5 0 57 132 179 236 298 354 404 466 530 596 5 10 13 16 16 17 17 18 20 21
5 1 70 126 206 245 306 375 441 514 571 634 2 2 5 6 7 10 15 19 20 21
5 2 57 131 197 237 291 357 442 506 543 600 0 3 7 9 11 13 14 15 15 16
5 3 79 151 193 243 313 369 431 473 523 588 4 7 7 8 8 9 11 12 14 16
5 4 60 128 177 245 295 353 417 482 533 603 4 6 8 10 13 13 15 15 15 16
5 5 72 122 187 248 315 364 432 485 552 607 3 4 5 9 14 16 22 22 24 25
5 6 59 119 164 204 269 323 374 440 507 575 3 5 8 12 12 12 15 15 18 19
5 7 70 134 186 249 313 383 449 490 549 610 4 7 8 9 9 11 15 16 17 19
5 8 85 148 218 284 347 406 468 517 562 610 2 4 4 6 10 11 11 13 14 15
5 9 72 131 182 232 283 348 402 449 520 579 1 2 2 4 6 8 11 13 14 15
5 10 82 130 179 247 290 348 414 477 537 584 6 9 11 13 13 17 19 24 26 27
6 0 76 155 225 306 381 450 498 554 621 689 3 5 7 8 11 13 14 15 16 20
6 1 52 120 188 266 311 364 430 481 555 621 2 5 11 13 16 21 21 22 24 25
6 2 68 132 203 263 329 399 460 528 582 631 3 6 7 8 11 13 15 18 19 21
6 3 89 152 227 306 369 417 477 532 604 662 7 10 12 14 16 18 22 24 28 31
6 4 74 138 193 266 327 376 438 511 571 612 7 10 11 15 16 16 18 18 22 22
6 5 64 117 183 252 311 373 426 486 553 602 4 7 11 11 11 15 17 20 21 23
6 6 66 128 188 251 297 344 393 434 501 561 1 3 3 4 7 8 11 11 12 14
6 7 61 141 208 261 327 384 444 501 567 621 0 5 8 9 9 11 14 14 16 18
6 8 66 126 192 244 300 351 415 468 514 557 1 2 6 8 10 11 13 16 17 18
6 9 74 130 194 273 356 414 476 528 570 621 3 3 5 7 11 12 16 18 21 22
6 10 72 146 214 285 343 398 457 492 535 602 5 5 9 10 12 13 13 13 13 13
7 0 71 152 226 290 362 427 472 540 601 661 3 7 10 11 13 14 17 18 19 22
7 1 80 131 199 249 328 392 462 524 584 652 4 4 9 10 14 15 17 17 18 18
7 2 69 149 184 248 309 390 440 516 584 657 5 7 10 11 14 18 22 26 28 28
7 3 86 134 198 247 309 356 429 480 520 578 3 3 4 4 7 7 8 9 10 11
7 4 84 142 208 266 323 384 449 502 564 611 2 4 5 7 9 9 11 13 13 13
7 5 86 150 196 251 305 378 440 487 562 619 3 3 5 7 7 8 8 9 9 11
7 6 66 132 218 266 314 369 420 485 532 585 2 3 5 7 7 10 11 12 14 16
7 7 67 141 196 260 322 386 424 473 536 575 4 6 8 12 12 15 16 16 16 19
7 8 73 132 200 266 332 394 461 525 569 616 2 4 6 7 10 14 17 19 20 20
7 9 68 130 196 257 327 379 442 485 522 572 1 1 5 10 11 11 12 12 14 17
7 10 69 123 173 230 303 357 407 482 538 607 6 7 11 11 13 17 17 21 22 23
8 0 76 146 203 265 325 397 464 522 597 645 4 7 11 12 13 15 17 19 22 24
8 1 66 123 173 243 294 357 423 490 551 616 5 7 12 13 18 19 22 24 24 24
8 2 66 118 190 256 326 384 458 518 556 595 5 8 9 12 13 14 15 18 19 19
8 3 66 138 203 278 340 405 470 525 580 651 3 5 7 9 11 13 17 18 20 22
8 4 70 137 218 288 346 399 452 521 584 629 2 5 7 10 10 12 15 17 19 19
8 5 69 130 192 258 310 379 433 496 570 634 1 4 6 7 10 11 12 12 15 16
8 6 72 146 214 269 344 397 466 502 547 588 1 4 7 8 9 13 13 13 15 16
8 7 71 128 195 243 306 353 415 497 568 637 3 4 4 4 5 8 9 9 11 11
8 8 75 136 193 237 289 347 399 455 506 550 3 6 7 9 12 15 17 18 18 19
8 9 66 119 178 240 294 352 408 456 515 588 2 4 8 10 10 10 10 11 12 12
8 10 71 127 191 245 288 351 406 432 497 559 0 2 3 5 5 7 8 8 12 14
9 0 66 127 186 250 320 393 470 533 595 640 4 7 7 13 16 17 18 21 24 24
9 1 63 131 195 263 316 371 435 491 561 629 4 8 10 13 16 20 21 23 25 27
9 2 70 142 223 295 368 433 503 553 645 724 6 8 9 10 13 14 19 20 23 28
9 3 71 147 216 306 379 437 478 527 590 647 5 7 7 9 12 17 18 18 22 25
9 4 71 134 190 243 318 380 429 494 551 616 5 7 8 10 11 13 18 21 23 25
9 5 77 145 216 277 337 385 428 485 554 609 1 4 5 6 6 8 9 9 10 12
9 6 80 145 210 277 345 412 478 530 601 663 2 3 7 7 8 9 14 16 16 17
9 7 66 139 181 231 299 383 458 509 570 613 2 3 5 6 11 16 16 19 20 23
9 8 59 132 187 217 267 336 380 439 498 547 1 3 4 6 6 7 8 9 9 11
9 9 83 160 217 281 338 400 453 498 566 620 0 1 2 5 7 8 10 11 11 12
9 10 66 138 190 248 310 345 391 429 478 544 1 4 8 11 12 12 13 14 14 15
10 0 79 133 205 269 323 386 458 525 583 638 2 7 8 11 12 13 14 17 18 18
10 1 71 152 220 293 347 407 484 558 607 668 4 6 8 8 8 12 14 21 23 25
10 2 67 166 238 296 355 418 480 550 611 684 2 4 5 8 8 10 13 14 16 18
10 3 58 113 174 236 303 358 408 461 510 569 3 5 8 9 10 11 13 14 15 18
10 4 57 126 189 255 312 383 428 494 560 614 1 4 8 13 15 16 18 20 22 23
10 5 64 123 184 243 301 364 447 515 593 652 0 1 3 6 7 8 13 14 15 16
10 6 55 111 189 274 331 379 429 480 531 592 1 2 5 9 10 12 14 15 16 20
10 7 62 104 154 200 262 312 375 432 495 539 7 9 13 15 16 17 20 22 23 25
10 8 66 126 191 250 301 367 427 488 534 606 2 3 3 4 5 8 10 10 14 15
10 9 67 125 188 239 282 332 389 434 492 529 1 4 5 6 7 7 8 8 9 10
10 10 75 138 186 237 293 347 401 459 493 550 2 2 3 5 9 10 12 12 13 15