0 0 64 113 174 225 295 367 438 499 581 657 4 7 9 12 15 18 18 22 22 22
0 1 78 162 222 274 326 396 456 530 600 656 5 7 10 13 14 19 20 22 24 24
0 2 65 130 198 261 336 404 463 520 582 621 1 7 13 14 15 17 18 21 22 23
0 3 59 128 186 242 307 385 439 508 577 635 6 8 8 9 11 12 12 15 20 23
0 4 60 118 185 229 297 367 435 498 565 616 3 5 7 10 10 13 17 21 25 27
0 5 71 145 211 280 323 394 455 512 576 637 5 9 10 16 17 20 23 23 25 26
0 6 65 116 195 257 323 384 450 524 581 650 4 5 7 8 10 14 18 22 25 29
0 7 96 158 223 284 354 419 496 573 624 694 5 7 8 9 13 16 19 24 26 27
0 8 64 134 195 258 322 391 466 526 600 654 3 6 11 14 15 17 19 24 27 30
0 9 78 146 215 279 336 409 484 545 604 673 1 1 3 3 3 4 8 9 10 10
0 10 69 133 209 287 356 426 481 539 616 693 2 3 7 8 11 11 11 11 12 15
1 0 84 146 202 266 319 370 437 502 560 624 0 2 5 9 10 11 16 17 18 23
1 1 64 128 177 236 310 373 449 518 580 656 0 1 5 5 7 8 10 12 12 12
1 2 55 125 192 254 317 375 423 492 552 599 1 2 3 6 9 9 9 12 15 16
1 3 60 134 196 267 337 408 471 527 594 676 4 5 6 6 10 11 12 13 16 17
1 4 60 123 176 240 292 345 416 477 533 588 4 5 5 6 7 11 11 12 14 15
1 5 56 126 195 263 330 406 472 525 576 641 2 6 12 12 14 17 19 21 25 26
1 6 72 126 198 270 331 380 443 506 561 626 3 4 5 8 9 11 11 12 14 14
1 7 70 133 180 228 294 366 422 466 534 590 1 2 3 5 7 8 9 12 16 20
1 8 59 134 201 264 336 392 461 521 589 652 2 6 9 9 11 14 18 19 19 19
1 9 80 137 192 246 318 373 433 500 582 624 2 7 10 14 15 17 21 24 26 26
1 10 64 124 184 228 291 348 400 466 532 597 2 4 5 8 9 11 14 18 19 20
2 0 58 129 190 261 322 394 449 532 596 648 1 2 2 2 10 12 15 18 21 22
2 1 67 135 203 257 328 380 451 511 574 636 2 3 6 8 10 13 15 16 16 16
2 2 87 152 220 289 340 393 447 521 586 648 1 3 6 8 9 10 11 11 15 16
2 3 64 111 171 227 280 333 380 407 457 523 3 9 9 12 12 14 14 14 17 21
2 4 75 150 204 247 301 358 420 479 526 604 4 9 12 14 17 23 25 28 31 31
2 5 72 137 201 281 340 409 473 529 573 626 5 7 9 10 15 17 19 20 22 24
2 6 70 141 214 281 348 410 469 546 607 662 4 7 8 9 11 14 17 21 24 27
2 7 77 138 207 259 318 388 456 522 584 622 3 3 3 4 7 8 9 14 18 20
2 8 77 143 205 268 338 391 432 485 541 616 5 7 12 14 19 21 22 23 24 27
2 9 78 134 201 251 306 368 416 495 539 592 1 2 4 4 5 8 11 16 16 16
2 10 72 149 208 278 353 396 451 524 571 605 2 3 3 5 7 9 10 10 12 15
3 0 87 153 206 273 338 404 469 542 614 672 4 8 12 13 16 18 22 23 24 28
3 1 63 127 183 259 320 381 441 494 553 628 2 5 6 9 11 12 15 15 16 21
3 2 64 128 190 262 324 388 459 514 578 625 1 2 4 7 7 14 16 17 19 20
3 3 91 156 238 292 364 431 494 569 639 710 3 4 6 8 10 14 18 20 21 23
3 4 46 97 166 225 290 364 415 477 530 605 1 1 5 7 9 10 13 16 17 20
3 5 83 148 217 278 359 412 474 532 586 635 0 5 6 8 12 13 14 18 19 21
3 6 84 149 204 258 326 387 451 493 555 615 3 5 5 7 8 8 10 11 14 14
3 7 65 118 170 224 280 359 415 479 540 599 2 2 5 7 9 11 12 13 15 19
3 8 63 143 206 279 358 415 488 551 623 685 3 5 11 15 19 22 23 24 29 30
3 9 77 151 225 276 330 398 449 507 569 600 4 4 6 6 6 7 8 9 13 13
3 10 86 144 217 278 327 385 454 510 581 632 2 5 6 8 9 11 13 14 16 18
4 0 73 145 207 258 327 383 443 490 540 614 2 3 3 3 5 8 11 12 12 16
4 1 60 110 185 258 324 374 438 497 560 629 1 4 7 7 10 11 14 16 16 19
4 2 69 135 192 259 325 398 448 497 548 610 4 6 8 11 12 15 15 17 19 23
4 3 67 129 177 233 292 358 417 489 540 580 4 6 7 9 10 12 14 15 15 15
4 4 81 153 218 276 341 381 436 501 561 612 2 3 7 13 14 15 17 17 21 21
4 5 61 106 175 253 306 365 432 487 561 612 3 4 4 6 8 10 12 13 16 17
4 6 75 135 201 261 333 391 436 498 553 612 3 4 6 8 8 10 13 16 20 24
4 7 72 129 192 247 313 370 421 464 515 588 3 3 6 7 8 10 12 13 14 15
4 8 64 137 202 260 335 394 453 495 549 612 5 6 9 10 12 12 13 13 14 16
4 9 68 149 201 261 335 403 459 512 566 647 5 6 7 10 12 13 15 16 17 20
4 10 72 135 197 270 338 401 446 509 579 638 4 6 6 7 9 10 10 10 10 10
5 0 71 137 195 245 308 378 416 464 543 592 6 9 9 9 11 14 15 20 22 24
5 1 73 122 183 238 289 348 416 488 548 598 1 2 3 4 5 7 11 15 18 18
5 2 61 124 178 232 291 348 403 450 494 539 2 3 4 6 6 8 13 15 15 17
5 3 70 150 220 295 353 421 479 541 606 662 1 3 4 6 8 10 11 13 19 23
5 4 71 132 189 256 305 349 417 469 513 563 2 5 8 12 14 14 14 14 14 16
5 5 70 141 202 260 333 392 459 499 558 614 3 6 10 11 11 12 17 19 22 23
5 6 79 120 187 235 287 355 399 462 509 576 3 4 5 5 5 6 8 9 9 9
5 7 65 134 207 264 322 381 416 478 537 600 4 6 8 10 11 11 13 15 16 20
5 8 79 141 182 243 312 378 433 491 550 613 1 1 3 6 6 6 10 12 13 16
5 9 58 124 196 245 318 391 448 490 557 614 2 2 3 3 5 7 10 10 14 16
5 10 68 125 193 259 329 393 449 497 553 615 3 6 8 8 12 15 18 19 22 23
6 0 51 113 189 243 328 392 454 534 588 651 0 4 5 7 8 10 13 14 14 17
6 1 78 141 215 291 353 423 489 552 610 656 3 5 6 7 8 11 12 13 13 13
6 2 83 165 233 281 327 389 453 508 562 606 4 5 8 8 9 10 12 13 15 18
6 3 58 110 163 229 290 342 409 476 538 586 1 2 2 3 4 6 8 8 12 12
6 4 65 124 184 253 306 359 421 475 526 590 4 8 11 14 16 16 16 23 23 24
6 5 80 155 208 263 324 355 412 480 553 612 4 8 9 11 11 12 14 16 18 20
6 6 73 138 187 236 275 316 369 428 486 548 1 4 4 7 9 13 14 16 17 21
6 7 78 136 188 243 298 349 426 480 538 596 1 3 6 6 8 9 11 16 17 19
6 8 67 115 185 241 287 342 396 465 520 567 2 3 4 6 7 8 9 10 10 12
6 9 62 118 175 244 317 365 428 487 534 591 5 5 10 14 14 16 18 18 18 18
6 10 75 133 200 249 318 373 442 501 557 609 5 6 8 10 14 15 15 15 17 18
7 0 69 130 209 258 313 379 444 499 551 610 5 7 8 11 11 15 17 20 22 24
7 1 65 129 191 268 331 385 437 496 542 609 2 4 5 5 5 7 10 12 13 15
7 2 72 133 198 263 337 395 472 516 583 632 1 5 6 11 13 14 21 21 21 22
7 3 64 118 186 253 324 384 448 499 558 603 3 5 6 9 11 13 13 14 16 18
7 4 65 125 179 247 287 328 384 456 528 581 3 4 4 6 7 9 11 13 15 16
7 5 63 116 195 253 334 396 456 512 583 624 1 3 10 11 14 17 19 23 25 26
7 6 66 133 200 249 305 359 418 478 518 562 5 7 7 11 12 14 19 19 19 21
7 7 80 130 182 242 301 350 393 445 498 555 2 5 8 9 10 11 13 13 15 17
7 8 68 127 207 262 309 376 451 532 591 654 4 7 10 12 12 13 14 18 20 22
7 9 65 110 162 232 281 346 407 460 506 551 3 3 6 8 8 10 11 14 14 17
7 10 53 122 176 259 321 372 424 475 523 572 4 5 5 9 10 14 15 16 18 19
8 0 66 133 193 249 294 355 419 480 538 593 1 3 5 8 10 13 15 16 17 21
8 1 54 128 187 243 322 398 472 534 595 670 3 7 8 8 8 9 10 11 12 15
8 2 63 125 189 259 321 374 438 503 561 636 1 2 3 5 6 7 9 11 13 16
8 3 71 123 192 275 333 395 455 509 568 621 4 6 8 11 11 14 14 15 17 17
8 4 79 140 191 233 292 333 367 428 493 542 3 4 7 9 12 13 13 15 17 18
8 5 62 126 166 216 273 316 370 424 484 540 4 6 8 12 15 17 18 22 23 23
8 6 67 138 212 260 312 372 423 484 524 572 5 6 10 10 13 15 16 17 19 20
8 7 70 129 191 274 338 396 457 523 583 639 2 4 5 5 6 6 10 10 13 14
8 8 64 121 175 236 300 346 412 482 529 582 3 7 7 10 11 12 12 17 18 22
8 9 62 109 166 228 280 350 399 451 514 560 1 3 5 9 11 13 14 15 18 19
8 10 84 155 219 267 321 382 437 491 543 594 3 5 9 10 17 19 22 23 26 27
9 0 71 140 202 268 323 395 461 528 600 645 4 6 8 10 13 17 19 21 26 27
9 1 54 130 195 259 312 364 412 480 529 610 3 6 7 10 11 15 16 19 20 23
9 2 74 144 203 263 319 374 424 491 550 624 5 11 11 14 16 17 18 19 21 22
9 3 48 115 149 213 281 348 411 476 547 618 5 8 8 10 14 17 18 21 22 23
9 4 62 119 186 250 294 345 410 456 513 565 2 2 3 5 5 7 10 10 13 14
9 5 75 141 180 246 321 381 425 484 557 613 3 4 5 6 9 10 12 13 17 19
9 6 63 122 182 223 280 350 396 444 489 548 4 8 8 8 8 9 11 12 13 15
9 7 92 145 195 262 320 384 444 500 548 588 3 5 10 11 14 15 16 17 17 17
9 8 73 128 181 216 263 314 363 421 474 522 3 6 8 8 9 11 13 17 17 17
9 9 76 138 195 247 303 353 401 437 498 560 6 8 8 9 11 11 12 14 15 15
9 10 73 130 175 243 287 329 376 414 472 517 0 4 6 6 6 8 8 8 13 17
10 0 74 140 216 292 338 406 464 525 578 637 1 2 4 6 9 14 19 19 19 21
10 1 79 137 200 264 341 391 453 510 592 642 3 5 9 10 11 14 17 18 21 24
10 2 66 125 190 251 313 385 437 508 563 612 6 8 10 10 12 15 19 21 24 26
10 3 78 137 191 247 299 382 421 469 526 588 4 6 8 8 10 12 17 18 18 19
10 4 62 120 176 241 285 339 397 466 539 598 1 2 5 7 10 13 18 19 19 23
10 5 68 144 196 245 304 364 411 487 542 605 4 9 11 15 17 19 21 22 23 26
10 6 70 128 181 235 273 345 390 437 490 535 1 5 6 7 7 7 8 13 14 17
10 7 70 139 186 242 302 348 402 473 533 584 3 5 7 7 9 10 13 14 14 14
10 8 75 137 208 265 324 384 397 457 518 582 1 2 4 9 10 16 16 18 18 18
10 9 73 128 189 234 271 322 372 429 479 526 6 6 7 8 10 11 13 14 14 17
10 10 69 129 175 240 297 352 431 458 526 592 4 6 10 12 15 16 19 20 22 23