0 0 422 1066 1575 2187 2530 3087 3521 4170 5054 5671
0 1 937 1728 2255 3478 4232 4720 5373 5670 6101 7011
0 2 1175 2074 2619 3456 4372 5026 5939 6801 7403 8323
0 3 1043 1634 2332 3179 4409 5329 5897 6678 7542 8179
0 4 891 1823 2370 2868 3909 4598 5226 5809 6278 6836
0 5 301 797 2115 2720 3174 3887 4290 5128 5802 6451
0 6 1109 1946 2702 3794 4559 5540 6009 6767 7845 8296
0 7 838 1921 2342 3386 4253 5502 6106 6500 7596 8012
0 8 1024 1527 2161 2466 2986 3528 4092 4536 5245 6529
0 9 1448 1885 2711 3121 4016 4393 5193 5869 6598 7439
0 10 957 1615 2492 3882 5097 5323 6372 7293 8356 9198
1 0 916 1641 2323 2613 2946 3353 3652 4214 4538 4997
1 1 573 1088 1595 1960 2183 2555 2675 2992 3337 3730
1 2 1112 2349 2857 3380 3733 3988 4402 4614 5022 5244
1 3 1200 1740 2451 2907 3280 3511 3948 4168 4612 4767
1 4 1148 1591 2265 2951 3354 3781 4008 4226 4591 4837
1 5 1351 2030 2523 2927 3558 3755 4145 4357 4671 5014
1 6 1145 2120 2571 3171 3806 4157 4600 5125 5547 5905
1 7 580 1113 1514 1840 2191 2752 3246 3556 3842 4140
1 8 967 1893 3141 3757 4130 4572 5124 5620 5999 6362
1 9 689 1831 2254 3494 3780 4235 4764 5207 5758 6203
1 10 1543 2544 3395 4360 4916 5266 6132 6445 6894 7453
2 0 709 1487 2156 2853 3217 3431 4000 4580 5068 5349
2 1 1847 2927 3788 4145 4644 4905 5244 5631 6214 6529
2 2 639 1747 2442 2964 3476 3814 4193 4536 4944 5257
2 3 827 1819 2451 3234 3725 4173 4464 4708 5011 5263
2 4 1077 1508 2368 2729 3177 3488 4150 4467 4969 5278
2 5 982 1465 1927 2292 2700 3056 3304 3706 4108 4417
2 6 1649 2231 2620 2999 3325 3752 4180 4830 5167 5402
2 7 1034 2496 3514 3947 4294 4518 5084 5386 5826 6137
2 8 1266 3018 3820 4536 5159 5456 6167 6547 6999 7548
2 9 667 1547 2071 2245 2843 3583 3991 4504 4827 5223
2 10 1217 2215 2858 3537 4248 5404 6006 6814 7192 7869
3 0 1197 1870 2491 3050 3388 4063 4641 5185 5734 6204
3 1 702 1573 2077 2585 3009 3593 3958 4257 4604 4711
3 2 694 1133 1911 2497 2902 3280 3637 3951 4345 4589
3 3 999 1504 1924 2298 2946 3117 3722 4035 4387 4575
3 4 1638 2142 2767 3543 3978 4277 4620 5148 5577 5761
3 5 576 1183 1512 2283 2601 2974 3303 3710 4300 4575
3 6 1058 1773 2350 2723 3123 3333 3721 3929 4435 4843
3 7 1173 1894 2642 3125 3751 4040 4457 5119 5511 5911
3 8 1549 2034 2484 3075 3566 4029 4457 4770 5253 5631
3 9 1188 2194 2940 3589 4792 5506 6137 6832 7130 7589
3 10 790 1407 2882 3780 4130 4759 5813 6735 7768 8381
4 0 881 1255 1520 2027 2397 3054 3559 4066 4568 5218
4 1 898 1320 1971 2386 2804 3048 3313 3732 4020 4439
4 2 1213 1731 2263 3216 3551 4245 4787 5037 5415 5936
4 3 840 1302 2003 2446 2981 3479 3665 4024 4641 5150
4 4 1372 2075 2566 2927 3217 3917 4349 4755 5243 5660
4 5 599 1271 1927 2468 2670 3190 3511 3780 4141 4375
4 6 934 1985 2302 2793 3184 3692 3973 4534 4887 5474
4 7 827 1755 2222 3476 4468 4922 5310 5615 5966 6414
4 8 867 1874 2483 2978 3421 4025 4527 4915 5746 6068
4 9 1201 1876 2877 4026 4492 5252 6070 6714 7435 7863
4 10 794 1705 2827 3492 4508 5491 5979 6833 7367 7978
5 0 553 907 1390 2010 2589 3668 4305 5341 5784 6820
5 1 1058 1988 2301 2748 2975 3225 3727 4071 4594 5245
5 2 768 1927 2856 3364 3786 4098 4817 5351 5664 6245
5 3 1781 2766 3139 3963 4322 4644 4863 5267 5612 5939
5 4 1242 1667 2684 3036 3475 3939 4360 4656 4909 5183
5 5 752 1251 2237 2534 3033 3572 4072 4358 4496 4732
5 6 984 1786 2232 2769 3451 4213 4609 4894 5398 5686
5 7 741 1248 1808 2609 3303 3990 4468 4903 5342 5792
5 8 1712 2979 3626 4215 4681 5414 6151 6647 7617 8234
5 9 943 2352 3394 4039 4588 5212 6234 6770 7354 7671
5 10 1131 2526 3633 4824 5907 6897 7725 8331 9350 10339
6 0 2117 2625 3069 3413 4228 4979 5845 6797 8076 9215
6 1 725 1409 2573 3188 3946 4559 5159 5862 6620 7419
6 2 1003 1499 2423 3084 3521 4432 4891 5265 5698 6263
6 3 1069 1455 1758 2065 2255 2712 2903 3205 3517 3827
6 4 787 1251 1569 1884 2141 2466 2904 3188 3562 3914
6 5 802 1355 2103 2849 3331 3779 4355 5235 5340 5566
6 6 873 1505 2054 2808 3230 3698 4197 4723 4938 5440
6 7 776 1305 1994 2822 3623 4178 4531 5273 5906 6683
6 8 1009 2172 2495 2979 3433 3762 4253 4639 5166 5653
6 9 2984 3718 4220 4690 5103 5592 6381 6769 7055 8092
6 10 653 1637 2155 2469 2935 3731 4778 5447 6012 6668
7 0 834 2099 2682 3304 4189 4837 5550 5943 6483 7294
7 1 716 1278 1697 2054 2726 3419 3682 3903 4128 4665
7 2 1125 1703 2716 3362 4030 4666 4977 5698 6039 6338
7 3 935 1351 1628 2302 2610 3376 3940 4607 5371 5872
7 4 855 1836 2474 3010 3551 3888 4766 5141 5997 6298
7 5 737 1320 1882 2722 3470 3903 4500 5110 5485 5711
7 6 1075 1760 2840 3408 3746 3922 4513 4961 5519 5922
7 7 972 1689 2090 2739 3515 4456 5206 5893 6555 6970
7 8 753 1272 2478 3811 4321 4735 5336 5804 6502 7122
7 9 564 1460 2081 2755 3114 3779 4332 5109 5772 6293
7 10 1529 3028 4220 5442 6363 6949 7728 8247 8874 10059
8 0 1118 2075 3273 6066 6850 8167 9241 9782 10963 12701
8 1 864 2563 4340 4663 5007 5432 6224 6917 7482 8012
8 2 862 1849 2977 3426 3627 4111 4824 5189 6120 6561
8 3 946 1726 2722 3846 4657 5320 6142 6836 7116 7803
8 4 579 2353 3259 4483 5185 5688 6550 6933 7643 8247
8 5 1517 2322 2638 3552 3981 4469 4976 5461 5931 6464
8 6 741 1902 2693 3177 3835 4232 4927 5515 6219 6628
8 7 732 1420 2320 3180 4011 4855 5336 6030 6461 7236
8 8 1728 3135 3765 4397 5258 6509 7237 7649 8152 8668
8 9 1117 2627 3958 5311 6242 7229 8751 9562 10705 11434
8 10 1407 2295 3157 4278 4964 5687 6656 7336 7818 8679
9 0 1155 2126 3167 4147 4922 5621 6643 7501 9758 11057
9 1 1316 2062 2502 3279 3797 4866 5697 6237 6955 7869
9 2 1119 2245 3293 3803 4687 5120 6160 7191 7794 8136
9 3 884 1483 1924 2479 3550 4273 5288 6467 7218 7494
9 4 672 2224 3152 3945 4440 5198 5498 5834 6376 6812
9 5 937 2940 3693 4209 4799 5401 5692 6992 7421 7927
9 6 842 1447 2215 3071 3507 4317 4854 5399 6420 6810
9 7 430 1335 2118 2983 3545 4491 4826 5346 6200 7547
9 8 1355 2599 4041 4556 4900 5232 5593 5854 6246 7062
9 9 2055 3716 4436 5063 5872 6845 8310 9070 9863 10493
9 10 1639 2754 3718 4253 5867 6532 7878 8461 8862 9420
10 0 581 1280 2363 3402 4443 5818 6938 8234 9342 9964
10 1 737 2547 3536 4179 5367 6673 7798 9339 10210 10985
10 2 1299 2410 3422 4625 5865 7533 9472 10623 11704 12332
10 3 964 1803 2941 4023 4844 6451 7304 9195 9839 10680
10 4 745 1441 1799 3069 4532 5919 7013 7772 8358 9146
10 5 754 1604 3053 4372 5107 6160 7212 8668 9786 10811
10 6 1162 1951 2615 3502 4419 5540 6931 7824 8720 9677
10 7 538 2007 2688 3514 4596 5781 7054 8876 9323 10162
10 8 1793 3630 4719 6599 8072 8679 9246 10256 11215 11876
10 9 1553 3479 5057 6325 7330 8456 10292 11813 13454 14465
10 10 1535 3265 4381 7183 8932 10145 12197 13891 15761 17094
