0 0 1110 1598 1869 2360 3258 3890 4589 5463 6084 6743
0 1 1640 2658 3935 5189 6593 8176 9464 10145 11120 11653
0 2 1449 2218 3249 3959 5027 6053 7052 8632 9431 10602
0 3 674 1878 2547 3609 4872 5185 6397 7086 7864 8503
0 4 1128 1560 2113 3355 3876 4597 5269 6211 6698 7005
0 5 1174 2883 3481 4251 5477 6954 7619 8445 9639 10478
0 6 433 906 1406 1868 2432 2965 3764 4270 4880 5427
0 7 1473 2859 3918 5016 6145 6699 7882 9171 9941 11155
0 8 1198 1772 2521 3364 4209 4847 5592 6505 7020 7569
0 9 1334 2032 3014 4233 5117 6126 7095 7832 8374 9608
0 10 1140 1927 2850 3642 4370 5061 6180 6603 7486 8371
1 0 985 1789 2503 2892 3291 3615 3932 4472 4905 5377
1 1 1749 2165 2586 3101 3526 4018 4195 4634 4757 5128
1 2 1102 1659 2183 2685 3106 3452 3729 4067 4262 4806
1 3 1366 1922 2332 2671 2908 3103 3627 4041 4307 4550
1 4 1219 1787 2181 2608 2962 3373 3788 4249 4746 5076
1 5 929 2014 2708 3407 3869 4033 4291 4560 4930 5263
1 6 905 1665 2483 2877 3214 3733 4486 4910 5444 5841
1 7 1181 2640 3006 3378 3710 4517 5249 5562 6060 6692
1 8 663 1632 2186 2761 3314 3789 4140 4474 4898 5515
1 9 683 1301 2333 3014 3559 4498 4925 5299 5936 6393
1 10 1757 2565 3613 4548 4995 5615 6818 7980 8499 9337
2 0 690 1147 1448 1685 2122 2638 3035 3437 3982 4212
2 1 1226 1861 2387 2822 3076 3239 3411 3641 3989 4237
2 2 841 1452 1888 2237 2679 3299 3572 3912 4281 4547
2 3 1180 1692 1984 2381 2733 2975 3343 3518 3977 4305
2 4 1077 2161 2606 2976 3442 3945 4248 4480 4952 5332
2 5 961 1621 2125 2679 3090 3320 3626 4299 4711 4989
2 6 674 1928 2751 2963 3344 3589 3860 4250 4685 4970
2 7 999 1466 2356 2781 3056 3336 3910 4235 4531 4879
2 8 1144 2186 2654 3306 3950 4305 4765 5304 5616 5939
2 9 652 1625 2586 3345 3930 4979 5555 6276 7206 7811
2 10 1097 2447 3561 4943 6314 7744 8177 8844 9462 10273
3 0 1169 1756 2078 2521 2844 3225 3353 3888 4287 4703
3 1 916 1502 2115 2632 3055 3371 3619 3983 4178 4345
3 2 790 1616 2319 3161 3888 4273 4605 4890 5133 5475
3 3 663 1312 1805 2431 2670 3120 3423 3863 4188 4703
3 4 728 1522 1901 2519 2904 3312 3638 3937 4205 4492
3 5 566 1220 1958 2241 2593 2913 3078 3322 3619 4009
3 6 1100 1710 1980 2441 2851 3448 3772 4301 4733 4968
3 7 1762 2118 2604 3293 3707 4111 4499 5445 5773 6224
3 8 572 1775 2530 2964 3375 4068 4617 5620 6213 6619
3 9 1165 1753 3142 3814 4503 5149 5890 6269 7024 7808
3 10 474 2148 3034 3456 3778 4594 5437 6220 6840 7140
4 0 628 1459 2329 2941 3560 4242 4735 5349 5603 6148
4 1 1130 1738 2243 2621 3006 3577 4126 4812 5108 5347
4 2 839 1277 1642 2395 3185 3803 4108 4297 4769 5425
4 3 231 1076 1562 1755 2362 2646 2986 3274 3768 4111
4 4 841 2037 2473 3173 3955 4514 4835 5138 5492 5918
4 5 990 1561 1907 2909 3752 4065 4576 5253 5668 6127
4 6 842 1594 1993 2577 3024 3423 3809 4235 4495 4830
4 7 1277 2102 3327 3796 4355 4714 5190 5560 5748 6085
4 8 748 1576 2093 2353 2653 3281 4312 4845 5026 5758
4 9 744 2477 3497 4443 5414 6320 7063 7479 8230 8939
4 10 1410 2042 2920 3815 4865 5563 6393 7289 8139 8811
5 0 1415 2339 3156 3922 4402 4918 5283 5889 6335 6688
5 1 856 1765 2640 3142 3441 4031 4487 4787 5605 6159
5 2 1351 2353 3235 3916 4449 5193 5866 6527 6918 7482
5 3 885 1620 2250 2504 3021 3675 4343 4507 4987 5610
5 4 567 1291 2654 3370 3823 4034 4331 4633 5383 5609
5 5 647 1498 1932 2241 2680 2958 3130 3726 4132 4517
5 6 699 1171 2021 2252 2557 3065 3230 3659 4033 4359
5 7 838 2504 2967 3648 4338 5299 5778 6014 6601 6860
5 8 955 2103 3012 3571 4065 4701 5827 6250 6489 6707
5 9 988 1625 1989 2544 3592 4421 4932 5767 6226 6887
5 10 1139 2025 3106 3773 4432 5350 6208 6826 7306 8013
6 0 1254 2179 3070 3744 4302 4795 5448 5985 6241 6812
6 1 1030 1820 2273 2619 3255 3571 3801 4204 4747 5397
6 2 393 1099 1970 2569 3559 4532 5268 5958 6494 7302
6 3 1856 2376 3175 3739 4302 5108 5560 5886 6257 6491
6 4 860 1589 2664 2987 3670 4237 4706 5038 5581 6112
6 5 794 1511 1953 2397 3091 3571 3948 4640 5172 5513
6 6 1016 1636 2393 3150 3759 4253 4703 5196 5717 6130
6 7 875 1806 2308 2862 3534 4131 4896 5216 5692 6103
6 8 1989 2838 3842 4945 5399 6424 7711 8232 8585 9183
6 9 1177 2413 3039 3835 5163 5891 6859 7625 9020 9517
6 10 2112 3877 5091 6082 6963 7331 8253 9160 9646 9963
7 0 920 1887 3464 4863 5679 7268 8174 8863 9858 10452
7 1 911 1885 2198 2913 3627 4368 4648 5256 6079 7028
7 2 704 1507 2554 3232 3759 4528 5245 5891 6797 7245
7 3 989 1607 2549 3251 3986 4291 5234 5653 6347 7268
7 4 1249 1913 2743 3209 4184 5037 5461 5979 6639 7238
7 5 520 1627 2723 3278 3936 4671 5188 5955 6596 7265
7 6 791 1502 2555 3354 3819 4511 5641 6232 6774 7122
7 7 1021 1305 2091 2599 3129 4051 4485 5493 5983 6693
7 8 642 1635 2310 3096 3699 4085 4967 5793 6663 7242
7 9 1275 2480 3956 4825 6229 7053 8188 8921 10065 10465
7 10 1086 2682 3656 4292 5079 6190 7107 7798 8486 9447
8 0 2087 3082 3748 4804 5319 5869 6507 6913 7227 7704
8 1 771 1040 2160 3705 4481 5528 6062 6876 7420 8085
8 2 728 1384 1773 2061 2629 3329 4428 5053 5527 6558
8 3 1027 1444 2178 3373 4136 4828 5235 5856 6697 7284
8 4 609 1881 2460 2961 3303 3808 4312 4939 5411 5664
8 5 649 1046 2117 2741 3353 3801 4190 4912 5808 6496
8 6 1118 1829 2414 2916 3413 3872 4430 5043 5672 6005
8 7 843 1304 2035 2784 3588 4154 4921 5326 5874 6465
8 8 738 2501 3197 3982 5328 5736 7306 8071 8472 8769
8 9 1551 4208 5022 7014 7627 8450 9333 10167 10878 11331
8 10 561 1973 3315 4871 7088 7999 8499 9071 9957 10906
9 0 943 2461 3315 5840 7750 8236 9428 10857 12088 13141
9 1 1168 1691 2718 3363 4393 5346 5870 6379 7144 7797
9 2 1529 2306 2998 4138 5432 6236 7199 8379 9122 9605
9 3 878 1535 2309 2763 3490 3844 4257 4780 5522 6296
9 4 1065 2928 3947 4723 5799 6455 7224 8266 9147 9712
9 5 767 1282 2150 2961 3777 4796 5307 6198 6912 7701
9 6 742 1790 2222 2930 3845 4283 4806 5184 5820 6576
9 7 1250 1728 2484 3231 3982 5175 5473 6091 6385 6797
9 8 1057 1288 2182 3656 4206 4688 5332 6306 6961 7219
9 9 1567 2985 4424 6398 7043 8576 9697 10487 11416 12275
9 10 882 2651 3845 5206 6094 6965 8124 9003 9873 11522
10 0 1068 2412 3412 4843 6147 6997 8126 10089 11796 12383
10 1 982 2999 4265 5527 6566 8081 9348 10269 11179 12036
10 2 1582 2326 3373 3819 5009 6352 6966 7820 8782 9902
10 3 1339 2475 4486 5015 5607 6334 7383 8283 9179 10470
10 4 826 1628 3127 3947 5175 6463 7587 9246 10476 11638
10 5 1056 2349 3445 4571 6253 7321 8162 9584 10514 11810
10 6 1137 2247 4204 5245 6045 7271 8593 10342 12233 12959
10 7 1186 2584 3220 4580 5778 6224 7103 7755 8160 8996
10 8 1453 3287 4776 5806 6843 8151 9584 11114 12717 13721
10 9 1474 3611 4554 5345 6674 9223 11871 12693 14390 15406
10 10 1644 3640 5358 6741 7680 9142 9954 11344 13088 14889
