0 0 1125 1761 2147 3352 3740 4406 5344 6456 7219 7678
0 1 578 796 1349 1912 2308 3110 3640 4335 4720 5198
0 2 1601 2794 3562 4615 5799 6225 7070 7573 8304 9280
0 3 490 1037 2134 2665 3424 3917 4756 5373 6212 6792
0 4 1190 2316 3148 4159 5067 6583 7081 8454 9402 10319
0 5 1324 2517 3304 4232 5357 6751 7469 8189 9416 10318
0 6 483 1131 1393 1723 2425 3103 3673 4440 4828 5276
0 7 1309 1981 2981 4073 4863 5471 6053 6549 7626 8656
0 8 1034 1799 2225 2826 3269 3858 4575 5158 6231 6655
0 9 779 2531 3603 4521 5672 6327 7449 8351 9480 10342
0 10 817 1881 2479 3170 4271 4842 5481 6406 7206 7643
1 0 1170 1653 2387 2985 3290 3689 3930 4282 4545 4893
1 1 611 1344 1781 2139 2590 2951 3146 3384 3611 4086
1 2 1421 2132 2836 3429 3906 4318 4758 4921 5257 5535
1 3 1095 2157 2869 3283 3903 4232 4670 4905 5089 5461
1 4 1098 1846 2289 2680 3057 3435 3602 3791 4014 4345
1 5 668 1252 1763 2324 2737 3698 4090 4719 5221 5648
1 6 899 1553 2285 2817 3260 3638 4130 4423 5042 5322
1 7 303 1214 2333 3302 4142 4707 5172 5773 6233 6915
1 8 2325 3019 3599 4446 4986 5460 6001 6346 6812 7138
1 9 1297 1893 2519 3633 3880 4280 4748 5131 5441 6056
1 10 634 1549 2309 3045 3725 4597 5883 6642 7684 8159
2 0 881 1580 2229 2726 3317 3667 4189 4652 4946 5212
2 1 952 1662 1983 2607 3136 3580 3786 4157 4693 5039
2 2 1311 1815 2037 2379 2700 3075 3436 3735 3980 4386
2 3 948 1772 2386 2737 2997 3453 3992 4260 4594 4839
2 4 794 1674 2238 2553 2938 3215 3615 4030 4473 4913
2 5 679 1769 2575 2911 3393 4160 4683 5020 5521 6018
2 6 1221 2033 2684 3185 3521 3868 4301 4863 5199 5516
2 7 510 1510 1912 2471 2936 3320 3615 3943 4111 4542
2 8 1254 1782 2207 2884 3317 3828 4350 4803 5115 5735
2 9 1680 2343 3244 4766 5770 6543 7903 8506 9306 9988
2 10 1236 2445 3059 3830 5279 6131 6491 7292 8730 9292
3 0 708 1336 2361 2659 3475 4042 4274 4843 5153 5663
3 1 917 1835 2280 2727 3064 3471 3701 4165 4720 5512
3 2 916 1567 1955 2340 2709 3216 3571 4001 4381 4812
3 3 1279 1752 2002 2407 2768 3409 3742 4178 4349 4643
3 4 832 1578 2220 2530 2669 2925 3482 3944 4409 4691
3 5 1148 1698 2134 2709 3307 4015 4217 4446 4841 5177
3 6 1822 2458 3123 3481 3922 4245 4500 4860 5238 5404
3 7 913 1477 2000 2533 2934 3164 3502 3770 4228 4593
3 8 750 1769 2247 2925 3353 4117 4740 5011 5663 6075
3 9 1424 2169 3137 4112 4762 5009 5840 6495 6886 7419
3 10 1073 2603 3822 4522 5739 6183 6776 7370 8224 9091
4 0 820 1877 2374 2812 3356 4067 4682 5172 5614 6117
4 1 1245 1989 2649 2983 3238 3495 3789 3935 4154 4496
4 2 1201 1548 2044 2356 2833 3628 3996 4535 4739 5082
4 3 906 1584 2051 2592 3216 3589 4083 4324 4857 5241
4 4 551 1193 1739 2250 2628 3130 3655 4009 4453 4691
4 5 878 1439 1857 2100 2353 2743 3231 3575 4041 4387
4 6 1022 1900 2795 3206 3784 4431 4838 5237 5794 6061
4 7 1823 2715 3410 3981 4424 4825 5279 5726 6110 6533
4 8 631 1505 1741 1970 2730 3161 3681 4224 4973 5445
4 9 551 1663 3344 4320 5309 6228 7616 8457 9181 10229
4 10 1032 1874 3530 4482 5301 7233 7518 8286 9174 10140
5 0 1336 2380 2812 3531 4184 5251 5973 6577 7570 8206
5 1 1015 1615 2064 2699 2967 3373 3626 4177 4812 5113
5 2 620 1602 2178 2529 2947 3223 3430 3819 3993 4428
5 3 840 1573 1895 2322 2839 3234 3585 3920 4374 4819
5 4 731 1188 1833 2289 2910 3241 3960 4229 4587 4886
5 5 711 1379 1786 2442 2667 3115 3551 4164 4414 4848
5 6 2065 3010 3239 3815 4239 4589 5205 5584 5862 6035
5 7 851 1962 2606 2923 3397 3700 3996 4649 5149 5574
5 8 1180 2435 2818 3282 3717 4068 4348 4941 5693 6368
5 9 573 1853 2137 2864 4537 5545 6675 6968 7739 8050
5 10 2012 3172 4861 5705 6343 6871 7532 8126 8991 9991
6 0 674 2338 3247 3829 4162 4601 5318 6407 7436 8219
6 1 1939 2287 2752 3292 3689 4391 4751 5227 5656 6133
6 2 616 1107 1690 2193 2627 3160 3632 4157 4874 5356
6 3 831 2185 3023 3465 3976 4364 4518 4715 4912 5172
6 4 1147 2111 2519 2777 3212 3818 4579 4874 5135 5493
6 5 567 1066 1723 2184 3097 3522 3934 4150 4480 4790
6 6 634 1735 2587 3284 3747 4659 5017 5464 5940 6165
6 7 619 1180 2281 3021 3603 4029 4288 4805 5426 5898
6 8 1023 1606 2961 3511 3940 4430 5066 5533 6247 6676
6 9 1015 2013 2675 3762 5001 5633 7016 7421 8549 9492
6 10 804 2063 2745 3378 3620 3911 4516 4954 5570 5872
7 0 1004 1645 2364 2919 4192 5017 6449 7438 8154 9948
7 1 1301 2267 3087 3599 4446 5158 5987 6318 7104 7787
7 2 1458 1917 2726 3275 3862 4156 4915 6192 6837 7140
7 3 875 1395 1954 2291 2818 3655 4159 5090 5961 6331
7 4 1356 1987 2737 3410 4381 4976 5350 5760 6255 6618
7 5 1007 1518 1944 2749 3377 4334 4840 5525 6035 6472
7 6 614 1230 1858 2595 3111 3587 3752 4193 4553 4819
7 7 1110 2458 3309 3740 4319 4858 5600 6115 6490 6855
7 8 988 1710 2538 2918 3690 4170 4793 5322 5853 6659
7 9 1545 2601 3435 4341 5503 6041 6697 7994 8604 9559
7 10 908 1972 3160 4514 5384 6221 7421 8155 9101 9871
8 0 947 2116 3031 3513 3878 5078 5625 6811 8356 9111
8 1 549 2163 3370 4502 6054 6883 7693 8608 8996 10096
8 2 1046 1834 2394 2775 3267 3885 4383 5197 5654 6136
8 3 1081 1677 2247 2931 4034 4565 4987 5631 5956 6654
8 4 609 1378 1931 2561 2956 3744 4359 4914 5155 5527
8 5 1294 1780 2617 2973 3503 3914 4578 5377 6063 6483
8 6 1182 1621 2941 3567 4024 4361 4954 5361 5780 6172
8 7 1617 1953 2829 3160 3908 4367 4671 5074 5799 6063
8 8 513 1779 2851 3622 3994 4349 4753 5160 5582 5935
8 9 1343 2421 3114 4227 6127 7149 8111 8892 9561 10099
8 10 1519 2899 3715 4664 5713 6399 6781 7600 8531 8811
9 0 733 1630 2326 2914 3816 4843 5360 6929 7287 7941
9 1 1329 1930 2599 3599 3964 4649 6226 6696 7333 7854
9 2 1018 2452 2886 3386 4014 4842 5410 6255 6801 7170
9 3 1107 1650 2697 3262 3994 4434 5012 6147 7468 8253
9 4 1044 2071 2415 3429 4526 5110 6068 6771 7472 8203
9 5 242 1691 2420 3145 3937 4380 5063 5434 5890 6198
9 6 1283 2063 2654 3313 4073 4359 4849 5246 5611 6471
9 7 1327 1870 2262 3304 4635 5383 6177 6411 7226 7673
9 8 753 1622 2339 2818 3308 3842 3984 4637 5185 6142
9 9 898 2068 3474 4109 4463 5021 5981 6873 8017 8873
9 10 1660 2723 4389 5850 7696 8455 9612 10972 12224 12711
10 0 1291 3370 4315 4949 6009 7570 8560 10675 12458 13831
10 1 1662 2714 3969 5595 6271 6997 7829 8970 10373 11552
10 2 1734 3023 4281 5638 6473 7398 8395 9917 11558 12586
10 3 1312 3033 3904 4951 6154 6733 8085 9252 10139 11557
10 4 1643 2565 3447 3822 4720 5602 6831 8074 9186 10270
10 5 1225 2636 3864 4747 5330 5895 6411 7407 9021 9784
10 6 1275 1903 2427 3800 4520 5555 6708 7572 8562 9861
10 7 969 2005 3010 3651 4247 5155 6539 7200 7921 9018
10 8 1848 3503 5618 6257 7489 9367 10762 12215 13733 14090
10 9 807 3937 5883 7882 9103 9735 10964 12565 13861 14981
10 10 1306 3360 4194 5809 7560 8724 9639 10992 12593 14329
