0 0 950 2192 3434 5265 6069 6798 7333 8276 9113 9617
0 1 838 1689 2789 3631 4217 5035 5941 6602 7462 8200
0 2 1023 1471 2038 2757 3159 3901 4593 5069 5717 6635
0 3 834 1477 2693 3671 4789 5790 6658 7492 8843 9821
0 4 497 1150 2055 2678 3084 3228 3804 4252 4701 5306
0 5 734 1438 2101 2756 3300 3960 4607 5068 5681 6364
0 6 415 1626 2733 3532 4428 5417 5904 6547 7364 8162
0 7 869 1577 2380 3379 4609 5539 6524 7775 8724 9675
0 8 784 1415 2451 3003 3498 3917 4369 4991 5557 6572
0 9 871 1565 2235 3326 4370 4987 5787 6580 7391 8147
0 10 1519 2399 3860 5380 6117 7187 8824 10104 11571 13112
1 0 1513 1987 2622 3211 3787 4485 5058 5232 5766 6347
1 1 1070 1588 2624 2983 3562 3765 4276 4524 4792 5123
1 2 951 1657 2021 2402 2769 3158 3518 3819 4029 4304
1 3 627 1373 1799 2686 2903 3400 3648 4015 4533 4726
1 4 939 1654 1927 2484 3008 3567 4006 4497 5033 5419
1 5 958 2081 2708 3094 3545 4190 4568 4806 5202 5572
1 6 686 1640 2036 2457 2825 3078 3375 3660 4039 4574
1 7 1080 2165 2442 2643 3161 3554 4004 4376 4768 5014
1 8 721 1334 2155 2887 3272 3695 4236 4568 5056 5829
1 9 1231 2358 3215 3890 4313 4584 5440 5928 6496 7035
1 10 1092 1873 2779 3302 4423 4933 5927 6728 7795 8711
2 0 1153 1682 2086 2801 3360 3758 4122 4471 4844 5066
2 1 1650 2643 3283 3594 4046 4437 4750 5093 5310 5648
2 2 1269 1798 2471 2785 3219 3519 3849 4423 5241 5781
2 3 755 1946 2507 3148 3530 3867 4266 4633 4813 5037
2 4 477 1144 1636 2201 2551 2967 3267 3770 3986 4132
2 5 773 1467 1845 2070 2817 3094 3323 3583 3724 4172
2 6 1326 2008 2599 3064 3483 3730 4230 4819 5213 5552
2 7 657 1239 1904 2496 3028 3385 3810 4384 4888 5409
2 8 702 1389 2183 2629 3294 3861 4285 4997 5511 5966
2 9 916 2116 2888 3702 4058 4894 5407 6068 6881 7698
2 10 1256 2163 3010 3314 3680 4219 4821 5771 6263 6773
3 0 770 1421 1681 2007 3036 3335 4028 4486 4896 5430
3 1 753 1369 1960 2327 3097 3670 4046 4444 4826 5066
3 2 870 1450 2007 2166 2562 2955 3316 3669 3963 4315
3 3 1047 1539 1854 2177 2402 2824 3170 3461 3777 4114
3 4 864 1513 1956 2383 2757 3086 3350 3793 4293 4488
3 5 881 1214 1693 1973 2716 3004 3332 3669 4098 4310
3 6 1016 1313 1954 2423 2826 3025 3453 3752 4075 4457
3 7 809 1372 1954 2522 2799 3614 3842 4066 4351 4600
3 8 605 2440 3047 4079 4551 5227 5858 6433 7030 7418
3 9 2123 2659 3688 4142 5248 5858 6313 7211 7957 8987
3 10 1508 3235 4196 5227 5606 7135 8817 9596 10870 11698
4 0 1009 1757 2109 2580 2803 3634 4103 4419 5068 5561
4 1 899 1554 2060 3009 3522 3856 4295 4786 5173 5389
4 2 840 1865 2249 2688 3218 3614 4070 4401 4901 5329
4 3 880 1600 1898 2413 2747 3045 3450 4195 4418 4884
4 4 901 1269 1606 1969 2245 2404 2781 3067 3424 3576
4 5 1314 2027 2838 3252 3761 4190 4443 4764 5071 5319
4 6 529 1396 2063 2877 3403 3975 4642 5284 5794 6212
4 7 945 1417 1841 2299 2669 3158 3671 4115 4944 5597
4 8 774 1404 2397 2773 3343 3871 4534 4877 5182 5892
4 9 1403 2836 3663 4676 5031 6092 6536 7340 7697 8201
4 10 1941 2614 3895 4686 5199 5826 6438 6792 7450 8184
5 0 1413 2735 3411 4597 5244 6086 6459 6872 7341 7870
5 1 764 1366 1873 2569 3248 3574 4207 4787 5408 5885
5 2 996 1578 2018 2614 2914 3377 3662 4034 4572 5138
5 3 777 1976 2579 3127 3363 3965 4357 4694 5058 5390
5 4 630 1427 1930 2292 2922 3248 3633 3882 4315 4563
5 5 955 1660 2140 2544 2993 3139 3362 3760 4072 4501
5 6 532 1831 2425 3428 4280 5069 5613 6071 6657 7355
5 7 624 1274 1891 2337 2854 3421 3855 4278 5100 5771
5 8 940 1841 2549 2925 3323 4146 4997 5591 6155 6563
5 9 1383 2134 2802 3786 4851 6458 7619 8670 9251 9795
5 10 917 1933 2552 3173 4216 4598 4965 5368 6119 6497
6 0 335 2135 3030 3730 4377 4734 5426 5939 6564 7817
6 1 735 1275 2288 3320 3741 4807 5087 5699 6081 6566
6 2 1294 1981 2376 2871 3117 3495 3890 4675 4944 5647
6 3 524 1246 1754 2195 3020 3664 4097 4578 5044 5314
6 4 554 897 1470 2062 2646 2903 3381 3824 4340 4667
6 5 1358 2518 3296 3863 4396 4812 5090 5342 5716 6302
6 6 816 1300 1755 2422 2961 3276 3855 4243 4617 4989
6 7 1106 2008 2359 2732 3098 4040 4878 5343 5867 6056
6 8 1307 2576 3400 4588 5265 5918 6506 7178 7602 8492
6 9 376 1314 1961 2944 3583 4392 4787 5641 6205 6759
6 10 878 1742 2877 4020 5321 6926 8472 9247 10615 11261
7 0 530 1571 2295 2736 4066 4764 5521 6099 6969 8295
7 1 1263 2429 3207 3953 4666 5403 6461 6741 7315 7707
7 2 939 1481 2464 3462 3922 4550 5189 5640 6287 6874
7 3 548 1140 1760 2291 2844 3167 3455 3770 4344 4636
7 4 532 1102 1696 2333 2596 3239 3580 4125 4550 5008
7 5 780 1258 2034 2441 2795 3286 3896 4400 5347 5926
7 6 883 2113 2758 3459 4156 4967 5827 6198 6582 6899
7 7 1317 2381 2929 3448 3961 4521 4963 5916 7150 7867
7 8 1049 1876 3786 4488 5406 5711 6324 6985 7496 7965
7 9 1033 2938 4406 4984 5815 6343 7243 7762 8650 9867
7 10 436 1991 3125 3318 3964 4619 5020 5780 6152 7342
8 0 806 1972 2771 3882 4801 5365 6466 7039 7627 8330
8 1 1508 2418 2725 3803 4785 5587 6222 6708 6964 7415
8 2 1122 2105 3050 3756 4119 4667 5246 5884 6398 7084
8 3 756 1351 2296 2815 3449 4190 5064 5247 5804 6245
8 4 974 1591 2554 3740 4186 4838 5320 6030 6563 7181
8 5 819 1092 1686 2249 3082 4105 4894 5427 5927 6445
8 6 487 1508 2360 3130 3532 3925 4305 4786 5796 6439
8 7 1124 2010 2792 3468 3800 4292 5055 5766 6186 6648
8 8 1143 2299 3117 3939 5036 5600 6085 7495 8461 9065
8 9 492 1582 2252 2792 3793 4731 5390 6346 6811 8016
8 10 867 1864 3543 4899 6163 7778 8456 10029 11809 12757
9 0 1040 2281 2988 3969 5163 6081 6658 9050 10387 11304
9 1 1049 2286 3506 4718 5681 6219 6852 7593 8646 9253
9 2 1007 1887 2540 3346 4191 4635 6192 7253 7936 8982
9 3 887 1987 2582 3347 4457 5105 5858 6629 7274 7994
9 4 889 2502 3179 3756 5139 5725 6854 8224 9019 9276
9 5 931 1740 2341 3473 4244 4586 5655 6288 6927 7621
9 6 1489 2473 3134 3751 4717 5527 5912 6644 7359 8304
9 7 1316 2017 2618 3004 3694 4170 4748 5417 6041 6958
9 8 691 1826 3467 4034 4515 5345 6017 7072 7700 8010
9 9 1822 3126 4135 5247 5955 6942 7597 8460 9166 9497
9 10 2067 3509 5259 5595 6538 7366 8716 10139 10765 11708
10 0 1204 4118 4771 6447 7936 8828 9981 11383 12292 13958
10 1 1125 3264 5081 6903 8146 9306 10534 11634 12748 13502
10 2 1229 2572 4049 5364 6492 7269 8261 10039 11187 13122
10 3 379 1140 1721 2803 4309 5552 5850 7623 8647 9697
10 4 1169 2120 3374 4502 5833 6328 7297 7821 9609 10718
10 5 1152 2196 3300 4327 5406 6421 7639 8860 10118 11014
10 6 980 2256 3281 4023 4448 5529 6580 7584 8698 9901
10 7 936 1988 3180 3903 4892 6080 7512 8276 8748 9871
10 8 656 1849 3199 4559 6004 7381 8790 10012 10917 11890
10 9 1133 2197 4023 6022 6909 8700 9970 12075 12544 13857
10 10 1293 3519 5663 6705 7661 8605 10418 11091 12144 13312
