0 0 1333 2459 3513 4371 5315 6535 7799 8506 9545 10684
0 1 1240 1908 2503 2863 3968 5233 6175 6667 7969 9057
0 2 1213 2350 3069 3698 4391 5077 5676 6226 6937 7380
0 3 1456 2464 3278 3701 4474 5340 5911 6477 7593 7996
0 4 1263 2575 4406 5682 6992 8138 8608 9137 9747 10351
0 5 698 1072 1865 2611 3043 3913 4431 4866 5506 6030
0 6 770 1640 2335 2916 3667 4802 5428 6092 7021 7992
0 7 931 2042 2979 4115 4625 5337 6057 6840 7701 8458
0 8 971 1881 2688 3556 4114 4845 5514 6374 7244 8717
0 9 911 1379 1873 2639 3504 4393 5293 5862 6567 7174
0 10 1277 2092 2941 4552 5385 6121 7163 7929 9020 10567
1 0 1028 1559 2250 2909 3459 3741 3950 4558 4868 5354
1 1 1115 1669 2304 2639 3180 3506 3917 4275 4811 4937
1 2 662 1327 1809 2241 2614 2899 3385 3539 3991 4396
1 3 1010 1603 2256 2646 2980 3635 3921 4360 4538 4728
1 4 1156 1714 2393 2715 3063 3634 3969 4255 4566 4900
1 5 1054 1664 1984 2377 2798 3283 3603 3876 4219 4858
1 6 495 1533 2228 2697 3295 3477 3722 4106 4399 4881
1 7 762 2025 3085 3621 4015 4619 4950 5289 5541 5794
1 8 1379 2278 2903 3309 3512 4028 4368 4643 4939 5409
1 9 741 2015 2833 3593 3938 4398 4848 5387 6278 6685
1 10 1478 2403 3186 3607 4336 5074 5886 7217 7841 8260
2 0 892 2135 3119 3454 3780 4281 4736 5134 5477 5958
2 1 804 1561 2072 2427 3143 3498 3998 4666 4986 5181
2 2 756 1914 2427 2794 3333 3726 4227 4499 5015 5228
2 3 663 1337 1621 1878 2095 2381 2648 3035 3340 3633
2 4 1202 1971 2492 2817 3310 3824 4158 4638 5073 5419
2 5 785 1436 2408 2873 3302 3677 4035 4420 4914 5514
2 6 744 1351 2080 2699 3687 4144 4502 4933 5482 6018
2 7 698 1710 2426 2984 3572 3886 4278 4480 4784 5182
2 8 1252 2144 3259 4779 5160 5677 6311 6981 7542 8127
2 9 1490 2308 3787 4127 4658 5392 6284 6675 7531 8578
2 10 1643 2424 2943 3760 5135 5678 6327 7080 7569 8007
3 0 1083 1601 1785 1985 2249 2625 2872 3169 3532 3856
3 1 550 1316 2056 2559 3025 3462 3897 4323 4868 5596
3 2 1314 2182 2507 3078 3815 4335 4631 4931 5299 6031
3 3 885 1746 2169 2425 2741 3080 3366 3560 3692 3892
3 4 1279 2023 2632 3328 3872 4164 4732 4944 5352 5594
3 5 907 1517 1972 2417 2682 3052 3416 3787 4016 4318
3 6 505 1048 1874 2448 2802 3061 3559 3898 4351 4839
3 7 1582 2682 2976 3380 3795 4197 4671 5231 5575 6063
3 8 1082 1654 2533 3355 3874 4428 5216 5672 5923 6327
3 9 1030 1935 2551 2983 3779 4412 5055 5652 6376 6958
3 10 1163 2492 3029 4096 4967 5634 6153 7223 7579 8054
4 0 641 1610 2430 3261 3758 4054 4317 4708 5263 5843
4 1 668 1421 3078 3841 4904 5334 6084 6521 6979 7513
4 2 1238 1949 2487 2731 3221 3603 3936 4449 4722 5032
4 3 936 1575 1795 2321 2713 3072 3503 3913 4296 4789
4 4 1673 2590 3053 3678 3998 4307 4729 5024 5288 5661
4 5 1086 2078 3107 3569 3908 4213 4478 4825 5094 5388
4 6 1079 1624 1964 2279 2790 3145 3476 3794 4121 4517
4 7 309 1243 1664 2261 2619 3410 3956 4455 4936 5277
4 8 597 1958 2633 4024 4695 5435 6103 6984 7704 8444
4 9 915 1922 2384 3429 4579 5385 6515 7303 8310 8982
4 10 1377 2556 4326 5311 6212 6985 7770 8740 9566 10301
5 0 720 1807 2355 2944 3441 4196 4720 5182 5757 6453
5 1 977 1525 2221 2639 3149 3672 3996 4479 4709 5120
5 2 690 1690 2050 2356 2799 3295 3656 3974 4297 4693
5 3 352 1323 1856 2368 2774 3159 3423 3840 4190 5041
5 4 900 1459 2484 2965 3343 3617 4060 4360 4691 4999
5 5 1677 2174 2691 3115 3458 3774 4029 4442 4678 5208
5 6 648 1450 1743 1989 2551 2975 3447 3757 4527 4905
5 7 1023 1638 2284 3190 3592 3957 4399 5148 5476 5992
5 8 1240 2199 2992 3836 4697 5304 6110 6986 7548 8618
5 9 934 1969 2986 3795 4294 5166 6199 6985 7458 7898
5 10 1506 2618 3723 4829 5833 6869 7793 8730 9427 10439
6 0 1350 2148 2955 3190 3657 4196 5460 6189 7099 7930
6 1 770 2485 3372 4233 4999 5403 6618 7072 7952 8549
6 2 1010 1945 2379 2707 3002 3328 3787 4084 4582 5034
6 3 678 1169 1605 2207 2638 3054 3492 3861 4260 4781
6 4 1065 2115 2523 3133 3738 4040 4637 5179 5584 6168
6 5 834 1755 2432 3316 3909 4355 4620 4953 5073 5385
6 6 705 1126 1799 2988 3441 3902 4164 4635 5206 6326
6 7 621 1828 2440 2979 3298 3702 4135 4374 4865 5181
6 8 994 2078 3117 3701 4261 4731 5297 6058 6512 7100
6 9 1184 1805 2568 2813 3618 3960 4578 5250 6714 6959
6 10 1053 2184 3038 3961 5156 5926 6496 7138 8072 8840
7 0 1268 2149 3475 3948 4607 4959 6209 6987 7560 8297
7 1 1180 1854 2286 3027 3481 3931 4508 5048 5403 5730
7 2 1293 1716 2245 2631 3408 3924 4248 4720 5038 5705
7 3 663 1628 2315 2887 3608 4585 5518 5835 6176 6675
7 4 1139 2077 2220 2853 3359 3802 5044 5757 6253 6649
7 5 479 1324 2135 2369 2859 3289 4063 4554 4819 5380
7 6 1070 2209 2769 3530 4340 5315 6428 6831 7501 7943
7 7 1058 1479 2272 2773 3198 3659 3904 4286 4692 5078
7 8 1251 2861 3482 4387 5442 5978 6521 7296 7748 8044
7 9 1214 3978 4832 5958 7268 8179 9389 9834 10827 11707
7 10 1818 3048 3642 4137 4379 4795 5856 6821 7694 7974
8 0 833 1743 2735 3053 4056 4882 6072 6803 7642 8078
8 1 1234 1813 2452 3225 4525 4909 6145 7066 7697 8467
8 2 580 1508 2335 2666 3796 4236 4565 5110 5874 7076
8 3 990 1996 2530 3072 3624 4135 5035 5621 6012 6994
8 4 824 1825 3198 3559 4092 4483 5267 6024 6380 6852
8 5 911 1646 2054 2492 3367 3668 4649 5236 6609 7435
8 6 1091 1699 2374 2899 3423 3788 4150 4709 5155 5544
8 7 444 1857 2791 3354 3933 4376 4796 5238 5785 6010
8 8 630 1462 2331 3338 4262 4805 5304 5998 6852 7800
8 9 1027 3167 4164 5312 6307 6886 7964 8607 10089 10835
8 10 1989 2913 4418 5733 6388 7353 8620 9861 10706 11840
9 0 1258 2279 2905 3900 4770 6007 6812 7565 8545 9302
9 1 638 2448 3138 4061 4882 5693 6203 7433 8193 9289
9 2 1000 1726 2505 3197 3743 3970 5197 5947 6799 7851
9 3 1122 2822 3264 4299 5518 6215 6702 7041 7659 8453
9 4 901 1916 2393 2838 3391 3970 4926 6041 6582 7513
9 5 1382 2352 3011 3942 4398 4670 5505 6221 7064 7449
9 6 1694 2736 4292 4635 5447 5776 6269 7358 7949 8645
9 7 575 1395 2950 4172 4677 5382 5766 6313 7283 8639
9 8 1204 2106 2584 3628 4800 6456 7823 9721 11334 12141
9 9 1041 2626 4364 5891 6808 7999 8633 9461 10224 10917
9 10 2070 3027 4078 5186 6457 7363 8476 10183 11402 12207
10 0 592 1899 3193 3822 4636 5507 6497 7857 9378 10492
10 1 1131 2532 3655 4593 5716 6777 7832 8626 10801 12015
10 2 469 1668 2322 3454 4454 5589 6639 7440 8270 9309
10 3 987 2113 2950 4206 5188 6874 7565 9500 10223 11466
10 4 871 1834 3590 4683 5783 6483 7523 8701 9848 11145
10 5 1288 2123 2941 3739 5246 6635 7448 8425 9120 9614
10 6 1506 2611 3471 5132 6362 7547 8794 10150 10867 11573
10 7 1516 3213 4183 5169 6203 7587 8574 9941 11184 11687
10 8 1493 3101 4394 5360 6375 8110 8858 9634 10651 11674
10 9 981 1938 4101 5549 7859 8507 9443 10700 12460 13356
10 10 3528 5711 7996 9973 11301 12535 13452 15536 16653 17506
