0 0 692 1917 2872 3252 4242 5207 5801 6600 7589 9311
0 1 1010 1764 2883 3784 4293 5004 5466 6283 7050 7795
0 2 911 1745 2768 3391 4861 5543 6470 7161 7969 8683
0 3 626 1045 1647 2290 2820 3242 4158 4514 5042 5856
0 4 835 1656 2367 3153 3782 4501 5096 5789 6628 7505
0 5 545 1343 1873 2538 3053 3849 4635 5277 5849 6496
0 6 1421 2771 3564 4913 5634 6614 7439 8503 9306 9914
0 7 918 1778 2015 2626 3447 4067 4513 5597 6445 8096
0 8 940 1652 2382 2959 3461 3982 4691 5351 6135 7104
0 9 2001 3724 4530 5946 6680 8024 8779 10186 11402 12317
0 10 538 1856 2527 3182 3608 4325 4977 5945 6849 7625
1 0 1323 2042 2539 3330 3681 3969 4570 4877 5112 5478
1 1 930 1295 2158 2443 2750 3494 3832 4059 4352 4696
1 2 1027 1532 1876 2194 2415 2855 3272 3603 3943 4228
1 3 1080 1564 1939 2480 3121 3479 3820 4171 4499 4905
1 4 626 1302 1670 2178 2333 2590 2959 3219 3787 4269
1 5 1400 2053 2406 2847 3349 3776 4230 4383 4825 5125
1 6 1055 2005 2765 3190 3750 4127 4606 5062 5505 5701
1 7 658 1329 1865 2532 2948 3247 3604 3974 4353 4678
1 8 1589 2301 3034 3900 4513 4843 5440 5759 6035 6587
1 9 1134 1879 2741 4172 5026 5922 6720 7697 8442 9116
1 10 1998 3167 3964 4815 5781 6526 7737 9204 10743 11773
2 0 1191 1943 2378 2740 3061 3607 4041 4316 4532 4918
2 1 748 1040 1652 2019 2323 3026 3314 3838 4046 4350
2 2 989 1408 1824 2126 2498 2792 3097 3410 3751 4088
2 3 899 1385 1651 2081 2461 2931 3258 3543 3902 4149
2 4 682 1497 2160 2375 2722 2939 3240 3513 3853 3999
2 5 957 1578 2234 2976 3627 4174 4558 4797 5137 5359
2 6 1133 1671 2307 2718 3205 3528 3995 4276 4674 4979
2 7 886 1993 3144 3553 4074 4658 4992 5548 5737 6090
2 8 1163 1917 2638 2999 3407 4040 4624 4989 5534 6387
2 9 1393 2043 2701 3555 3977 4226 4683 4984 5556 6332
2 10 1709 2645 3067 3990 4488 5625 6365 7008 7849 8780
3 0 1284 2060 2704 3111 3442 4053 4724 5344 6133 6613
3 1 1179 1612 2040 2400 2978 3328 3639 3829 4344 4618
3 2 1288 1767 2447 2714 3192 3408 3720 4016 4300 4723
3 3 1047 1501 1888 2591 2901 3359 3685 4062 4420 4809
3 4 667 1729 2167 2724 3156 3593 3820 4435 4784 5013
3 5 595 1052 1476 1967 2383 2887 3185 3604 4206 4612
3 6 1147 1785 2144 2462 2803 3152 3836 4125 4596 4947
3 7 498 1531 2045 2276 2776 3040 3305 3803 4051 4535
3 8 1365 2325 2893 3356 3736 4084 4321 4758 5118 5481
3 9 594 1515 1998 2958 3506 3924 5217 5651 6713 7108
3 10 952 2316 2981 4055 4528 5435 5866 7453 8244 8888
4 0 1018 1469 2334 3124 3688 5228 6672 7655 8428 8913
4 1 816 1781 2512 3041 3532 4313 4850 5359 5657 6036
4 2 443 868 1855 2755 2948 3290 3604 3861 4258 4638
4 3 924 1520 1798 2283 2693 3021 3410 3636 3941 4410
4 4 1012 1958 2729 3104 3474 3880 4164 4548 4782 4965
4 5 1157 2256 2827 3191 3522 4082 4419 4722 5073 5447
4 6 751 1477 2031 2648 3069 3535 4020 4382 4761 4985
4 7 1580 2396 2781 3146 3469 3872 4202 4628 5106 5365
4 8 782 2048 3002 3453 4123 5098 5622 6165 7143 7725
4 9 1043 1713 2800 3415 4027 4760 5784 6342 6802 7194
4 10 1135 1904 3088 4083 4590 5577 6311 6894 8268 8809
5 0 1005 2101 3017 3410 3982 4292 4868 5320 5688 6584
5 1 1843 2364 3050 3633 4264 4758 5460 5779 6092 6645
5 2 850 1552 2544 3001 3757 4189 4617 5035 5604 5880
5 3 1081 2193 3030 3440 3921 4256 4429 4647 5058 5405
5 4 1178 2006 2405 2624 3016 3290 3528 3924 4174 4467
5 5 634 1560 2154 2376 3504 4290 5083 5555 5842 6504
5 6 1248 2277 2844 3091 3486 3734 3945 4557 4882 5260
5 7 1181 1759 2293 2953 3597 4428 4985 5377 5681 6250
5 8 1182 1982 2695 2982 3631 3992 4691 5248 6038 6551
5 9 1050 2212 2963 4033 5022 5262 6044 7355 8436 9147
5 10 1116 2510 3815 5274 7224 7978 8449 9672 10575 11755
6 0 897 2046 2394 3020 3974 5036 5886 6626 7233 8249
6 1 1619 2263 3002 3776 4535 4914 5634 6212 7017 7565
6 2 1079 2175 3017 3655 4285 4886 5449 6055 6462 6797
6 3 663 1300 1937 2707 3139 3773 4165 4436 4769 5130
6 4 980 1546 2098 2953 3614 3998 4357 4522 4900 5211
6 5 773 1488 1916 2449 2917 3127 3340 3854 4267 4668
6 6 765 1844 2833 3407 3899 4364 4881 5213 5636 6219
6 7 1538 1987 2718 3009 3688 4050 4472 4792 5296 5720
6 8 697 1025 1689 2950 3674 4310 4802 5453 6104 6501
6 9 697 1639 2511 3383 3841 4231 4785 5352 6061 6966
6 10 1043 2360 3523 4195 5210 6191 6950 7726 8422 9728
7 0 475 1100 1597 2344 3112 3962 4441 5191 5912 6461
7 1 707 2625 3525 4188 4598 5166 5774 6482 6841 7494
7 2 819 1651 2339 2858 3363 3744 4379 5008 5650 5917
7 3 1270 2162 3115 3889 4741 5334 5825 6259 6907 7165
7 4 807 1451 1892 2651 3316 3886 5035 5566 5857 6351
7 5 1176 1997 2402 3183 3674 4186 4505 4869 5407 6069
7 6 473 1901 2789 3506 4248 4721 5253 5777 6041 6503
7 7 745 1667 2360 3012 3545 4320 5055 5513 5948 6181
7 8 1034 2390 3308 4143 4475 4699 6383 7020 7587 7982
7 9 1862 3779 4448 5621 6320 7446 8017 8659 9579 10267
7 10 860 1784 2643 4054 5838 6815 8097 8767 9413 10292
8 0 1487 2189 3244 4191 5041 5848 6620 7670 8312 9480
8 1 750 1496 2186 2852 4235 4695 5226 6036 6440 6789
8 2 743 1307 2312 2893 3482 4039 5015 6414 6995 7506
8 3 524 1473 2123 2954 3309 3992 4688 5498 5887 6308
8 4 813 1655 2259 2814 3377 3949 4602 5298 6436 6753
8 5 756 1547 2103 2723 3271 4089 4707 5425 6180 6700
8 6 905 1809 2929 3461 4362 5192 5761 6686 7460 7897
8 7 876 1905 2968 3509 4184 4990 5266 6126 6881 7434
8 8 699 1107 1327 2085 2969 3973 4880 5651 6914 7515
8 9 955 2416 3045 3695 4451 5372 5894 6803 7606 8116
8 10 1980 3311 4286 4871 6426 6882 7311 8273 8929 9769
9 0 1233 2019 3767 4377 5323 7004 8297 9542 10673 11946
9 1 1996 2399 2718 3288 3779 4602 5488 6204 7008 8246
9 2 1081 2543 3847 5035 5916 7056 8230 8843 9380 9840
9 3 868 1963 3336 4357 4943 6235 6744 7209 7620 8065
9 4 361 1566 1945 2755 3205 3909 4774 5994 6606 7286
9 5 428 1397 2050 2895 4139 4855 5268 5841 6409 7221
9 6 350 1304 2438 3669 4496 5047 6220 7147 7796 8628
9 7 858 1678 2442 3707 4247 4649 5001 5253 5496 5915
9 8 654 2078 4610 5867 7500 8451 9514 10160 11710 12780
9 9 1550 2974 4364 5156 5824 6824 7177 7953 8212 9064
9 10 711 2940 3855 5120 6844 8138 9030 9867 10821 11777
10 0 1430 2355 3468 4413 5624 6916 7732 9348 10780 11558
10 1 907 1563 2564 3956 6388 7367 8321 9220 10393 11619
10 2 1224 1959 2854 3758 4927 6541 7781 8774 10297 11171
10 3 1733 2893 3716 4629 5523 7146 8492 9267 10081 10525
10 4 1466 2748 3895 4357 5155 6062 7242 8742 9688 10646
10 5 581 1597 2654 3822 4570 5244 6016 6611 7755 8573
10 6 1764 2499 3415 4335 5289 5953 6527 7327 7968 8555
10 7 1585 3081 4763 6391 7244 7779 8935 10002 11110 11840
10 8 831 1743 2706 4332 6209 7647 8713 10096 11031 12013
10 9 1219 3111 5379 7753 9580 11574 12800 14806 15606 16860
10 10 422 2264 3723 4963 5882 6721 7995 8813 10336 11558
