0 0 969 1747 2124 2508 3064 3443 3954 4571 4747 5204
0 1 654 1211 2273 3298 4159 4791 5419 6424 7385 8428
0 2 1139 1986 2694 3554 4540 5017 5689 6970 8006 9261
0 3 446 1348 2008 2727 3316 4165 5201 6434 7025 8240
0 4 1391 1969 2783 3539 4344 5101 5663 6374 7180 8682
0 5 732 1235 1605 2268 3366 3845 4901 5526 5975 6736
0 6 692 1598 2100 2967 4007 4754 5427 6047 7125 7799
0 7 873 1562 2160 2614 3531 3880 4334 5002 5818 6482
0 8 1028 2207 2991 3815 4664 5314 6019 7207 7832 8508
0 9 2023 3168 4260 4749 6140 7271 8014 9549 10356 11237
0 10 910 1757 2491 3082 3718 4393 5115 5566 6155 7038
1 0 847 1615 2296 2777 3251 3684 3942 4194 4494 4623
1 1 1201 2136 2431 2808 3349 3625 4043 4425 4602 4829
1 2 1231 1700 2087 2616 2874 3093 3379 3654 3975 4230
1 3 1002 2092 2441 2867 3055 3353 3669 4097 4266 4569
1 4 867 1681 2083 2633 3109 3935 4289 4568 4827 5085
1 5 955 1613 2024 2418 2754 3087 3404 4084 4792 5259
1 6 845 1732 2051 2423 2807 3079 3594 3924 4093 4398
1 7 600 1580 2475 2792 3248 3625 4118 4564 4974 5572
1 8 976 2183 2722 3294 3912 4351 4687 5014 5422 5718
1 9 1230 3128 5029 6017 6583 7059 7846 8177 8550 9081
1 10 1454 2156 3135 3601 4340 4884 5338 6592 7265 8140
2 0 843 1368 2329 2720 3287 3831 4135 4676 5060 5581
2 1 893 1560 1913 2351 2703 2977 3250 3516 3779 4044
2 2 1416 1836 2247 3036 3539 4054 4463 4650 4897 5092
2 3 556 1034 1373 1857 2159 2323 2685 2892 3236 3578
2 4 1391 1901 2398 2999 3310 3609 3966 4240 4426 4713
2 5 1102 1882 2533 3086 3328 3513 3851 4377 4715 5024
2 6 1021 1896 2364 2929 3393 3863 4183 4414 4796 5323
2 7 1264 2141 2774 3308 3760 4188 4876 5325 5657 6072
2 8 988 2382 3392 3917 4468 5099 5478 6139 6281 6901
2 9 1494 2073 2724 3240 4133 4723 5209 5826 6028 6570
2 10 997 2345 3465 4415 5334 6500 7611 8545 9052 9878
3 0 955 1424 1682 1916 2321 2702 3055 3476 3912 4509
3 1 741 1572 2124 2750 3416 3840 4145 4462 5015 5404
3 2 1070 1740 2121 2558 3010 3361 3824 4037 4228 4420
3 3 887 1293 1979 2600 2970 3253 3854 4160 4563 5074
3 4 863 1320 2118 2555 2870 3270 3669 3911 4179 4615
3 5 626 1263 1992 2459 2782 3167 3424 3684 4081 4377
3 6 687 2110 2741 3210 3470 3800 4153 4547 4999 5282
3 7 676 1344 2204 2757 3170 3491 3721 4358 4719 5237
3 8 826 1636 2880 3328 3732 4128 4838 5075 5811 6338
3 9 994 2080 2733 3486 3919 4333 5447 6216 6701 6979
3 10 937 1788 2622 3252 4015 4683 5283 6388 7260 8132
4 0 668 1585 2656 3258 3934 4342 4873 5339 5882 6577
4 1 822 1288 1859 2530 3109 3635 3883 4338 4530 5200
4 2 429 1271 1766 2292 2650 3150 3704 4272 4715 5194
4 3 717 1828 2973 3444 3924 4631 5127 5524 5894 6359
4 4 936 1940 2634 3299 3769 4310 4904 5237 5524 5749
4 5 1121 2287 2770 3711 4486 4821 5081 5442 5992 6291
4 6 642 1180 1657 2060 2718 3115 3531 4059 4325 4501
4 7 570 1304 1742 2304 3024 3484 4164 4633 5004 5253
4 8 839 1702 2560 2979 3756 4417 4760 5529 6135 6513
4 9 2138 3160 4041 5378 5639 5898 6809 7461 8418 9067
4 10 1220 2399 3545 4894 6306 7045 7962 9245 10553 11095
5 0 717 1134 1502 2219 2553 2909 3351 3690 4221 4675
5 1 1267 2050 2310 2753 3747 4139 4691 5208 5780 6316
5 2 1038 1675 2078 2632 2953 3449 3723 4218 4785 5263
5 3 712 1462 1787 2206 2429 3127 3337 3578 3813 4145
5 4 703 1236 1734 2733 3147 3916 4547 4998 5178 5677
5 5 614 1078 1504 2113 2312 2869 3282 3608 4035 4402
5 6 1009 1779 2066 2343 2667 3078 3314 3680 4388 4958
5 7 1416 2734 3483 3908 4225 4657 5399 5790 6157 6429
5 8 1202 2559 3301 3729 4380 5267 6307 7616 8321 8881
5 9 1013 1894 2628 3410 4518 5361 5875 6099 6452 6927
5 10 802 2034 2953 4144 4736 5416 6798 7209 7874 8200
6 0 1036 1934 2774 3588 4168 5017 6081 6525 7095 8192
6 1 570 1840 2695 3540 3977 4381 5004 5506 6134 6562
6 2 757 1679 2574 3233 3669 4121 4743 5161 6146 6721
6 3 783 1254 1790 2138 2598 3038 3394 3684 4220 4766
6 4 1176 1788 2835 3208 3842 4204 4831 5112 5289 5583
6 5 1011 1386 1927 2315 2845 3178 3500 4057 4488 4889
6 6 1084 2012 2612 3038 3502 3955 4548 5116 5468 5974
6 7 925 1784 2423 2980 3255 3553 4092 4391 4777 5378
6 8 970 2118 2838 3535 5097 6041 6593 7846 8956 9973
6 9 1430 2520 3087 4252 5254 5582 6344 6631 6975 7547
6 10 1053 2428 3312 4189 5212 5830 6281 7240 7719 8215
7 0 916 1575 3117 3981 5206 6347 7302 7768 8345 8745
7 1 798 1554 2497 3115 3791 4284 4680 5081 5666 6338
7 2 888 1401 1950 2704 3420 3916 4616 5158 5654 6238
7 3 577 1538 2321 3209 3767 4384 5122 5641 6249 6729
7 4 893 1780 2537 2884 3659 4549 5350 5719 6875 7480
7 5 1055 2103 2801 3223 3803 3976 4635 5213 5578 6111
7 6 1013 1859 2907 3382 3724 4144 4623 4932 5357 5748
7 7 933 2145 2855 3499 3759 4323 4634 4828 5270 5926
7 8 1099 2525 3157 3507 4144 5155 5361 5850 6307 7090
7 9 868 1720 2961 3417 4381 4900 5498 6309 6996 7987
7 10 788 1470 2096 2757 3620 3997 5324 5770 6652 7144
8 0 1666 2447 3176 4181 5261 6137 7460 7891 8331 9300
8 1 1833 2448 3024 3632 4209 5285 6131 6991 7805 8938
8 2 1293 2175 2872 3526 4204 4812 5492 6221 6870 7754
8 3 830 1671 2717 3499 4106 4744 5243 6108 6540 7488
8 4 932 1439 2002 2774 3850 4871 5438 6020 6650 7657
8 5 1205 1872 2456 3406 3704 4286 4741 5256 5880 6510
8 6 573 953 2047 3202 3798 4494 4766 5224 5958 6576
8 7 1223 1710 3035 4409 4905 5397 5780 6443 7352 7790
8 8 954 2034 2812 3926 4795 5683 6306 7060 7719 8592
8 9 867 2647 3777 4388 5117 5995 6766 7461 8451 9013
8 10 1655 3086 3863 4746 5567 6612 8002 8686 9374 9922
9 0 1273 2099 2832 3613 4810 5944 6934 7603 9380 11181
9 1 900 1738 2908 3606 4405 5054 6019 6967 7783 8461
9 2 791 2091 3405 4579 5369 6102 7022 7731 8766 9685
9 3 1138 2015 2888 3856 4366 5498 5995 6619 7199 7992
9 4 744 1704 1933 2769 3806 5131 5744 6801 7484 8057
9 5 1382 2895 3291 4375 4865 5712 6458 6996 7611 8257
9 6 2337 3364 4027 5347 6092 6600 7225 7606 8061 8575
9 7 1162 2435 2975 3640 4266 4884 5627 6062 6407 7311
9 8 949 2099 3245 4531 5010 5710 6472 7105 7605 8401
9 9 1206 3276 3976 4868 5530 5919 7015 7528 7873 8437
9 10 1436 2739 3957 5106 5636 6063 6469 7084 8297 9186
10 0 698 1439 2883 3856 4662 5808 6759 7776 9342 10342
10 1 902 2075 2554 3873 4441 5114 5660 6772 8137 9585
10 2 803 1848 3541 4396 5556 6844 7599 8941 9642 10262
10 3 1076 2275 3500 5362 6487 6975 8041 8795 9418 10119
10 4 1128 1907 2568 3666 4597 5478 6364 8083 8642 9488
10 5 1121 2923 4214 5357 6340 7420 8680 9365 10293 10942
10 6 1271 2257 3284 4394 5439 6267 6986 8615 9363 10529
10 7 790 1656 2202 4269 5453 6479 7380 7972 8367 8927
10 8 772 1807 2858 3710 5007 6648 8969 10307 11714 12818
10 9 885 2727 5177 8097 9898 11256 12762 13521 15101 17127
10 10 2213 3623 5460 6209 7704 8688 9889 11091 12040 12451
