0 0 1083 1916
0 1 708 1394
0 2 713 1207
0 3 826 1639
0 4 1062 1869
0 5 589 1350
0 6 1230 1705
0 7 1081 1682
0 8 572 1248
0 9 980 1239
0 10 530 965
1 0 627 1729
1 1 1047 1770
1 2 305 822
1 3 1095 1860
1 4 1484 1938
1 5 972 1770
1 6 652 1563
1 7 1209 1866
1 8 909 1517
1 9 1160 1629
1 10 514 1561
2 0 1332 1726
2 1 353 1014
2 2 777 2304
2 3 873 1164
2 4 579 1035
2 5 1282 1784
2 6 956 2524
2 7 1382 2168
2 8 495 1467
2 9 1439 2721
2 10 1697 2412
3 0 687 1214
3 1 1024 1824
3 2 608 1314
3 3 1117 1949
3 4 953 1884
3 5 1396 1821
3 6 1148 1834
3 7 739 1419
3 8 2186 2835
3 9 1856 2538
3 10 1371 2618
4 0 682 1725
4 1 1159 1599
4 2 1022 1600
4 3 575 1316
4 4 936 1894
4 5 781 1332
4 6 777 1527
4 7 1197 1965
4 8 539 1924
4 9 824 1744
4 10 809 1920
5 0 1029 1747
5 1 1080 1939
5 2 1337 1986
5 3 1443 1789
5 4 838 1444
5 5 1195 2232
5 6 717 1508
5 7 691 1459
5 8 922 1303
5 9 1015 2335
5 10 537 2068
6 0 1098 2738
6 1 1233 2193
6 2 585 2145
6 3 1536 2295
6 4 1375 2041
6 5 993 1913
6 6 1537 2067
6 7 797 1376
6 8 925 1848
6 9 724 1773
6 10 1430 2213
7 0 1410 2287
7 1 1251 1912
7 2 1180 2110
7 3 1006 2655
7 4 707 1948
7 5 564 1127
7 6 1177 1996
7 7 1003 2028
7 8 2449 3350
7 9 2608 3681
7 10 697 2641
8 0 1690 2331
8 1 1203 2043
8 2 1016 2476
8 3 503 1289
8 4 896 1965
8 5 848 2114
8 6 682 1737
8 7 1266 2471
8 8 1352 2781
8 9 1540 2489
8 10 961 2040
9 0 836 1199
9 1 1243 2095
9 2 949 1616
9 3 671 2124
9 4 598 1497
9 5 995 1835
9 6 1025 2238
9 7 970 1567
9 8 501 1487
9 9 1211 2613
9 10 1247 2780
10 0 1045 2496
10 1 692 1979
10 2 1032 2149
10 3 883 1739
10 4 974 2232
10 5 1709 2723
10 6 797 1971
10 7 894 1790
10 8 717 1869
10 9 1222 2622
10 10 1195 2871
