0 0 821 1551 2360 3007 3796 4432 5137 5791 6356 7459
0 1 1002 2521 3298 4654 6201 7276 8498 9278 10398 11232
0 2 936 1585 2538 3443 4475 5251 5857 6199 7002 7820
0 3 863 1474 2188 3082 3825 4623 5072 5637 6305 7493
0 4 716 1908 3095 4285 4778 5184 5849 7035 7689 8436
0 5 903 1977 3146 4073 5276 6054 6615 7743 8861 9528
0 6 1263 2012 2664 3174 3678 3974 4796 5511 6393 7694
0 7 933 1726 2353 2750 3356 3883 4332 5101 5615 6007
0 8 741 1413 2000 2709 4222 4911 5626 6599 7475 9033
0 9 1345 1976 2503 3484 4300 5061 5852 7024 7839 8725
0 10 584 964 1901 2499 2982 3390 4099 5189 5477 6233
1 0 1211 2019 2397 2721 2951 3204 3616 3781 4072 4257
1 1 927 1397 1917 2373 2676 2994 3305 3457 3737 4090
1 2 2120 2763 3245 3807 4041 4432 4574 4769 5023 5210
1 3 669 1268 1603 1828 2442 2778 3115 3461 3811 4481
1 4 1325 1754 2287 2701 3191 3644 4112 4615 4930 5371
1 5 394 1008 1478 1934 2922 3501 3887 4265 4822 5140
1 6 1073 1765 2218 2633 3042 3502 3738 4068 4256 4712
1 7 573 1412 1730 2353 2756 3034 3476 3759 4100 4561
1 8 702 1518 2357 2903 3286 4042 4809 5488 5881 6538
1 9 1164 2819 3837 4485 5216 5633 5997 6681 7272 7494
1 10 937 1912 2723 3545 4074 4758 5192 5616 6176 7010
2 0 1079 1828 2327 2615 2973 3311 3530 3918 4117 4581
2 1 619 1098 1472 1878 2369 2828 3209 3634 4106 4363
2 2 692 1312 1619 2110 2320 2495 2653 2974 3350 3632
2 3 1155 1686 2290 2712 2851 3078 3383 3606 3830 4128
2 4 1131 2316 2959 3449 3746 4063 4364 4569 4852 5184
2 5 841 1318 1768 2238 2659 3362 3699 4005 4256 4507
2 6 1026 1495 2134 2526 2795 3190 3831 4254 4550 4935
2 7 935 1585 2034 2325 2584 2788 3182 3411 3864 4208
2 8 864 1755 3196 3554 4400 5184 5595 5933 6258 6802
2 9 904 2316 2874 4361 5437 6630 7804 8191 8520 9003
2 10 1501 2476 3295 4429 5244 6104 6606 7944 9236 9700
3 0 769 1408 2025 2534 2912 3188 3683 4089 4407 4831
3 1 1087 2210 2841 3814 4703 5776 6118 6701 7019 7423
3 2 980 1465 2104 2369 2636 2969 3268 3674 3931 4177
3 3 1236 2051 2831 3697 4113 4409 4683 5018 5287 5578
3 4 739 1941 2523 2851 3212 3619 3910 4158 4662 5045
3 5 1530 2182 2899 3221 3655 4054 4387 4650 4947 5324
3 6 549 1432 1973 2632 3004 3449 3818 4208 4896 5449
3 7 594 1377 1794 2203 2817 3285 3690 4314 4764 5039
3 8 646 956 1777 3029 3596 4101 4601 5240 6000 7036
3 9 823 2074 3547 3942 4637 4948 5430 6314 6664 8206
3 10 1227 1929 3432 4530 5030 5913 6525 8132 8796 9698
4 0 801 1448 2155 2701 3465 4072 4873 5433 6449 7199
4 1 615 1358 2164 2672 3215 3643 4389 4567 5081 5476
4 2 1174 1598 2122 2711 3190 3335 3800 4014 4427 4881
4 3 1265 1609 2090 2411 3033 3232 3486 3809 4129 4468
4 4 968 1776 2142 2563 2780 3447 3774 4242 4534 5012
4 5 584 1796 2211 2725 2953 3266 3639 3977 4365 4763
4 6 1010 1737 2052 2558 2890 3048 3244 3816 3976 4601
4 7 1454 2538 2952 3447 4387 5015 5480 6165 6577 7017
4 8 410 1111 1967 2799 3264 3696 4125 4466 4860 5317
4 9 1831 3089 3890 4404 4958 5691 6362 7130 8244 8850
4 10 1300 2110 3548 4238 5297 6353 7025 7934 8551 9764
5 0 734 1541 2242 2671 3059 3500 3900 4795 5240 5874
5 1 658 1325 1866 2291 2768 3162 3793 4344 5056 5304
5 2 684 1225 1696 2398 2903 3317 3595 4083 4335 4770
5 3 1097 1594 2023 2343 2870 3519 3944 4406 4883 5247
5 4 441 987 1355 1971 2338 2745 2983 3595 3943 4279
5 5 930 1626 2135 2612 3073 3352 3749 4045 4263 4621
5 6 855 1628 2165 2699 3267 3730 3971 4435 5025 5325
5 7 944 1682 2072 2982 3747 4257 5185 5691 6306 6654
5 8 939 1715 2678 3541 4246 4737 5269 5559 6035 6604
5 9 1922 2733 3303 3960 4626 4833 5642 6414 6992 7780
5 10 952 1595 2170 2639 3148 3684 4065 4536 4813 5326
6 0 981 2200 2626 3242 4103 4701 5208 5662 6409 7444
6 1 543 1392 2290 2711 3309 4124 5113 5740 6539 7379
6 2 919 1625 2235 3080 3630 4275 4778 5619 6272 7041
6 3 1054 1867 2384 2881 3485 4300 5130 5861 6470 7053
6 4 1023 2124 2680 3356 3772 4081 4412 4635 5049 5460
6 5 582 1306 1947 3030 3537 3989 4331 5135 5471 5968
6 6 1249 2339 3201 3915 4644 5024 5418 5912 6279 6495
6 7 814 1587 2241 2737 3505 3978 4259 4725 5316 5564
6 8 830 2270 2833 4058 5131 5457 6005 6377 6590 6909
6 9 1008 2239 2802 3178 3617 4130 4800 5950 6911 7511
6 10 1545 2597 3018 4087 5093 6262 6749 7593 8228 8844
7 0 541 1434 2292 4144 5088 5945 7237 7990 8592 9835
7 1 1225 1903 2575 3369 4164 5285 5520 5934 6410 6730
7 2 1877 2624 3401 4187 4660 5472 5956 6526 6846 7426
7 3 634 913 1297 1611 2672 3241 4188 4778 5157 5727
7 4 1017 1962 3108 3360 3812 4223 4734 5112 5782 6331
7 5 1096 1874 2484 3002 3557 4147 4443 4772 5178 5579
7 6 733 1525 1860 2450 3342 3703 3903 4074 4379 4777
7 7 1142 1634 2036 2514 3183 3846 4080 4284 4652 5189
7 8 1177 2112 2942 3518 4205 4611 5380 5927 6589 7162
7 9 1245 2317 2785 3441 4002 4750 5310 6028 6660 7390
7 10 1341 2365 3173 3817 4468 5530 6151 6634 7196 7512
8 0 705 1265 2380 3738 4135 5495 6706 7746 8799 10189
8 1 575 1992 3034 3977 5100 5817 6640 7409 7973 8299
8 2 1134 1899 2978 3850 4214 4891 5629 6178 6715 7285
8 3 623 1423 2231 2944 4202 4873 5267 5741 6385 7169
8 4 1494 2676 3338 4364 5103 5658 6386 7048 7851 8165
8 5 1649 2694 3211 4145 4772 5140 5478 5894 6166 7334
8 6 1294 2283 3683 4199 4632 5265 5862 6375 6707 7356
8 7 1612 2625 3903 4605 4831 5273 5809 6845 7450 7831
8 8 1084 1755 3266 4388 5259 5884 6253 6606 7114 7423
8 9 928 2598 4432 5849 6121 6658 7662 8323 8907 9579
8 10 989 3108 4582 5851 6717 8712 11562 12177 13273 13927
9 0 765 2115 2834 3827 4664 6018 7053 8225 9477 10967
9 1 710 1658 2331 3823 5122 5810 7812 8844 9775 10857
9 2 1085 2270 3282 4208 4884 6431 7893 8556 8986 9480
9 3 707 1839 2756 3330 3833 4486 5488 6131 6927 7871
9 4 1162 2930 4559 5603 7099 7624 8541 8916 9525 10159
9 5 1196 2075 3017 3737 4312 4869 5614 6357 7202 7825
9 6 1320 2766 3272 5382 6500 6976 7504 8122 8810 9876
9 7 913 2536 3441 4159 5456 5878 6201 6505 7151 7659
9 8 1152 2671 4337 5057 5564 6542 7044 7991 8403 8846
9 9 741 2655 5146 5802 7325 8200 9333 10161 12464 13000
9 10 762 3062 5405 6536 8454 9340 10669 10945 11521 12307
10 0 1102 3197 4347 4979 5594 6398 7723 8639 9666 10792
10 1 1083 1904 3296 4153 4973 6107 6979 8637 9440 10144
10 2 1165 1638 2547 2971 5193 6326 7319 8341 9591 10731
10 3 1124 2285 2997 3651 4962 5456 6195 6837 8408 10012
10 4 1067 2485 3691 4890 5539 6250 7547 8502 9614 11311
10 5 1708 3188 4113 5043 5591 6523 7619 8583 9264 10365
10 6 1015 1919 2979 3492 5179 5862 7213 7946 9055 10275
10 7 1646 3065 3705 4709 5966 6430 7726 9428 10305 11137
10 8 745 1887 2951 3791 4764 6018 8358 10009 10842 11457
10 9 824 2820 4078 5784 7561 8379 9388 10251 11995 13510
10 10 590 1600 3252 4138 7344 8330 10274 11322 12580 13337
