0 0 1121 1556 2043 2663 3240 3614 4173 4467 5009 5703
0 1 818 1344 2004 3063 4094 4889 5712 6138 6717 7556
0 2 2059 3150 4963 6631 8438 9897 10810 12583 14074 14833
0 3 575 1318 2099 2864 3210 3693 4637 5137 5910 6573
0 4 369 1104 1681 2169 3080 3618 4138 4738 5937 7096
0 5 1291 1799 2902 3624 4473 5129 5822 6675 7496 8036
0 6 804 1574 2285 2733 3285 4058 4618 5397 6078 6880
0 7 363 860 1866 2550 3119 3801 4863 5610 6256 6912
0 8 751 1367 1941 2311 2747 3179 3668 4427 4745 5485
0 9 564 1599 2491 3300 4016 4504 5493 6254 7206 8702
0 10 1334 2718 3417 4213 4966 6064 6738 8098 8567 9121
1 0 1077 1723 2558 2914 3342 3582 3742 4156 4472 4697
1 1 1177 1743 2041 2247 2760 3095 3368 3663 4075 4232
1 2 490 1302 1900 2378 2611 2902 3273 3631 3928 4274
1 3 993 1712 2107 2460 2792 3128 3448 3766 4115 4566
1 4 1039 1839 2437 2888 3164 3573 3779 4010 4286 4539
1 5 1475 2383 2716 3270 3668 3967 4462 4800 5205 5419
1 6 747 1574 2041 2487 2750 3107 3534 3873 4096 4480
1 7 1537 2928 3750 4544 5097 5597 5915 6324 6776 7163
1 8 987 1655 2392 2773 3257 3738 4108 4450 5071 5587
1 9 503 2969 4452 5354 5822 6617 7679 8561 9448 9967
1 10 1341 2498 3196 4404 4954 5510 6244 6815 7287 7697
2 0 923 1520 2529 2986 3553 4104 4603 5117 5582 6035
2 1 1011 1619 2148 2775 3088 3440 4041 4232 4753 5139
2 2 731 2022 2476 3116 3582 3918 4392 4716 4924 5216
2 3 624 1516 1866 2409 2855 3358 3646 4037 4305 4548
2 4 1326 1826 2634 2982 3398 3758 3979 4533 4912 5554
2 5 1340 2084 2733 3034 3390 3826 4221 4602 4807 5088
2 6 1385 2083 2394 2779 3194 3821 4163 4627 4939 5319
2 7 1309 2142 3397 3673 4033 4803 5257 5781 6228 6525
2 8 1463 2354 3527 3995 4670 5155 5574 5862 6143 6444
2 9 901 2124 2809 3180 3480 3963 4429 5430 5870 6732
2 10 2225 3113 4443 5427 6082 7196 9428 10292 11492 12350
3 0 1724 2393 3153 3596 4137 4584 4882 5289 5739 6515
3 1 1100 1785 2344 2705 2917 3262 3610 4016 4413 4680
3 2 877 1263 1518 2093 2458 2874 3272 3515 3724 3993
3 3 900 1452 1876 2425 2808 3105 3295 3562 4133 4569
3 4 466 1332 1892 2224 2585 3328 3677 3850 4219 4666
3 5 451 1328 2203 2544 2907 3274 3508 3878 4241 4561
3 6 1253 1811 2543 3113 3401 3873 4242 4506 4626 4956
3 7 720 1539 3037 3601 3962 4240 4581 5209 5757 6051
3 8 1596 2217 2623 2927 3285 3894 4335 4633 4986 5347
3 9 882 2183 3009 4013 4939 5615 6556 6980 7519 8010
3 10 1533 2610 3944 5794 7333 8148 9078 10143 11175 12168
4 0 1440 2251 2747 3151 3770 4447 4909 5406 6102 6452
4 1 698 1607 2022 2653 3586 4566 5214 5708 6156 6547
4 2 680 1310 1642 2298 2849 3307 3847 4188 4939 5210
4 3 1041 1743 2813 3599 3997 4461 4785 5176 5569 5843
4 4 821 1742 2123 2394 2787 3066 3358 3733 3932 4252
4 5 856 1596 2260 2700 3005 3326 3880 4091 4507 4751
4 6 942 1860 2366 2661 3041 3513 3883 4129 4591 5039
4 7 955 1451 2099 2659 3096 3617 3855 4276 4560 4900
4 8 1425 2266 2719 3181 3832 4385 4883 5218 6113 6619
4 9 874 1656 2552 3570 4468 5461 5997 6459 7044 7668
4 10 845 1563 2301 2771 3182 4158 4746 5027 5724 6050
5 0 630 1080 1661 2346 2919 3579 4336 4791 5451 6392
5 1 866 1579 2190 2575 3260 3703 4696 5145 5539 6326
5 2 974 2320 3004 3370 3804 4218 4612 5051 5725 6449
5 3 243 828 1194 2255 2663 3105 3591 4161 4431 5242
5 4 534 1127 1474 2000 2908 3527 3835 4327 4629 5070
5 5 603 1231 1526 1912 2619 3324 3924 4173 4634 4931
5 6 824 1954 2514 2945 3429 4308 4744 4971 5393 5800
5 7 369 1659 2066 2904 3242 3767 4291 5064 5545 5887
5 8 827 1509 2558 3426 4525 5825 6386 7116 8006 8660
5 9 640 1464 2440 3035 3780 4273 4859 5397 5873 6401
5 10 2278 4293 5325 6444 7760 8603 9177 10373 11008 11640
6 0 1081 2137 3248 3710 4662 5578 6489 7710 8706 9313
6 1 738 974 1461 1865 2698 3128 3734 4246 4625 5107
6 2 954 1252 2405 3485 4073 4300 4973 5521 6237 6798
6 3 1349 2139 2954 3965 4463 4876 5385 6151 7107 7614
6 4 737 1326 1775 2466 3011 4001 4488 4843 5319 5795
6 5 1637 2432 3189 3512 3902 4190 4646 4857 5272 5609
6 6 600 956 1684 2108 2439 2765 3188 3915 4264 4727
6 7 1185 2049 2359 2878 3645 4148 4890 5331 5784 6393
6 8 828 1291 2362 2843 3739 4471 5094 5662 6070 6499
6 9 1409 2599 4003 5575 6834 8373 9092 10647 11363 12555
6 10 870 1969 2932 3980 4679 5496 7148 8424 9572 10064
7 0 547 1179 2290 3774 5636 6698 7706 8266 9326 10526
7 1 2118 3095 3798 4380 5406 6139 7112 7796 8818 9154
7 2 797 1201 1621 1911 2660 3461 3850 4273 4638 5195
7 3 1496 2242 3075 3821 4352 4840 5721 6316 6916 7619
7 4 902 1232 1791 2359 3140 3909 4470 4954 5288 5648
7 5 722 1214 2315 2924 3403 3689 4213 4558 5153 5763
7 6 1017 1600 2099 2442 2913 3225 3670 4209 4390 4970
7 7 939 1658 2627 3259 3718 4314 4929 5433 5826 6030
7 8 1466 2985 3586 4091 4844 5612 6223 6575 6821 7323
7 9 1839 3672 4642 5534 6669 7934 9154 10576 11806 12272
7 10 1353 1932 2535 3691 4658 5270 6766 7395 8419 8982
8 0 744 2438 3515 4234 5457 6225 7152 8032 8707 9207
8 1 924 1572 3262 4326 5538 6659 7105 8745 9426 10314
8 2 1426 1967 2649 3279 3862 4166 5066 5749 6371 7329
8 3 485 1475 2082 2423 2681 2995 3799 4573 5416 5583
8 4 1054 1941 2578 3441 3911 5095 5828 6432 6888 7921
8 5 1165 1927 2538 3057 3407 3879 4224 4470 4988 5660
8 6 786 1189 1961 2935 3876 4452 4937 5871 6782 7441
8 7 1271 2213 2929 3564 4433 4883 5956 6344 6778 7045
8 8 748 2772 3931 4607 5103 6260 6854 7515 7960 8664
8 9 2044 3071 4056 4828 5520 6380 6805 7942 9081 9387
8 10 1159 3204 4918 5717 7015 7486 8614 9557 10415 11012
9 0 569 1132 2701 3611 4658 5530 6226 7568 8648 9562
9 1 906 1886 2290 3205 3795 4621 5270 6051 6728 7768
9 2 834 1975 2543 3387 4230 5067 6095 6856 7527 8033
9 3 1172 1571 2433 3799 4843 5921 6631 7328 7658 8422
9 4 1266 2446 3269 4426 5234 5479 6453 7570 7968 8819
9 5 450 873 2088 2553 2948 3485 3794 4579 4947 5881
9 6 793 2030 2779 3333 3909 4514 4993 5602 6904 7349
9 7 506 1102 2143 2904 3488 4387 5178 5955 6446 7189
9 8 1309 2605 3599 4478 5274 5628 6759 7554 8328 9034
9 9 2265 3896 4739 6217 7244 7647 8476 9511 9860 10727
9 10 1141 2226 3519 5097 6304 7556 9412 10334 11801 12976
10 0 652 2002 3276 4492 5679 7463 9137 9938 11337 12621
10 1 930 2172 2915 4053 4563 5556 6388 7205 8005 9394
10 2 1575 2343 3395 4573 6021 7912 8989 9629 10927 12193
10 3 1140 2226 3770 4570 5607 6945 7967 9319 9954 10892
10 4 704 1422 2245 3474 4775 5734 6996 7777 8918 10069
10 5 1425 2493 3503 4041 4997 5809 6610 7680 8922 9769
10 6 1699 2284 3264 3973 5629 6933 8187 8978 9788 11098
10 7 1437 2172 2857 4011 4545 6045 7229 8282 9335 9983
10 8 1043 2677 3631 5135 6051 7386 8922 11430 12283 13187
10 9 685 3185 4639 6414 7040 7754 8605 9210 10589 11514
10 10 652 2225 3757 6090 7519 8259 9790 11308 12239 13280
