0 0 700 1675 2587 3251 4330 5396 5982 7927 8779 9331
0 1 1435 1967 3172 3792 4787 5444 6282 6921 8429 8923
0 2 1860 3252 4190 5157 5827 7184 8486 9831 10943 11800
0 3 1014 1968 2430 3123 3632 4007 4536 5540 5854 7101
0 4 907 1511 2319 2636 3304 3846 4435 4734 5476 6320
0 5 850 1684 2173 2804 3434 4304 5192 6208 6880 7877
0 6 1196 2169 2550 3039 3976 4887 6325 6659 7840 8432
0 7 1001 1604 2291 3350 4058 4858 5527 6257 6787 7724
0 8 782 1947 2732 3302 4179 4658 5123 5655 6636 7218
0 9 617 1196 1671 2214 2597 2990 3490 4039 4755 5463
0 10 1005 1968 2686 3344 3754 4280 5144 5603 6383 7018
1 0 919 1415 1675 2117 2477 2684 3024 3298 3472 4040
1 1 1336 2235 2877 3541 4113 4524 4879 5157 5452 5851
1 2 920 1637 2097 2602 2905 3300 3585 3757 4027 4327
1 3 725 1528 1930 2632 3143 3567 3979 4281 4631 4937
1 4 826 1482 2455 2835 3447 3821 4362 4779 5054 5536
1 5 1013 2178 2594 3084 3514 4083 4502 5035 5441 5852
1 6 1144 1586 2682 3193 3486 4084 4536 5037 5442 5721
1 7 638 1278 1953 2472 2901 3561 4087 4477 4822 5324
1 8 814 1862 2474 2834 3865 4836 5335 5534 6130 6586
1 9 1705 2390 2809 3053 3339 3900 4371 4790 5469 5931
1 10 881 1512 2140 3221 3967 4594 4827 5185 5418 6427
2 0 1250 1854 2562 2982 3476 4224 4859 5420 5930 6409
2 1 1527 2232 2736 3729 4145 4574 5095 5826 6502 7042
2 2 1130 1841 2247 2479 2914 3520 3828 4173 4516 4955
2 3 897 1557 2378 2759 3144 3304 3585 4050 4484 5019
2 4 1892 2436 2826 3249 3862 4161 4772 5269 5449 5811
2 5 817 1216 1568 1914 2636 3100 3572 3850 4225 4660
2 6 1476 2141 2559 2865 3335 3505 3962 4397 4765 5040
2 7 500 1655 2282 2734 3511 4082 4318 4685 5058 5404
2 8 1660 2626 3308 3679 4140 4651 5422 5931 6347 6972
2 9 1426 2289 3604 4334 5608 6219 6556 7648 8529 9743
2 10 681 1152 1609 2347 3024 3559 4443 5180 5880 6262
3 0 783 1379 2225 2612 3349 4236 4859 5395 5813 6447
3 1 810 1771 2304 2792 3299 3655 4074 4458 4812 5427
3 2 750 1389 1940 2319 2861 3334 3670 4066 4313 4572
3 3 677 1190 1586 2007 2359 2766 3061 3520 3736 4054
3 4 530 1690 1891 2223 2469 2688 2905 3297 3719 4048
3 5 1290 1832 2201 2668 3212 3473 3950 4463 4948 5135
3 6 667 1706 2120 2369 2803 3300 4143 4487 4958 5380
3 7 1448 2177 2707 3631 4185 4722 5549 5791 6451 6908
3 8 1327 1823 2539 3211 3800 4836 5742 6079 6472 6915
3 9 873 2034 3509 4595 5107 6038 6893 7862 8969 9801
3 10 835 1614 2301 2833 3238 3568 4284 5032 5421 5768
4 0 1555 2188 2956 3510 4154 4481 5208 5867 6623 7354
4 1 715 1393 2134 2874 3435 3889 4460 4944 5302 5914
4 2 2234 2555 3002 3372 3791 4229 4447 5015 5483 5734
4 3 849 1280 1996 2340 2695 2965 3214 3630 4055 4349
4 4 959 1928 2304 2822 3184 3741 3979 4396 4534 4952
4 5 520 1367 1933 2376 2819 3101 3399 3762 4354 4669
4 6 677 1186 1929 2661 2940 3333 3778 4022 4370 4672
4 7 962 1731 2389 2871 3319 4132 4458 4741 5102 5399
4 8 954 2038 2485 3320 4352 5540 5896 6365 6905 7515
4 9 833 1629 2025 2318 2682 3596 4689 5206 6013 7273
4 10 1385 2548 3350 3998 4336 4658 5174 5661 6011 6485
5 0 768 2487 3038 3512 3829 4556 5171 5799 6253 6755
5 1 776 1808 2151 2811 3081 3515 4693 5278 5801 6165
5 2 1408 2124 3008 3416 3867 4414 4653 5137 5419 5791
5 3 1158 2214 2620 3175 3842 4405 4820 5144 5536 5779
5 4 1472 1879 2848 3761 4459 4689 5132 5504 6079 6387
5 5 1002 2131 2803 3396 3756 4305 4703 5325 5779 5916
5 6 633 1223 1865 2153 2513 2838 3284 3670 3987 4404
5 7 974 1610 2061 2484 2881 3241 3893 4372 4975 5301
5 8 1568 3103 3906 4794 5414 5749 6118 6522 7162 7807
5 9 1139 2133 2733 3889 4693 5624 6383 7390 7882 8856
5 10 1604 2662 3245 4009 4735 5494 5920 6658 7360 8333
6 0 636 1263 2014 2449 2895 3235 3953 4533 5547 6026
6 1 1159 1758 2175 2498 3512 4029 4364 5019 5321 5826
6 2 907 1761 2787 3663 4201 4860 5427 6229 6642 7336
6 3 725 1538 2485 3135 3413 3702 4106 4407 4732 5232
6 4 728 1321 1727 2349 2729 3169 3434 3760 4057 4498
6 5 1042 2419 3261 3851 4222 4560 5202 5399 5895 6300
6 6 2064 2975 3348 4040 4650 5115 5305 5713 6364 6502
6 7 1140 2265 3034 3663 4121 4564 4884 5171 5430 6046
6 8 1256 2106 2582 3442 3877 4484 5076 5730 6378 7058
6 9 365 1008 1793 2118 2582 3478 4298 4842 5954 6820
6 10 1016 1601 2129 2590 3116 3895 4517 4957 5474 6427
7 0 722 1350 3947 4759 5486 6634 7094 7933 8510 9575
7 1 1085 2129 2863 3705 4507 5277 5778 6450 7051 7607
7 2 804 1423 2156 2768 3396 3937 4426 4843 5411 5963
7 3 829 1789 2290 3295 3901 4202 4707 5250 5883 6298
7 4 1152 2046 2575 3774 4220 4674 5582 6292 6556 7035
7 5 855 2280 2765 3253 3859 4303 4569 5116 5595 5989
7 6 1184 1672 2089 3112 3570 4040 4301 4615 5088 5911
7 7 1266 2238 3367 3961 4448 4721 5169 5535 6477 6875
7 8 641 2680 3988 5239 5603 5787 6299 6622 6962 7430
7 9 1189 2512 3270 3943 4218 4884 5403 6776 7378 8796
7 10 698 1874 4712 6167 7546 9149 10644 11128 12184 13447
8 0 1672 3019 3535 4020 4772 5357 6413 7751 8757 9089
8 1 891 1541 1932 2694 3676 4313 5111 5563 6072 6719
8 2 1087 1763 3043 3620 4228 4805 5328 5741 6190 6768
8 3 1289 1871 2944 3903 4375 5172 5624 5985 6598 7263
8 4 317 1377 2209 2616 3435 3936 4501 5608 6521 7058
8 5 639 1635 2184 2859 3278 3731 4266 5060 5387 5839
8 6 590 1191 1628 2622 3487 4061 4659 5601 6032 6568
8 7 746 1586 2168 3066 3933 4471 5089 5844 6508 6874
8 8 952 1998 2953 3423 4026 4859 5494 6059 7173 7840
8 9 1768 2662 3283 4685 5287 5969 6898 7644 8212 8612
8 10 2445 3461 4837 5518 7075 7897 8868 9568 10769 11479
9 0 2197 3466 5774 6121 7426 8574 9148 10331 11000 11340
9 1 1829 2424 3122 4448 5526 6122 6657 7789 8977 9636
9 2 989 2285 2911 3211 3808 4936 6617 7576 8372 9380
9 3 910 1576 2032 2925 3432 3912 4773 5682 6135 7059
9 4 1561 2522 3849 4569 5042 6366 7107 7545 8377 9126
9 5 936 2048 2552 3277 4419 5474 6600 7699 8467 9204
9 6 661 1469 2170 2828 3579 4056 4343 4750 5739 7111
9 7 789 1601 2610 3756 4943 6362 7390 8036 8812 9259
9 8 760 1273 2623 3197 3824 4378 5331 5994 6689 7621
9 9 930 2698 3435 4010 4617 5613 6208 7520 9529 10710
9 10 787 2794 3424 4178 5189 5681 6748 7182 7764 8462
10 0 1873 2814 3521 4222 5868 7325 7906 9431 10653 11366
10 1 1058 3074 4309 6059 7118 8154 8847 10372 11617 12622
10 2 772 1640 2334 3472 4988 5760 7669 9147 10536 11820
10 3 1760 2774 3868 5344 6140 6975 8739 10485 11596 12594
10 4 338 1577 2198 3374 4349 5073 5805 7294 8058 9283
10 5 701 1421 2981 3300 3739 4733 5463 8205 9227 9828
10 6 1092 1910 3062 3825 4476 5258 6582 8191 8743 9303
10 7 1176 1823 2831 3791 4735 5581 7168 8049 9173 10186
10 8 626 1712 2794 4662 6012 7323 8362 9858 10890 12474
10 9 772 1917 3368 5039 6120 7330 8756 9349 10191 11260
10 10 2098 4101 5832 7839 9491 11071 11944 13388 15122 16583
