0 0 7 15 23 32 41 52 64 78 84 91 1 2 2 3 4 4 5 5 6 7
0 1 11 19 27 38 49 53 65 74 82 90 2 2 2 2 2 3 4 4 6 7
0 2 10 19 25 37 49 56 64 68 77 84 0 0 1 1 1 3 3 3 3 3
0 3 11 20 33 41 50 58 65 75 82 90 1 2 2 5 5 7 9 10 11 12
0 4 8 17 25 34 40 48 61 69 82 94 0 1 2 4 4 5 5 5 5 5
0 5 11 15 21 29 40 42 50 59 68 82 0 1 1 1 1 2 4 5 5 6
0 6 8 13 22 33 40 48 61 68 73 78 0 0 2 2 3 3 4 4 4 5
0 7 10 18 26 33 38 50 60 70 78 85 1 1 1 1 1 2 3 3 4 4
0 8 8 14 17 28 34 47 54 61 72 86 1 1 4 8 9 9 9 9 11 11
0 9 7 14 23 31 36 41 49 59 72 82 2 3 4 4 4 4 4 4 5 6
0 10 10 21 26 39 46 58 67 76 87 94 2 4 5 5 5 5 6 6 6 6
1 0 7 14 25 36 46 58 64 69 79 81 2 4 8 9 10 10 11 11 12 12
1 1 7 17 25 37 40 46 54 63 71 78 0 1 2 2 2 2 2 2 3 3
1 2 11 23 32 39 49 58 64 70 77 82 0 1 1 2 2 2 3 3 3 4
1 3 8 16 28 40 52 55 60 69 76 81 2 2 6 7 7 7 7 7 8 9
1 4 10 17 30 38 44 53 63 70 79 87 2 5 7 9 9 9 11 14 15 15
1 5 9 21 28 40 51 59 68 79 89 97 0 1 1 1 4 4 4 5 5 5
1 6 10 21 29 35 47 54 61 71 77 83 1 1 2 3 6 7 7 7 8 8
1 7 12 21 32 41 45 54 64 71 82 90 0 0 0 0 1 1 1 2 2 4
1 8 9 14 18 26 34 43 52 56 65 74 0 0 2 2 2 2 2 2 2 4
1 9 5 9 17 23 29 39 51 62 74 78 0 0 1 1 3 4 5 6 6 10
1 10 10 19 26 37 48 55 66 74 83 89 2 3 4 5 8 10 10 11 12 13
2 0 8 17 30 41 52 61 71 80 85 93 0 2 3 4 7 7 8 9 9 10
2 1 8 14 23 33 45 55 61 75 83 95 0 1 2 2 3 4 5 5 5 5
2 2 10 18 21 32 34 41 47 58 67 78 0 0 0 2 2 2 2 3 3 3
2 3 9 17 28 34 44 52 59 67 71 81 0 0 1 3 4 4 5 6 6 6
2 4 9 21 27 39 45 58 66 77 86 91 0 1 1 3 4 4 4 6 7 7
2 5 10 19 28 38 47 58 65 73 81 89 4 5 5 6 6 9 9 9 9 10
2 6 5 14 25 31 37 46 48 55 61 67 0 0 1 2 4 5 5 5 6 6
2 7 6 13 28 36 42 44 58 65 74 85 0 0 2 3 4 4 4 4 4 4
2 8 9 18 28 36 44 53 61 67 76 80 2 3 3 3 5 6 7 8 10 10
2 9 8 13 26 33 41 48 56 66 78 82 1 1 1 2 2 3 3 4 4 5
2 10 12 23 28 30 39 48 52 66 77 93 0 1 4 4 4 4 4 5 6 6
3 0 7 19 28 40 50 61 69 79 91 101 1 1 3 4 5 5 8 8 10 11
3 1 6 16 22 27 43 50 57 67 72 86 1 1 2 4 4 6 7 8 8 10
3 2 11 19 26 38 47 54 62 66 66 69 0 0 1 2 2 4 5 5 5 5
3 3 9 18 25 30 37 43 51 61 71 83 1 1 1 1 1 2 3 3 3 4
3 4 14 23 25 31 39 48 53 62 70 76 1 2 2 4 4 5 5 6 7 8
3 5 10 22 27 35 43 54 63 68 77 82 2 3 4 4 6 6 6 6 6 6
3 6 8 21 31 38 49 58 66 70 77 89 0 0 0 1 2 3 3 4 4 6
3 7 9 17 27 38 47 56 59 62 70 77 0 0 1 2 2 2 3 4 4 4
3 8 10 23 28 39 49 57 63 69 80 83 0 1 1 2 3 3 3 4 7 7
3 9 6 16 23 29 34 44 54 63 67 71 2 3 3 3 5 5 7 7 11 11
3 10 6 15 22 32 41 47 53 61 72 83 0 0 3 3 4 4 4 5 6 8
4 0 12 24 34 41 50 59 70 73 78 82 0 0 1 1 1 1 1 1 1 1
4 1 7 16 25 42 51 60 68 74 84 88 1 2 2 3 3 3 3 4 7 8
4 2 12 22 32 44 54 67 80 89 94 100 1 3 3 3 4 5 6 7 8 8
4 3 8 20 30 35 41 48 57 64 76 87 3 5 6 6 9 10 11 11 13 13
4 4 9 18 29 37 41 47 57 66 74 86 1 1 2 2 2 2 3 4 4 5
4 5 7 15 22 33 44 55 66 71 80 89 1 1 2 3 5 5 6 8 9 11
4 6 9 20 27 38 52 58 66 74 79 85 0 2 5 5 6 7 7 8 8 9
4 7 11 24 31 39 48 57 67 77 84 94 1 2 3 3 3 3 4 5 5 6
4 8 9 16 27 35 45 52 60 68 78 88 0 1 2 4 4 5 5 6 7 7
4 9 10 19 31 37 45 53 64 73 80 93 1 1 1 2 2 2 2 3 4 4
4 10 6 13 22 32 41 48 56 63 71 82 0 1 3 4 6 7 7 7 9 9
5 0 11 15 21 29 35 45 53 58 72 79 1 2 2 2 2 3 6 6 8 8
5 1 2 12 25 34 42 49 59 70 76 83 0 0 0 0 1 2 2 2 2 2
5 2 9 18 26 33 45 57 63 71 77 87 1 3 3 4 6 9 9 9 9 9
5 3 14 23 33 44 54 61 68 76 83 87 2 3 6 8 8 8 8 9 10 12
5 4 8 18 29 37 46 53 61 70 80 88 1 3 3 4 4 4 5 5 6 6
5 5 7 23 30 42 48 56 65 76 84 90 1 1 2 3 4 4 4 8 9 9
5 6 6 17 24 34 49 60 64 69 73 77 0 0 0 1 1 3 3 4 4 5
5 7 13 19 34 43 54 64 74 82 88 94 1 1 1 1 2 3 4 5 6 6
5 8 11 20 26 36 42 48 55 66 78 93 0 0 2 4 4 5 5 5 6 8
5 9 10 20 25 38 50 59 64 70 76 81 1 1 2 3 4 5 6 7 8 8
5 10 12 19 32 43 54 64 75 82 89 97 2 2 3 3 3 3 4 4 4 4
6 0 7 16 25 35 43 50 60 71 80 90 1 2 3 3 5 5 6 6 6 7
6 1 15 22 30 36 43 55 59 69 75 82 2 2 5 5 5 6 6 6 7 7
6 2 14 24 36 47 54 58 66 78 89 98 1 3 5 7 7 9 9 10 11 11
6 3 12 23 32 43 53 67 72 82 91 98 1 1 1 1 1 2 2 2 4 6
6 4 10 20 29 42 50 54 63 68 77 87 0 0 0 0 1 1 1 1 1 1
6 5 9 16 28 40 49 56 66 82 94 102 0 0 0 1 2 2 2 2 2 2
6 6 7 13 22 31 38 44 50 58 59 67 0 2 2 2 2 2 2 3 3 5
6 7 6 16 24 30 41 47 52 57 67 72 0 0 1 2 3 5 5 5 5 5
6 8 8 18 26 42 48 59 65 78 89 96 1 3 3 3 3 3 3 3 3 4
6 9 8 15 22 31 38 46 53 59 66 76 0 0 0 2 4 6 6 7 10 11
6 10 10 18 23 30 36 47 54 58 68 71 1 2 3 3 4 7 8 8 9 9
7 0 5 19 25 33 42 51 58 68 75 84 1 2 4 4 5 6 6 6 7 8
7 1 10 20 34 42 50 59 66 74 85 93 0 1 1 1 2 2 3 4 5 6
7 2 7 16 23 28 37 47 56 66 75 86 1 2 2 2 3 4 5 6 6 7
7 3 11 20 26 33 43 55 66 77 83 88 0 1 2 4 6 6 6 6 6 6
7 4 11 17 28 34 45 52 60 67 78 86 0 1 1 1 4 5 6 6 6 6
7 5 11 19 28 32 45 55 61 73 87 98 0 1 1 3 4 4 6 6 6 7
7 6 10 20 34 37 46 54 64 74 81 89 2 3 3 3 3 5 5 5 7 7
7 7 10 22 30 37 42 49 57 70 77 85 0 0 2 4 5 6 7 8 10 12
7 8 9 21 33 41 51 61 65 65 75 85 0 2 3 4 4 4 4 4 4 6
7 9 10 18 25 32 41 49 63 73 82 92 1 1 1 1 1 1 3 4 6 8
7 10 7 16 22 32 36 41 46 48 52 62 0 0 1 2 2 2 2 2 2 3
8 0 11 21 28 40 54 60 68 78 87 93 0 1 2 3 5 6 7 7 7 7
8 1 10 18 23 34 42 54 62 69 76 86 0 1 1 3 5 7 8 9 10 10
8 2 6 16 21 37 43 48 55 63 69 77 0 1 4 4 6 7 11 11 12 12
8 3 10 19 27 36 42 50 57 67 75 84 0 1 2 4 7 7 7 9 11 11
8 4 9 16 28 35 44 56 69 80 91 99 1 2 4 7 7 7 9 14 17 18
8 5 12 26 32 43 53 64 69 77 81 93 0 0 0 2 4 4 4 4 4 6
8 6 6 18 24 34 41 41 49 56 65 77 0 0 0 2 4 4 4 6 9 10
8 7 10 27 37 45 55 67 78 86 96 107 0 3 3 3 3 3 3 3 3 4
8 8 8 14 25 34 42 50 58 69 80 87 1 3 5 6 6 7 7 7 9 9
8 9 16 26 36 48 58 68 77 84 88 98 0 0 0 2 2 2 2 2 2 3
8 10 14 21 30 35 45 52 61 70 79 88 1 2 2 4 4 4 6 6 9 10
9 0 10 20 25 36 41 54 62 72 80 88 1 3 4 4 4 5 5 8 8 8
9 1 14 20 28 35 43 53 62 72 78 87 2 3 4 4 5 6 7 7 7 7
9 2 9 13 20 29 37 49 58 62 67 73 0 1 1 3 3 3 3 3 5 5
9 3 6 14 20 25 29 36 47 59 67 74 1 1 3 3 4 5 6 6 6 6
9 4 13 23 33 39 47 56 67 77 83 88 0 2 2 2 4 5 5 5 6 6
9 5 7 16 24 29 37 51 62 66 80 96 1 2 4 4 5 5 6 7 8 8
9 6 7 12 19 31 40 49 58 64 68 73 2 4 6 6 6 8 8 8 9 9
9 7 12 22 32 44 55 61 68 76 80 86 1 1 3 4 5 5 5 6 6 7
9 8 7 17 29 41 48 55 62 66 74 80 2 4 5 5 6 7 7 9 12 12
9 9 13 23 29 36 41 48 55 65 71 80 0 2 2 2 2 2 2 3 4 4
9 10 6 17 33 47 53 56 68 76 91 99 1 2 3 3 4 4 4 4 6 7
10 0 13 26 35 43 51 59 70 75 81 89 1 1 2 2 3 4 4 4 4 7
10 1 14 18 25 36 44 53 65 78 84 92 2 2 4 4 4 5 6 6 7 8
10 2 12 21 31 39 48 51 59 69 74 88 1 3 3 3 3 3 3 4 4 4
10 3 8 14 20 29 36 48 59 66 74 84 0 0 0 0 2 2 2 2 4 5
10 4 11 21 32 40 49 59 69 81 91 99 1 2 3 3 4 6 8 9 12 12
10 5 14 24 33 41 47 58 65 73 82 87 0 0 2 5 5 6 7 7 8 9
10 6 8 17 20 24 33 38 45 58 62 72 1 1 1 2 2 4 5 7 8 8
10 7 7 17 25 30 43 55 62 69 79 89 1 1 1 2 3 3 3 4 4 5
10 8 10 19 31 41 51 58 70 77 83 93 2 3 3 4 6 7 8 9 9 10
10 9 10 19 28 38 44 57 64 71 78 90 0 0 1 1 2 2 2 5 7 7
10 10 12 21 25 31 42 52 63 75 86 93 0 2 2 3 3 4 4 4 6 7