0 0  604 1512 2231 3117 3653
0 1  800 1470 2605 3282 4436
0 2  631 1546 2139 3153 3644
0 3  472 1175 1812 2435 2811
0 4  575 1166 1893 2697 3730
0 5  673 1371 1889 2370 2892
0 6  1115 1725 2714 3708 5032
0 7  988 1709 2680 3080 3855
0 8  1198 2210 3294 4036 4784
0 9  1146 1930 2602 3658 4538
0 10  657 1463 2049 3070 3726
1 0  1183 2010 3016 3390 3757
1 1  1422 1975 2532 3018 3389
1 2  1235 1985 2589 3098 3495
1 3  1145 1657 2454 2829 3243
1 4  858 1245 1849 2391 2780
1 5  556 1753 2337 2598 2958
1 6  1489 2764 3413 3709 4239
1 7  922 1778 2110 2460 2812
1 8  889 1527 2057 2397 3204
1 9  966 1949 2418 2850 3369
1 10  987 2265 3280 4238 5106
2 0  414 1551 2505 3129 3419
2 1  915 1505 1999 2606 3138
2 2  822 1316 2175 2542 2877
2 3  340 1037 1448 1968 2446
2 4  1066 1644 2369 2587 2923
2 5  824 1464 1757 2000 2163
2 6  444 1236 1447 1909 2444
2 7  581 1304 2425 2914 3468
2 8  1100 2428 3096 3422 4071
2 9  966 1711 2386 3062 3867
2 10  743 2365 3960 5213 6165
3 0  975 1928 2454 2766 3368
3 1  683 1131 1827 2340 2833
3 2  1253 1781 2039 2373 2600
3 3  495 951 1376 2067 2502
3 4  1198 1863 2310 2767 3216
3 5  732 1328 1963 2428 2799
3 6  429 1634 2124 2875 3257
3 7  893 1284 1511 1966 3046
3 8  1914 3617 4343 4729 5169
3 9  1137 2729 3850 4954 5811
3 10  524 2333 4476 5263 6239
4 0  792 1899 2592 2953 3312
4 1  587 984 1271 2074 2739
4 2  916 1527 2108 2684 3556
4 3  944 1600 2577 2977 3414
4 4  711 1189 1770 2235 2612
4 5  742 1471 1979 2578 3141
4 6  851 1620 2239 2727 3176
4 7  602 1605 2186 2869 3374
4 8  1180 1754 2688 3292 3639
4 9  411 1109 1816 2524 2889
4 10  1916 2377 3102 3455 3908
5 0  1448 1926 2509 3070 3838
5 1  1270 2260 3267 4284 4786
5 2  586 1084 1969 2597 2845
5 3  788 1430 1844 2430 2775
5 4  1064 2070 2744 3220 3923
5 5  789 1329 1896 2347 2745
5 6  1129 1870 2510 2875 3258
5 7  1146 1926 2627 2950 3269
5 8  548 1745 2346 3067 3544
5 9  749 1529 2746 3658 4346
5 10  1206 2152 3644 5028 6060
6 0  606 1641 3287 3782 4514
6 1  1870 2518 3532 4700 5228
6 2  1172 1830 2630 3437 4613
6 3  628 1180 1921 2720 3128
6 4  1000 1471 2194 2551 2900
6 5  1631 2525 3206 3768 4118
6 6  1352 2003 2622 3271 3872
6 7  980 1619 2147 3077 4490
6 8  997 2408 3028 3391 4586
6 9  765 3193 3783 4409 5073
6 10  1057 2001 2994 4382 5349
7 0  1565 2957 3440 4393 5239
7 1  887 1790 2506 2888 3749
7 2  851 1941 2488 3012 3362
7 3  602 1273 2341 3013 3547
7 4  927 1639 2187 2648 3425
7 5  638 1613 2194 2531 2943
7 6  1411 2239 3091 3785 4485
7 7  527 1205 1717 2057 2725
7 8  695 1614 2483 3631 4160
7 9  935 2157 3422 3926 5069
7 10  1051 2280 3358 3872 4675
8 0  839 1814 2681 3359 4568
8 1  1414 1964 3467 4035 4911
8 2  1445 2045 3107 4149 4666
8 3  730 1635 2302 3564 4140
8 4  1063 1932 2701 3501 4486
8 5  1014 1930 2474 2984 3483
8 6  1228 2155 2740 4143 4687
8 7  543 1109 1973 2657 3395
8 8  1040 2404 3153 5135 5831
8 9  695 1863 2605 3581 4353
8 10  2018 3214 4632 5567 6030
9 0  1240 2191 3330 4962 5610
9 1  1287 2116 2602 3586 4719
9 2  840 1829 2623 3195 3762
9 3  694 2086 2506 3013 4133
9 4  1454 1957 2659 3061 3784
9 5  682 1892 2642 3722 4698
9 6  1139 1943 3185 3756 4308
9 7  715 2209 2775 3558 4291
9 8  1146 2559 3030 3909 4485
9 9  857 2221 3543 5191 6247
9 10  2218 4214 6733 8533 10473
10 0  2139 3123 4011 5542 6527
10 1  1083 2133 3292 4219 5653
10 2  643 1495 2066 2804 4634
10 3  1330 1892 3228 4026 5079
10 4  898 2108 2867 3506 4591
10 5  1208 2489 3918 4627 5266
10 6  663 1664 3159 4307 5375
10 7  633 1832 3553 4341 6233
10 8  1812 2769 3922 4803 5151
10 9  2013 4691 5658 6367 7576
10 10  1061 3335 4139 5349 6194
