0 0  706 1443 2221 2672 3237
0 1  546 1838 2860 3759 4344
0 2  1366 2411 3505 4409 4980
0 3  564 1202 1731 2497 3170
0 4  1172 2205 2808 3523 4288
0 5  1071 2192 2742 3396 3970
0 6  665 1359 1740 2624 3285
0 7  1003 1929 3295 4122 4850
0 8  781 1504 2149 3301 3838
0 9  655 1394 2093 2409 2826
0 10  1083 2203 3540 4742 5664
1 0  1015 1427 2178 2572 3038
1 1  750 1459 2006 2513 2914
1 2  380 1147 1416 1741 2519
1 3  828 1500 1939 2462 2606
1 4  744 1174 1687 2097 2456
1 5  585 1419 1879 2315 2739
1 6  995 1767 2231 2763 3590
1 7  886 1600 2325 2971 3458
1 8  1006 1800 2208 2775 3233
1 9  1271 2202 2887 3688 4790
1 10  1063 1498 3219 4195 4949
2 0  881 1304 1993 2439 2989
2 1  1324 2003 2377 2701 3131
2 2  934 1294 1562 2119 2624
2 3  650 1404 2307 2724 3027
2 4  926 1576 2334 2955 3093
2 5  650 1442 1954 2595 3109
2 6  653 1228 1349 1886 2164
2 7  1891 2396 2779 3292 3576
2 8  684 1568 2168 2483 2797
2 9  1211 2970 3584 4362 4666
2 10  1014 1961 2740 3626 4275
3 0  1533 2246 2581 2976 3546
3 1  961 1372 1852 2394 2837
3 2  768 1626 2008 2730 3045
3 3  702 1139 1777 2046 2397
3 4  590 985 1417 1788 2030
3 5  565 1750 2313 2815 3309
3 6  1748 2390 2799 3443 4086
3 7  1796 2365 3050 3572 3928
3 8  317 1111 1659 2068 3012
3 9  1490 1760 2709 3736 4625
3 10  1549 2664 3266 3995 4437
4 0  593 1360 2598 3131 4252
4 1  1513 2076 2759 3196 3982
4 2  574 1582 2022 2510 2865
4 3  1701 2475 3251 4327 4801
4 4  679 1826 2474 2753 3071
4 5  788 1658 2420 2991 3218
4 6  1095 1912 2323 2723 3296
4 7  778 1438 1809 2082 2458
4 8  1101 1606 2596 3287 3459
4 9  637 1446 1930 3150 3866
4 10  2010 3411 4278 6217 6747
5 0  1413 2523 3039 3793 4416
5 1  582 1640 2536 2948 3340
5 2  1227 2210 3109 4037 4435
5 3  930 1592 2673 3051 3443
5 4  1106 1608 2168 2660 3082
5 5  832 1566 1943 2553 2836
5 6  682 1508 1977 2574 3102
5 7  739 1710 2575 3160 3822
5 8  873 1903 2693 3294 3876
5 9  1032 1786 2761 3726 4827
5 10  1015 2122 3063 3706 4251
6 0  1279 2035 2793 3541 5299
6 1  1460 1719 2148 2446 2991
6 2  944 1819 2432 3129 3880
6 3  1454 1877 2591 3216 3603
6 4  725 1254 1929 2395 2914
6 5  1305 2304 2993 3340 3666
6 6  826 1570 1933 2390 2837
6 7  687 2192 2877 3437 4320
6 8  1181 2077 2927 3433 4097
6 9  1898 2994 4337 6025 6891
6 10  1166 2285 2885 3537 3841
7 0  742 1778 2111 2483 3432
7 1  1262 2202 2819 3445 4329
7 2  1229 1998 2609 3341 4189
7 3  1371 1831 2208 2754 3758
7 4  824 1184 1553 1944 2671
7 5  479 1180 1983 2309 3292
7 6  1330 1737 2191 2847 3334
7 7  712 1732 2520 3113 3693
7 8  888 1528 2364 2820 3393
7 9  1229 2473 4264 5101 6165
7 10  1308 2976 4258 4839 6226
8 0  1215 1527 2631 3938 5138
8 1  856 1521 3254 4494 6468
8 2  501 964 2541 2969 3411
8 3  1466 2514 2892 3504 4115
8 4  487 1223 1898 2178 3006
8 5  446 1143 1848 2229 2630
8 6  924 2235 2724 3393 4505
8 7  974 1442 2018 2963 3567
8 8  871 1601 2022 2635 3576
8 9  510 2003 2578 3210 4132
8 10  1423 2959 3832 4956 6030
9 0  861 1875 3736 5149 6716
9 1  623 1268 2303 3318 3883
9 2  1007 2121 2766 3446 4163
9 3  1118 2034 2646 3247 3787
9 4  1488 1925 2724 3309 4152
9 5  543 1899 3062 4123 4583
9 6  794 1605 2078 2714 3443
9 7  1097 1810 2872 3265 3616
9 8  1624 3452 4299 5114 5899
9 9  1243 2319 3187 4515 5340
9 10  564 1585 3020 4651 5638
10 0  1403 2436 3832 5979 6689
10 1  1412 3148 4896 5296 6272
10 2  631 2456 2908 4089 5589
10 3  1358 2575 3603 4735 6256
10 4  793 1410 1956 2696 3321
10 5  1164 2274 3050 4454 4884
10 6  1295 2225 3022 3655 4434
10 7  1645 3664 4867 6333 6951
10 8  945 1895 2499 4397 4907
10 9  2290 4157 5529 6633 8596
10 10  1286 3183 4705 6276 8432
