0 0  1540 2253 2651 3471 4205
0 1  657 1027 1496 2073 2550
0 2  1245 2031 3165 4057 4429
0 3  742 1507 2156 3132 3774
0 4  1382 2262 3324 4250 5627
0 5  1473 2158 2886 3665 4827
0 6  1161 2100 2800 3458 4110
0 7  594 1276 2044 2777 3335
0 8  1617 2261 3099 3554 4584
0 9  808 1533 2134 2855 3742
0 10  578 1620 2308 3078 3503
1 0  925 1267 1671 2325 2800
1 1  504 963 1323 1526 1998
1 2  605 1389 1695 2104 2408
1 3  847 1366 1885 2345 2906
1 4  1083 1400 1994 2248 2670
1 5  586 1521 1747 2202 2440
1 6  900 1338 1837 2434 2689
1 7  1455 2035 2418 2643 3201
1 8  1295 1995 2708 3213 3825
1 9  1396 2139 2654 3576 4170
1 10  1429 2250 3072 3397 3724
2 0  1217 2087 2371 2722 3489
2 1  884 1633 2015 2704 3196
2 2  1232 1501 1939 2354 2665
2 3  1768 2216 2616 3333 3571
2 4  500 1236 1643 2065 2504
2 5  1033 1395 1603 2034 2399
2 6  452 1105 1765 2292 2835
2 7  1014 2428 3071 3694 4051
2 8  689 1514 2528 2993 3774
2 9  1001 1358 2245 3341 4504
2 10  674 1573 2310 2675 3369
3 0  612 1412 1982 2604 3101
3 1  951 1811 2329 2741 3040
3 2  908 1722 2085 2841 3536
3 3  2538 3159 3573 3880 4129
3 4  439 1026 1469 1851 2247
3 5  1180 1921 2322 2798 3249
3 6  1051 2060 2431 2782 3166
3 7  1053 1723 2584 2831 3448
3 8  1030 2316 3371 3973 4295
3 9  1598 2821 3725 4492 5628
3 10  1160 1937 2920 4014 4359
4 0  1296 2174 3037 3945 4282
4 1  923 1954 2560 2865 3245
4 2  1286 1822 1996 2436 2673
4 3  946 2063 2433 2868 3240
4 4  678 1141 1619 1975 2447
4 5  816 1512 2128 2453 3027
4 6  699 1344 1900 2530 3019
4 7  769 1238 1829 2495 2798
4 8  825 1439 1887 3403 4204
4 9  1668 2381 2859 3279 3728
4 10  1915 3528 4296 5331 6256
5 0  445 969 1357 1846 2540
5 1  451 1206 1874 2568 3219
5 2  990 1638 2734 3035 3451
5 3  1212 1891 2325 2743 3245
5 4  2139 2846 3356 3709 3921
5 5  1152 1674 2221 2606 3251
5 6  1174 1931 2650 2995 3366
5 7  814 1201 1719 2058 2541
5 8  1038 1726 2582 3149 3650
5 9  1142 1650 2641 3416 4278
5 10  855 1239 2024 3054 3888
6 0  738 1659 2520 3191 4071
6 1  652 1984 3280 4392 5249
6 2  880 1478 2040 2610 2885
6 3  1198 2025 3143 3644 4049
6 4  1290 2176 2591 3259 3930
6 5  696 1376 2000 2445 2694
6 6  1399 2402 2940 3320 3998
6 7  1039 2030 2883 3639 4103
6 8  1178 1913 2528 2867 3309
6 9  850 1659 2552 4125 4730
6 10  888 1863 3164 4138 4776
7 0  1066 2254 3234 4038 5129
7 1  839 1575 2090 2851 3791
7 2  1387 2315 3084 4034 4420
7 3  1010 2036 2701 3199 3791
7 4  471 1474 2072 2515 2979
7 5  901 1277 1625 2133 2379
7 6  920 1713 2545 3142 3940
7 7  564 1394 1805 2269 2878
7 8  1103 2476 3490 4042 4878
7 9  690 1212 1544 2230 2783
7 10  1676 2270 2968 3395 3874
8 0  926 1808 2764 3366 4066
8 1  1517 2503 3138 4133 4701
8 2  1083 1806 2325 2874 4405
8 3  918 1519 2310 3091 3531
8 4  1180 2659 3334 4802 5345
8 5  508 1838 2628 3393 4017
8 6  1871 2513 3171 4136 4857
8 7  1174 2278 3106 3698 4279
8 8  658 1598 2128 3075 3558
8 9  2203 3268 3763 4091 4515
8 10  1461 3450 5208 7084 9211
9 0  1127 3293 4888 5719 6714
9 1  432 1863 3269 4475 5187
9 2  1576 2715 3635 4755 5635
9 3  762 1515 2972 4116 5058
9 4  469 1272 2073 2982 4378
9 5  992 2312 2876 3514 4063
9 6  1729 3226 4693 5616 6261
9 7  1601 2354 3183 3766 4734
9 8  446 1296 2720 4674 5394
9 9  1003 1979 3150 3668 4470
9 10  1588 2804 3790 4182 5041
10 0  701 1767 2550 3705 4393
10 1  1424 2142 2827 4087 5455
10 2  1010 2440 3272 3687 4735
10 3  1079 1832 3254 4557 5499
10 4  653 1611 2807 3262 4506
10 5  1159 2381 3507 4501 5657
10 6  1119 2311 3560 4739 6657
10 7  499 1851 2404 3103 3852
10 8  1391 2648 3757 5439 6671
10 9  1042 2146 3949 5604 6934
10 10  2366 4666 5689 6743 8680
