0 0  1280 2280 2725 3495 4527 5808 6829 7586 8500 9232
0 1  799 1118 1830 2358 2707 3526 3921 4777 5271 5804
0 2  864 1732 2415 3451 4288 5047 5489 6027 6952 7846
0 3  1466 2434 3565 4194 4961 5900 7346 8760 9587 10363
0 4  338 971 1689 2285 2816 3731 4089 4592 5217 5830
0 5  457 1150 1965 2570 3737 4796 5519 6722 7667 8242
0 6  978 2134 3409 4015 4906 5210 5832 6684 7715 8243
0 7  1024 1447 2369 2936 4002 4682 5217 6125 6581 7430
0 8  1164 2139 3882 4462 5201 5995 6746 7507 8671 9224
0 9  1013 1975 2982 3537 4327 5274 5860 6832 7800 8362
0 10  1168 1936 2828 3790 4534 5127 5951 6499 7055 7512
1 0  824 1995 2532 2816 3270 3479 3662 4042 4340 4575
1 1  1110 2268 2855 3193 3435 3592 3831 4094 4279 4688
1 2  962 1307 1628 1966 2421 2839 3234 3460 3767 4103
1 3  1619 1965 2270 2667 3389 3670 4155 4503 5028 5545
1 4  1779 2256 3067 3873 4024 4459 4699 5117 5293 5499
1 5  1216 2117 2494 2728 3104 3415 3743 3990 4383 4665
1 6  967 1697 2362 2796 3165 3567 3880 4340 4669 4994
1 7  575 1462 2255 2587 3062 3357 3788 4194 4956 5247
1 8  1521 2568 3418 4482 4838 5402 5722 6094 6383 6782
1 9  1458 1936 2934 3323 4353 4977 5902 6308 7062 7602
1 10  1085 2299 3530 3896 4356 4969 5753 6367 6962 7897
2 0  634 1410 1934 2332 2652 3270 3899 4226 4366 4651
2 1  453 1395 1725 2381 2713 3263 3811 4122 4414 4810
2 2  319 976 1258 1494 1939 2397 2819 3028 3322 3576
2 3  548 1193 1626 1956 2280 2644 2845 3281 3536 4026
2 4  983 1663 2324 2788 3051 3226 3420 3731 4265 4501
2 5  998 1725 2122 2726 3137 3906 4398 4792 5192 5550
2 6  956 1769 2293 2659 3007 3276 3900 4253 4625 5094
2 7  930 1646 2286 2589 3065 3731 4085 4518 5133 5652
2 8  825 2021 2887 3294 3942 4480 4844 5318 5701 6344
2 9  990 1349 2302 2992 3634 4092 4974 5265 5705 6383
2 10  1604 1908 2564 2970 3534 4432 4785 5474 6781 7573
3 0  477 1445 2192 2534 3005 3521 3953 4437 4727 5025
3 1  1104 1649 2352 2724 3188 3593 3810 4075 4445 5132
3 2  1496 1963 2608 2986 3540 3975 4859 5164 5457 5682
3 3  1904 2553 3095 3583 3847 4150 4504 4742 5050 5265
3 4  878 1662 1947 2451 2854 3083 3457 3624 4195 4575
3 5  536 1067 1406 1688 2199 2734 2963 3494 3836 4162
3 6  807 1452 1776 2258 2505 2791 2992 3424 3663 4023
3 7  543 1567 2272 2699 2976 3302 3620 4118 4757 5203
3 8  1442 2309 2875 3505 4036 4280 4699 5307 5688 6092
3 9  1359 1942 2968 4042 5136 5948 6688 7585 8276 9066
3 10  1241 2063 2788 3544 4171 4821 5530 5829 6678 7541
4 0  221 727 1376 2125 2841 3357 3740 4132 4580 4975
4 1  1076 1692 2372 2649 3161 3621 3819 4323 4727 5019
4 2  811 1307 2109 2506 2907 3353 4031 4369 4775 5194
4 3  874 1297 1770 2047 2374 2606 2930 3178 3628 3969
4 4  635 1417 2104 2649 3322 3631 4022 4714 4916 5323
4 5  1260 2054 2750 3217 3529 3863 4209 4432 5066 5339
4 6  1231 1732 2291 2927 3269 3474 3882 4252 4585 5038
4 7  599 1334 1746 2273 2584 2916 3495 3796 4094 4576
4 8  607 1664 2168 2549 3163 3829 4692 5613 6284 6618
4 9  877 1784 2852 3331 4009 5065 5925 6861 7322 7847
4 10  1278 2237 2871 3346 4083 5108 5573 6195 6739 7442
5 0  1226 1676 2275 3133 3516 4178 4556 4931 5646 6371
5 1  935 1534 2109 2529 3141 3823 4230 4588 4838 5238
5 2  543 1174 1707 2140 2416 2754 3189 3640 4203 4633
5 3  1281 1777 2083 2517 2826 3313 3870 4177 4456 4691
5 4  1134 1549 2164 2799 3225 3671 4073 4489 4911 5146
5 5  1201 1704 2500 3516 4015 4813 5723 6217 6677 7434
5 6  771 1531 1955 2340 2673 3557 3886 4245 4492 4912
5 7  904 1660 2403 2877 3295 3794 4400 4621 5331 5932
5 8  963 1796 2221 2711 3426 4313 4881 5745 6176 6729
5 9  1550 2232 3535 4337 5263 6114 6827 8051 8539 9003
5 10  1078 1740 2480 3241 3807 5196 5925 6651 7435 8579
6 0  1410 2229 2677 3239 4362 5082 5585 6876 7363 7890
6 1  996 1528 2165 2620 3658 4887 5349 6301 6701 7113
6 2  1148 1754 2275 2921 3718 4516 5149 5631 5954 6674
6 3  1146 1739 2380 2648 2970 3469 3938 4401 4760 5048
6 4  625 1071 2030 2643 3485 4143 4679 5135 5422 5835
6 5  1124 1988 2588 3168 3616 4395 4858 5348 5648 5990
6 6  960 1599 1961 2703 3130 3349 3666 4078 4547 5184
6 7  1711 2136 3008 3589 3980 4834 5321 5693 5878 6161
6 8  519 2130 2791 3446 3792 4368 4984 5416 6064 7103
6 9  1486 2324 3018 4033 4834 6023 7311 8213 9030 9231
6 10  1404 2546 3640 4696 5841 6397 7887 8852 9465 10437
7 0  610 1989 3401 4108 5058 5794 6470 7984 8599 9630
7 1  576 1147 1500 2046 3233 3747 4415 5593 6224 7187
7 2  888 1451 2060 2563 3179 3751 4176 4639 5719 6783
7 3  391 930 1315 2030 2745 3383 3752 4301 4746 5941
7 4  1048 1799 2259 2969 3461 3963 4633 5105 5363 5619
7 5  1104 1907 2411 2725 3180 3475 3813 4075 4555 4933
7 6  1190 1818 2408 2992 3511 3938 4279 4770 5272 5560
7 7  2279 3633 4391 5213 5790 6382 6740 7089 7450 8055
7 8  1693 2488 3282 4185 4980 5774 6547 6954 7385 8117
7 9  1134 2144 3136 3646 4045 4659 5112 5826 6156 6752
7 10  1546 2886 4857 5937 7206 8559 9501 10471 11465 12458
8 0  676 2099 2819 3255 4581 5405 6150 6858 7749 8632
8 1  1177 1922 2469 3196 3914 4754 5769 7474 8319 8847
8 2  864 1848 2614 3308 3634 4163 5374 6411 7425 8118
8 3  1071 1794 2385 3618 4376 5678 6361 6800 7687 8051
8 4  766 1646 2007 2511 3300 3726 4043 4536 5094 6218
8 5  996 1837 2182 3139 3781 4358 4859 5788 6200 6915
8 6  890 1472 2340 3020 3581 3992 4459 4785 5105 5415
8 7  1030 2130 2600 3083 3283 3716 4306 4868 5489 5986
8 8  991 1849 3232 3939 4359 5154 5772 6015 6514 6853
8 9  2674 4052 5243 6734 7154 8199 9102 9816 10287 11266
8 10  2614 4080 4893 5619 7669 8605 8998 10111 10580 11912
9 0  979 2171 3204 4030 4717 5369 5879 6734 7241 7821
9 1  572 1267 2632 2949 3506 4289 5141 6084 6867 7511
9 2  814 1576 2358 3300 4667 5105 6070 6498 7493 8222
9 3  766 2032 3093 4182 4970 5420 6278 7329 7884 10232
9 4  745 2084 3061 3785 4375 5130 5785 6550 7059 7851
9 5  524 1810 2757 3041 4028 4498 5426 6455 7064 7874
9 6  870 2455 3547 4739 5702 6171 6449 6836 7264 7567
9 7  1514 2675 4136 4656 5701 6325 6508 6847 7202 7563
9 8  771 1418 2398 3162 4259 4950 5758 6216 7437 8284
9 9  826 2136 3854 6097 6895 8263 9227 10169 10900 11640
9 10  960 3318 3969 5029 5641 6706 7513 8111 9083 10856
10 0  694 2025 3391 4097 6070 7156 8191 9275 10718 11785
10 1  824 2031 2632 4119 5070 6319 7101 7779 8976 10418
10 2  973 1813 2801 4346 5991 8072 9558 10245 11315 11874
10 3  534 1210 1877 3326 4199 6609 7913 10095 10839 11527
10 4  1749 3152 4445 5260 6357 8051 8689 9256 10516 11171
10 5  1496 2429 3945 4679 5994 7582 8270 9671 10388 10816
10 6  947 1530 2959 4229 5840 7179 8915 9548 10408 11796
10 7  698 2097 3800 4488 6017 6724 8427 8928 9911 10714
10 8  1156 2599 4732 6209 7470 9196 11454 12578 14397 15570
10 9  906 2040 3176 5119 7224 8184 9520 10204 11513 12242
10 10  869 2227 3546 6050 7437 8841 10021 10580 11098 11743
