0 0 73 139 205 281 345 403 454 534 588 646 4 7 9 11 12 15 18 24 27 30
0 1 65 117 182 239 309 370 449 516 580 635 1 2 4 4 6 8 11 13 13 15
0 2 65 124 195 257 321 384 438 495 561 623 0 1 3 3 6 7 10 11 15 16
0 3 69 133 212 273 344 403 476 561 638 711 5 6 8 9 11 12 16 17 18 21
0 4 58 112 173 238 311 384 444 515 575 648 2 3 8 9 13 16 19 20 22 26
0 5 77 142 214 277 332 393 451 520 597 655 3 6 6 10 11 11 16 19 21 24
0 6 72 146 218 273 340 402 470 545 614 683 3 5 6 7 9 13 16 18 18 18
0 7 69 141 188 250 309 390 459 510 563 641 1 3 5 7 8 11 15 19 20 22
0 8 78 131 191 260 327 390 449 515 578 636 1 2 3 3 4 6 9 9 13 16
0 9 63 128 198 253 322 387 442 503 563 615 2 6 6 9 12 14 18 21 22 22
0 10 79 146 212 257 323 385 447 514 591 657 5 6 9 9 11 15 17 18 19 20
1 0 61 115 177 258 316 377 438 507 574 637 2 5 8 10 12 15 15 18 20 20
1 1 65 133 211 282 342 402 474 532 588 645 1 4 6 8 10 13 14 15 17 20
1 2 58 123 197 261 313 387 460 542 612 678 3 6 8 11 11 11 12 15 18 18
1 3 75 142 215 286 327 403 450 500 574 624 2 3 7 7 7 9 9 10 12 13
1 4 61 125 168 235 280 338 387 452 519 588 2 5 7 9 10 12 12 15 18 21
1 5 61 135 199 250 311 377 436 494 553 601 0 2 3 5 6 7 9 13 16 19
1 6 70 134 203 275 338 398 470 528 602 671 3 6 7 8 9 11 13 16 19 24
1 7 66 132 191 245 300 349 406 444 497 541 5 11 11 12 16 18 22 22 23 25
1 8 64 119 170 224 290 350 408 476 538 596 2 5 7 8 10 14 16 19 22 23
1 9 56 136 188 262 335 405 455 510 560 624 4 7 9 11 14 18 20 22 27 27
1 10 65 144 199 257 318 387 443 506 577 631 3 6 7 8 9 12 13 14 16 18
2 0 87 135 196 260 308 366 428 494 571 628 6 7 7 7 8 9 12 15 15 18
2 1 75 161 246 315 383 451 494 546 604 656 1 2 3 5 7 11 13 14 16 18
2 2 75 144 208 255 324 387 435 487 545 593 3 6 7 11 13 15 16 19 22 26
2 3 75 143 212 272 333 397 465 521 591 642 2 6 7 8 10 11 12 15 15 16
2 4 79 147 214 261 329 385 461 504 570 644 3 5 8 10 11 11 12 13 14 15
2 5 53 130 200 270 319 374 444 492 563 620 0 2 3 9 12 14 16 17 18 18
2 6 64 131 192 245 307 357 404 443 514 569 1 2 3 3 4 4 5 6 8 10
2 7 65 120 179 246 304 356 424 486 541 590 1 2 6 10 14 16 21 24 25 25
2 8 68 117 172 228 287 354 411 475 531 588 1 2 2 3 4 6 10 13 15 17
2 9 69 125 157 205 256 322 388 446 499 544 2 4 6 7 7 9 13 17 19 19
2 10 76 138 209 279 320 371 423 475 537 587 1 3 4 5 6 6 6 7 9 11
3 0 73 144 203 269 329 408 472 533 573 639 1 3 5 8 9 12 14 17 17 21
3 1 88 160 232 301 376 439 499 566 644 712 1 3 6 7 8 8 9 10 12 14
3 2 55 123 176 228 289 360 408 477 531 602 4 6 8 10 12 15 15 19 21 22
3 3 66 150 214 277 339 407 484 540 606 657 2 6 6 10 11 12 13 14 16 18
3 4 50 102 169 236 299 360 425 482 556 613 0 3 5 5 6 7 8 9 10 12
3 5 80 156 232 284 358 418 467 526 585 639 1 2 7 9 12 14 15 17 19 20
3 6 81 154 207 263 331 382 445 511 559 623 2 8 9 10 14 17 18 19 21 23
3 7 59 126 192 238 311 367 402 466 526 588 4 7 10 13 14 14 14 14 16 16
3 8 62 115 167 218 283 340 414 468 523 581 1 2 3 3 5 6 6 8 10 12
3 9 71 134 202 264 308 376 452 528 586 644 1 1 4 7 8 10 12 15 15 16
3 10 55 131 201 253 303 361 415 479 528 605 5 7 10 10 13 13 14 18 20 20
4 0 66 124 182 244 305 350 419 508 574 635 2 4 7 7 14 16 17 19 19 26
4 1 80 138 213 279 344 394 466 516 581 631 3 4 6 9 12 12 13 17 20 20
4 2 69 130 200 247 310 365 423 490 550 618 1 2 2 4 4 4 5 7 7 9
4 3 87 155 213 296 355 423 503 561 617 700 3 7 9 10 12 13 15 19 22 28
4 4 66 127 184 250 332 383 444 492 555 622 2 4 8 9 11 13 14 18 20 22
4 5 70 139 203 253 315 386 446 490 542 607 1 1 2 4 4 6 7 7 7 7
4 6 68 131 200 249 297 349 396 458 510 566 4 7 7 9 11 16 17 18 19 22
4 7 82 139 195 263 332 395 453 515 577 638 4 4 6 8 9 11 13 15 18 21
4 8 69 127 178 255 315 360 414 456 500 559 1 3 5 11 15 16 18 19 19 22
4 9 66 131 181 237 306 369 437 490 533 595 2 2 3 5 6 9 10 10 10 11
4 10 71 129 191 236 288 359 421 474 545 616 3 4 4 4 7 10 10 11 13 15
5 0 67 131 190 245 299 353 404 473 546 614 1 3 4 4 7 10 14 14 16 20
5 1 73 134 199 269 313 370 429 494 566 624 3 4 4 5 6 9 12 12 12 15
5 2 72 121 179 239 307 365 435 492 552 618 2 5 7 9 9 10 11 12 14 15
5 3 57 116 171 225 287 351 395 453 514 589 3 3 4 7 9 11 12 13 14 16
5 4 54 127 179 240 300 363 413 476 540 599 2 5 5 8 11 17 19 21 22 22
5 5 69 134 196 261 332 382 439 508 583 651 0 2 3 3 7 7 8 10 17 20
5 6 66 122 189 261 307 369 422 465 525 586 4 4 5 7 11 13 14 15 19 21
5 7 65 119 190 248 294 329 362 400 463 524 3 7 9 13 13 14 15 17 19 19
5 8 53 122 168 220 282 345 414 489 563 614 7 10 12 12 13 14 16 17 18 19
5 9 71 142 199 292 356 418 470 530 577 631 4 5 6 8 11 12 13 13 13 13
5 10 71 134 177 242 298 358 418 460 508 554 1 4 7 9 12 16 17 18 19 21
6 0 68 135 212 276 357 429 488 546 611 667 2 7 10 11 14 16 18 20 22 24
6 1 72 141 193 260 322 382 454 532 581 652 6 7 8 9 12 14 14 16 17 20
6 2 64 131 196 262 319 368 450 512 560 618 1 2 2 4 6 8 9 10 12 12
6 3 69 131 198 244 301 351 413 483 533 593 3 5 5 6 8 9 11 13 14 16
6 4 67 109 177 232 280 337 405 454 525 564 2 3 5 7 10 12 12 14 17 17
6 5 76 168 225 288 350 424 489 551 606 666 4 8 8 9 10 10 12 13 15 17
6 6 71 141 197 262 324 380 429 485 538 600 2 6 8 9 12 14 17 18 19 20
6 7 85 151 210 269 329 368 420 467 533 578 2 7 9 11 11 14 15 17 20 22
6 8 70 155 212 281 331 403 458 520 577 634 2 3 4 6 6 6 7 7 9 9
6 9 68 130 190 258 318 362 402 460 523 570 2 3 7 8 10 12 13 16 16 17
6 10 63 119 172 229 275 328 371 421 476 527 5 6 8 10 11 11 12 13 14 14
7 0 54 122 191 247 314 394 462 526 598 669 2 6 11 12 12 16 19 25 28 28
7 1 68 130 208 273 338 395 434 504 560 636 2 4 6 7 7 7 7 7 10 12
7 2 68 145 224 271 336 394 458 505 551 616 4 10 13 13 14 14 16 17 19 22
7 3 69 114 183 234 295 348 419 482 534 597 3 6 6 8 10 10 11 13 14 18
7 4 65 130 190 272 329 386 443 487 550 594 1 3 4 6 7 8 8 11 11 11
7 5 64 130 181 259 317 376 430 487 552 612 6 9 9 9 12 16 18 18 20 24
7 6 80 141 200 254 313 374 432 493 540 583 4 7 7 11 11 14 16 17 18 18
7 7 59 127 181 261 310 354 423 478 531 598 5 7 10 10 11 11 14 15 19 19
7 8 53 133 184 259 310 354 418 483 549 601 2 6 7 9 11 13 14 15 19 19
7 9 82 156 226 295 358 423 476 524 611 646 5 8 9 11 11 16 17 19 20 21
7 10 69 126 193 253 316 365 388 452 515 571 1 2 4 6 6 9 9 12 15 16
8 0 64 154 221 283 360 421 468 533 602 660 3 5 7 13 13 14 15 17 20 23
8 1 78 135 202 262 328 381 447 500 561 627 3 5 8 11 14 16 16 20 23 26
8 2 74 151 209 283 351 415 469 524 600 664 4 9 12 13 13 15 16 17 17 20
8 3 61 138 206 250 305 380 431 486 565 635 5 7 9 11 13 15 17 21 24 24
8 4 84 143 203 246 304 353 412 474 536 578 2 6 8 8 9 10 13 14 18 20
8 5 75 131 202 280 339 406 462 544 605 668 2 4 7 7 9 14 14 16 17 18
8 6 68 136 203 254 299 373 421 463 523 580 3 5 6 8 8 9 10 11 13 14
8 7 68 129 188 246 306 364 431 505 562 616 4 4 5 7 9 11 11 11 13 14
8 8 93 163 229 289 344 403 467 517 556 613 3 5 5 7 10 11 14 14 17 19
8 9 56 134 175 235 304 358 432 470 518 569 4 5 6 7 9 10 12 12 12 13
8 10 71 139 195 257 304 359 412 465 521 579 3 5 7 11 12 12 15 18 20 20
9 0 62 128 178 236 309 354 422 479 555 633 0 2 2 3 9 10 13 16 18 22
9 1 59 116 165 220 297 339 400 476 537 603 1 4 6 9 13 16 16 19 22 22
9 2 74 133 196 253 322 388 459 510 560 623 2 6 7 9 11 12 12 13 15 17
9 3 69 133 200 244 301 355 418 499 551 608 2 5 6 7 8 9 11 14 15 16
9 4 76 146 200 269 326 393 458 508 548 610 2 5 6 7 8 9 12 13 13 13
9 5 66 139 203 267 323 386 438 499 543 593 4 10 11 14 16 17 19 21 22 24
9 6 67 138 199 255 316 367 430 477 520 572 3 6 7 8 10 13 13 13 14 14
9 7 64 116 185 245 311 360 413 481 545 617 0 2 7 10 11 12 13 15 18 19
9 8 79 136 196 246 284 347 406 463 513 563 2 2 2 4 7 7 8 8 10 10
9 9 60 107 161 223 278 336 398 458 511 577 4 5 7 9 11 11 15 15 15 15
9 10 67 129 193 223 279 319 368 442 494 547 2 2 4 5 6 7 8 10 12 15
10 0 72 148 204 266 315 379 454 509 577 626 5 9 12 14 16 19 19 22 26 29
10 1 64 122 186 254 314 373 439 503 561 614 3 8 10 10 12 13 14 14 14 16
10 2 79 144 209 273 332 382 426 480 525 582 5 7 10 12 16 17 19 19 23 27
10 3 77 139 209 250 309 360 429 486 540 600 3 5 9 10 13 14 14 16 16 17
10 4 69 133 181 252 320 376 430 489 538 590 5 8 10 10 11 11 13 15 17 17
10 5 64 125 188 244 309 361 436 499 565 617 1 2 4 7 7 7 8 9 11 12
10 6 71 120 171 214 262 308 356 411 458 506 4 4 7 10 15 16 16 17 18 20
10 7 55 124 172 236 288 339 404 453 511 568 4 5 5 6 8 11 11 12 15 15
10 8 65 110 182 244 292 334 384 438 494 551 1 4 5 6 6 7 7 9 12 15
10 9 77 134 195 249 324 378 430 471 522 592 8 10 12 12 14 16 20 21 21 23
10 10 77 142 206 244 300 345 411 461 497 562 4 8 10 10 10 11 11 13 13 15