0 0 85 139 213 278 337 413 479 542 604 658 6 7 8 9 11 14 15 20 21 25
0 1 75 134 198 265 337 410 472 547 598 656 4 5 8 9 12 14 17 18 20 24
0 2 68 110 164 238 330 402 458 524 592 663 6 10 14 14 15 17 18 21 22 22
0 3 94 152 196 255 325 386 438 502 558 621 3 5 7 9 10 11 14 19 20 23
0 4 74 142 205 284 364 424 483 541 585 664 3 3 4 7 9 11 11 16 19 22
0 5 70 130 201 257 314 380 444 523 582 655 3 6 9 12 16 17 20 24 26 28
0 6 67 133 203 261 337 412 462 520 575 640 5 9 9 11 15 16 18 19 26 30
0 7 88 153 222 269 326 393 454 530 590 664 2 2 4 5 7 10 12 13 15 15
0 8 61 138 188 233 284 337 408 462 520 584 2 3 3 3 5 5 7 9 11 13
0 9 81 155 213 273 338 412 476 548 597 670 2 5 10 13 13 15 18 18 18 21
0 10 66 138 212 275 352 422 477 540 593 655 3 5 7 9 13 13 13 18 21 21
1 0 73 118 186 250 312 368 424 486 542 598 4 7 8 10 12 14 15 18 22 22
1 1 71 123 209 277 343 408 476 524 584 644 1 5 7 10 13 15 16 16 17 18
1 2 71 144 220 287 352 425 474 524 575 635 1 4 7 10 13 15 16 19 21 24
1 3 75 131 192 266 337 401 458 521 573 628 2 2 2 4 6 10 13 14 18 19
1 4 77 143 212 286 337 394 471 528 594 645 3 3 5 7 10 12 14 17 17 19
1 5 75 154 224 274 348 389 454 520 587 651 2 5 8 9 12 14 14 15 16 18
1 6 69 133 182 259 326 390 417 477 536 602 2 6 6 11 13 15 17 18 22 24
1 7 67 135 192 251 314 369 425 478 548 600 2 6 8 10 14 15 15 19 22 25
1 8 65 135 197 251 302 366 419 479 549 588 1 2 3 4 5 10 11 13 15 15
1 9 59 135 202 258 309 353 422 474 521 575 3 6 10 11 13 16 17 17 20 22
1 10 66 137 217 274 338 411 469 520 592 671 3 6 8 11 13 14 15 16 18 20
2 0 62 118 183 248 327 387 435 485 561 643 3 4 4 5 5 6 8 11 15 15
2 1 67 138 213 272 338 388 467 535 597 663 3 5 8 10 11 13 15 17 20 20
2 2 75 145 218 285 349 429 478 560 613 682 1 5 6 8 9 15 15 21 23 25
2 3 75 134 189 277 321 389 447 513 583 638 0 1 2 2 2 4 5 6 7 7
2 4 61 130 205 279 346 401 452 507 556 609 2 4 5 7 8 10 11 13 14 17
2 5 60 120 180 242 295 336 394 437 486 555 3 4 6 7 8 8 8 8 8 9
2 6 89 144 196 259 300 370 418 492 548 610 2 4 7 11 11 11 13 16 19 21
2 7 63 118 187 263 327 399 453 503 560 619 4 6 7 10 11 12 14 17 17 17
2 8 80 132 205 282 348 406 469 524 562 616 1 2 3 5 6 8 8 9 10 11
2 9 84 152 241 310 369 425 482 541 594 639 2 4 5 7 9 9 13 15 16 19
2 10 66 123 198 267 337 388 444 509 573 624 4 4 5 6 7 8 8 10 10 15
3 0 81 149 201 274 329 412 448 499 552 615 1 2 4 4 8 11 13 13 14 16
3 1 75 147 209 277 336 396 471 536 611 665 0 1 1 4 5 11 11 12 12 13
3 2 66 146 203 260 320 374 435 489 539 588 4 7 10 11 12 14 18 19 21 23
3 3 86 142 189 248 314 390 442 494 551 614 2 3 6 7 10 12 13 14 17 17
3 4 60 122 174 242 294 361 418 474 539 598 1 2 5 7 8 12 13 17 18 18
3 5 59 112 170 246 307 365 414 467 537 589 3 4 6 7 11 13 16 18 20 20
3 6 74 133 175 243 295 352 420 480 540 605 3 5 8 9 11 12 12 15 19 20
3 7 65 141 196 248 308 362 418 459 528 592 2 5 6 7 8 9 11 12 12 13
3 8 83 145 221 281 337 392 441 501 573 625 1 1 5 9 13 14 16 17 19 21
3 9 61 131 185 253 328 406 466 512 581 615 2 4 5 8 10 12 13 14 17 17
3 10 91 161 217 292 355 407 459 509 574 630 1 2 5 8 11 14 16 16 19 21
4 0 82 145 219 297 362 423 485 546 604 666 1 1 3 5 8 9 11 11 12 13
4 1 69 136 192 260 325 381 453 503 559 604 2 3 5 7 8 13 14 14 17 18
4 2 67 141 211 265 310 372 431 486 544 603 8 13 16 17 20 20 20 23 25 26
4 3 77 132 211 264 333 383 434 497 566 625 2 2 6 8 8 10 10 10 11 13
4 4 72 137 195 260 330 381 430 497 553 609 2 5 6 6 10 12 12 17 17 19
4 5 64 139 194 256 312 377 444 527 600 650 3 7 8 10 12 18 21 22 25 25
4 6 72 126 186 257 309 357 420 479 535 607 1 1 2 2 4 5 7 7 8 12
4 7 70 133 187 240 297 352 401 481 548 586 4 6 8 9 9 10 12 16 16 17
4 8 67 135 194 257 321 375 444 502 552 634 3 7 10 13 16 17 20 20 21 22
4 9 82 159 215 259 325 384 439 485 539 594 1 1 4 6 7 8 10 10 10 10
4 10 74 137 207 268 328 382 446 500 560 613 2 5 6 6 7 11 13 14 15 19
5 0 74 143 195 262 329 400 463 514 582 636 6 7 7 7 9 11 13 16 20 21
5 1 72 126 198 255 316 386 434 493 536 597 3 8 8 11 11 12 14 15 17 19
5 2 60 125 191 257 313 392 462 515 572 648 2 4 7 8 11 15 17 18 19 22
5 3 67 125 200 249 302 362 423 475 530 574 2 6 9 14 15 16 17 18 19 20
5 4 73 138 207 281 319 368 442 517 577 639 3 6 7 9 9 10 11 15 16 20
5 5 83 157 224 305 355 428 479 534 578 637 1 6 7 8 9 10 10 10 12 12
5 6 72 145 215 280 339 385 441 494 534 596 2 3 4 5 6 8 9 11 14 14
5 7 67 139 213 272 335 397 441 510 563 627 2 4 9 12 13 13 16 19 20 21
5 8 65 138 192 245 290 352 411 472 545 587 3 5 7 8 11 11 12 12 15 16
5 9 73 147 220 294 353 408 466 502 560 639 2 3 4 5 5 6 8 9 11 12
5 10 70 122 175 241 289 336 386 444 518 566 1 2 5 7 7 10 11 12 12 12
6 0 72 137 188 256 330 397 464 509 561 619 2 7 7 9 12 14 15 18 19 20
6 1 65 118 170 242 298 361 418 463 529 594 2 4 5 9 10 12 15 16 18 20
6 2 78 140 195 270 329 409 463 545 611 654 1 7 8 10 13 14 15 17 20 22
6 3 64 126 181 238 304 371 416 482 533 596 2 3 4 7 7 10 10 10 10 12
6 4 63 118 191 284 332 401 475 520 580 640 1 2 3 6 8 10 11 13 14 16
6 5 75 142 208 257 323 405 454 508 565 629 2 5 8 8 11 14 15 15 16 18
6 6 76 138 209 283 349 426 480 530 590 656 4 4 8 8 9 13 13 13 14 16
6 7 63 123 190 254 328 388 445 500 556 617 6 7 8 8 12 15 15 15 17 18
6 8 77 134 212 288 352 397 449 485 535 589 4 4 7 7 9 11 11 11 13 16
6 9 64 124 175 242 295 348 407 488 560 611 3 5 6 6 6 9 9 10 13 14
6 10 66 126 189 237 309 365 417 481 549 589 3 5 8 10 11 11 13 15 16 17
7 0 77 143 200 253 327 390 448 515 567 643 2 3 9 10 15 17 21 23 26 30
7 1 79 144 194 269 333 395 468 524 574 623 1 6 7 12 17 19 19 20 21 22
7 2 72 130 190 241 303 347 393 445 499 558 3 8 10 12 13 13 14 18 19 20
7 3 69 126 203 264 327 384 439 506 578 659 2 6 8 9 11 14 14 17 18 18
7 4 64 126 190 256 337 404 476 535 590 655 2 4 5 6 8 11 13 16 17 20
7 5 60 116 187 240 302 356 398 446 509 584 0 2 2 3 6 6 10 12 13 14
7 6 68 137 188 251 308 365 420 491 530 576 4 8 9 13 14 15 16 19 20 21
7 7 62 122 179 230 291 355 408 469 525 584 1 3 3 3 7 9 10 15 19 24
7 8 54 116 172 230 293 341 410 485 557 598 1 3 5 7 7 8 8 10 10 10
7 9 69 131 205 263 325 372 433 482 536 586 4 7 9 10 12 14 14 18 20 20
7 10 79 154 196 266 328 372 424 475 539 594 2 6 6 6 9 11 11 15 17 18
8 0 65 118 186 251 320 393 449 527 602 668 0 0 2 3 5 7 8 9 10 13
8 1 57 123 169 229 286 347 414 485 542 601 2 3 4 8 11 15 16 19 23 25
8 2 81 162 219 279 340 402 465 521 572 631 7 10 13 17 18 21 21 23 26 28
8 3 81 135 196 276 330 388 436 487 553 618 2 5 9 11 15 15 19 19 21 22
8 4 80 141 199 252 322 375 419 488 541 593 1 2 7 10 13 13 15 23 24 25
8 5 67 128 173 236 295 354 423 473 526 585 4 4 8 9 10 15 19 21 24 26
8 6 69 127 182 241 290 324 381 454 511 565 1 2 3 3 3 4 5 6 7 9
8 7 76 131 197 249 296 337 415 471 542 590 3 7 8 9 9 11 12 12 12 13
8 8 77 152 195 248 299 348 420 464 531 581 4 5 7 10 12 14 15 16 20 23
8 9 83 134 190 256 308 358 422 483 545 610 4 8 11 13 15 18 19 20 20 21
8 10 64 102 165 226 284 330 396 447 502 572 4 4 4 6 7 7 7 7 10 11
9 0 71 131 193 260 321 398 442 488 540 606 0 5 6 9 11 17 18 20 22 27
9 1 69 132 182 248 319 382 451 515 575 641 3 4 4 8 9 10 11 11 11 11
9 2 60 125 197 263 329 410 473 536 596 650 5 7 7 8 8 13 17 17 17 20
9 3 73 145 204 281 353 414 472 523 577 625 0 1 2 3 3 4 5 6 6 8
9 4 70 137 199 284 345 415 463 533 592 681 1 4 4 6 6 7 9 12 14 16
9 5 58 128 196 259 321 377 413 479 537 586 3 3 5 9 10 12 14 16 16 16
9 6 63 122 186 231 274 348 409 478 525 574 3 5 7 13 13 15 16 17 17 19
9 7 73 134 194 253 307 362 425 477 534 598 4 5 7 8 9 11 13 14 14 15
9 8 64 132 185 246 317 379 421 476 540 606 1 3 5 7 8 9 11 12 12 12
9 9 55 104 171 229 273 335 393 451 482 532 0 2 3 7 7 9 11 15 16 19
9 10 73 133 197 249 310 344 401 446 503 560 4 5 7 9 11 11 12 13 18 18
10 0 90 160 228 283 345 412 475 539 618 685 2 3 8 8 12 13 15 18 20 20
10 1 73 137 196 254 313 388 456 494 543 575 4 7 11 15 17 20 21 24 25 25
10 2 77 138 205 270 331 397 457 519 578 647 1 5 6 10 13 16 17 18 18 22
10 3 60 131 189 249 313 364 406 489 553 607 4 7 8 9 10 11 13 14 16 19
10 4 67 133 194 258 319 383 457 516 562 598 2 2 3 4 6 8 12 14 14 14
10 5 74 132 199 258 313 376 440 492 562 616 5 6 12 14 17 17 20 20 23 24
10 6 77 135 207 252 317 366 421 482 532 589 4 5 8 8 10 11 11 14 14 16
10 7 70 134 188 250 314 355 398 442 495 556 5 8 9 10 12 13 14 15 16 17
10 8 72 139 178 244 316 377 419 472 551 611 2 3 5 10 12 15 16 19 22 24
10 9 83 149 219 271 327 374 432 497 559 631 3 6 8 10 10 10 13 14 18 19
10 10 76 157 207 257 322 360 422 481 552 614 4 6 6 6 6 7 9 11 12 15