0 0 91 173 226 279 351 405 480 537 614 689 6 7 10 15 16 16 18 20 25 27
0 1 73 151 200 260 325 399 477 534 601 671 1 5 6 10 12 16 16 17 18 20
0 2 76 142 209 262 330 388 448 521 583 654 2 7 9 11 11 12 13 18 21 22
0 3 71 140 200 274 334 390 471 531 608 694 3 5 9 11 12 14 16 18 18 21
0 4 57 101 182 262 317 376 443 519 579 645 4 4 7 8 13 15 20 23 23 25
0 5 75 150 206 281 353 413 487 553 626 677 5 6 8 9 10 10 14 17 19 22
0 6 46 98 182 242 309 376 439 506 580 639 3 5 8 9 12 13 17 18 19 23
0 7 72 133 216 288 348 404 485 559 637 692 3 5 9 13 15 16 17 20 23 23
0 8 79 142 192 245 302 349 429 486 552 604 3 4 8 9 13 19 21 23 27 30
0 9 69 124 177 238 311 379 441 504 555 614 1 2 2 8 11 15 17 18 18 19
0 10 58 122 199 277 349 411 471 532 616 692 2 4 8 10 12 13 14 15 16 19
1 0 62 142 187 254 319 373 436 496 553 603 2 2 2 3 4 5 8 9 10 11
1 1 70 136 213 281 360 428 478 552 611 668 4 8 10 13 15 17 19 20 21 21
1 2 63 138 194 248 305 376 436 495 547 623 1 3 7 9 9 10 13 15 17 19
1 3 77 128 180 247 304 347 405 481 539 602 6 8 11 11 12 12 13 16 17 17
1 4 74 144 219 287 368 417 489 549 612 652 4 5 10 11 14 18 18 20 21 22
1 5 80 130 199 250 303 360 428 475 527 583 4 5 7 8 12 14 16 16 19 20
1 6 86 168 243 317 381 445 504 555 601 662 2 2 4 7 9 12 13 16 16 16
1 7 68 145 201 242 290 332 413 469 533 606 3 5 5 5 5 7 10 11 12 15
1 8 65 119 164 234 301 373 419 491 549 609 4 6 7 9 11 14 14 14 15 16
1 9 71 145 213 296 374 447 506 547 608 683 2 5 7 8 12 13 13 14 16 18
1 10 76 140 205 252 329 397 439 507 567 621 4 4 7 8 9 11 15 15 17 20
2 0 63 133 188 243 303 374 449 517 571 630 3 4 4 6 7 7 8 11 11 12
2 1 71 121 193 254 309 364 448 507 567 638 3 6 7 8 12 12 12 12 15 17
2 2 65 136 194 261 325 386 453 510 571 624 2 3 6 7 8 8 10 13 13 17
2 3 59 117 181 217 278 347 410 487 552 607 1 3 8 9 12 16 17 17 17 19
2 4 59 115 188 252 310 372 450 503 555 622 4 6 7 10 11 14 17 18 20 22
2 5 78 129 204 277 360 413 481 547 622 671 1 5 6 7 7 8 8 8 13 13
2 6 62 133 196 240 302 365 430 480 532 605 5 6 7 10 14 16 20 22 23 26
2 7 77 132 179 240 305 362 417 476 518 559 2 4 5 6 6 7 11 13 14 14
2 8 69 130 179 255 330 374 429 518 582 647 6 8 8 10 11 11 11 12 13 13
2 9 75 136 199 262 316 399 446 497 556 616 1 4 5 7 9 12 13 13 14 14
2 10 90 144 201 264 317 378 434 482 548 593 2 3 3 7 11 12 16 19 21 22
3 0 75 134 202 277 341 397 437 496 568 645 3 4 5 7 12 13 14 15 15 15
3 1 64 94 147 208 253 301 364 414 475 518 4 5 8 11 13 16 20 21 23 24
3 2 62 110 152 203 249 307 356 429 490 558 2 2 4 4 4 6 7 10 13 17
3 3 47 118 184 253 318 374 442 489 562 619 1 4 5 7 8 9 12 13 14 15
3 4 89 158 236 278 335 384 441 481 549 609 3 6 6 8 13 15 20 20 20 21
3 5 70 130 198 261 307 375 431 483 544 614 3 6 8 10 11 13 15 16 18 20
3 6 82 150 213 278 350 409 454 507 567 615 5 6 9 11 16 19 22 23 23 25
3 7 67 134 205 275 332 398 444 497 550 610 4 6 10 13 13 15 17 21 22 25
3 8 66 113 180 244 294 354 435 493 533 589 5 6 7 9 12 14 14 19 22 23
3 9 72 138 201 258 306 344 398 464 523 586 2 4 6 7 9 10 11 12 15 16
3 10 69 130 190 252 317 384 426 475 529 586 1 1 5 7 7 10 11 12 13 15
4 0 78 160 218 276 337 398 458 515 591 645 5 6 6 10 13 15 19 22 26 27
4 1 74 140 205 269 326 397 447 508 555 622 2 5 7 9 11 14 14 14 18 22
4 2 59 122 186 242 307 370 432 506 576 628 4 7 9 10 11 12 12 15 20 22
4 3 75 144 216 280 359 419 473 543 598 655 4 4 7 9 12 13 14 17 19 22
4 4 65 131 182 251 316 365 405 463 531 601 3 4 8 10 12 17 20 23 27 32
4 5 83 152 216 288 344 406 451 491 557 624 0 1 2 4 7 8 9 10 12 13
4 6 61 119 183 241 304 366 431 505 579 614 1 1 3 6 7 9 10 15 16 16
4 7 83 152 207 271 344 402 450 495 541 603 1 7 10 11 12 13 14 15 17 19
4 8 72 127 185 240 321 371 446 501 551 605 9 14 14 15 17 20 22 26 28 29
4 9 72 147 217 282 335 403 458 513 578 625 2 6 10 12 14 15 15 17 18 18
4 10 60 114 195 259 325 386 443 503 560 623 4 6 10 11 11 12 14 17 18 20
5 0 69 139 198 262 326 393 441 493 544 592 4 7 11 14 15 18 19 19 22 28
5 1 61 119 185 245 309 365 427 488 561 627 4 5 6 8 11 11 12 14 15 17
5 2 74 125 186 248 303 370 438 492 540 584 5 7 10 13 17 18 19 21 22 23
5 3 90 145 201 273 323 380 435 504 582 629 2 2 3 6 6 10 11 11 11 12
5 4 70 145 205 266 325 381 444 513 577 640 2 4 4 6 6 8 8 13 15 18
5 5 60 128 200 265 317 361 425 482 549 599 2 5 6 6 8 8 9 11 14 16
5 6 67 139 204 258 314 366 436 510 555 619 3 7 7 10 12 15 19 21 22 24
5 7 73 135 198 260 306 365 435 491 545 608 2 5 7 9 11 15 17 18 18 20
5 8 71 139 197 261 307 388 432 493 568 633 3 4 6 10 10 12 12 16 17 18
5 9 66 119 181 239 300 358 413 482 544 606 4 6 8 8 9 10 10 11 12 15
5 10 71 143 220 273 330 402 441 476 525 555 7 9 11 12 14 15 16 18 18 18
6 0 78 128 180 248 303 356 429 486 546 605 5 11 15 18 21 22 25 27 31 35
6 1 74 139 193 253 304 370 439 491 572 625 2 3 5 8 11 12 15 19 23 24
6 2 67 123 190 247 316 374 439 518 567 631 2 4 6 6 9 13 13 13 16 21
6 3 68 117 169 230 279 339 403 462 514 571 2 5 6 9 12 15 18 19 20 21
6 4 59 111 169 226 283 342 402 460 518 593 4 6 7 8 8 12 16 18 19 22
6 5 63 113 175 222 295 341 382 419 486 544 4 6 8 8 11 13 17 19 19 21
6 6 70 122 170 235 294 333 398 437 496 544 3 5 5 8 9 9 11 11 16 19
6 7 81 145 198 258 332 404 451 496 550 595 4 5 6 8 9 11 13 14 15 15
6 8 82 148 206 262 319 391 465 506 561 615 2 2 3 4 7 11 14 15 19 20
6 9 69 119 175 234 285 353 406 460 525 583 2 6 9 10 11 14 14 16 23 23
6 10 70 140 202 270 339 402 452 513 583 639 5 8 8 8 14 15 15 15 17 18
7 0 77 146 212 277 328 401 470 519 566 617 2 4 9 10 12 13 14 15 18 20
7 1 66 135 206 271 336 405 470 529 597 652 1 4 6 8 10 10 11 15 16 18
7 2 77 130 175 239 303 358 410 473 535 588 3 7 9 10 12 13 14 16 18 18
7 3 76 119 179 250 314 373 431 509 575 625 0 0 4 7 10 14 16 16 18 20
7 4 70 145 206 273 320 394 445 506 553 591 3 5 7 10 10 11 12 16 20 22
7 5 70 132 178 229 289 344 398 462 535 603 2 5 11 11 14 17 18 18 21 25
7 6 70 138 174 228 305 367 425 476 522 600 4 6 7 7 10 13 14 17 20 23
7 7 63 112 179 243 288 348 402 462 515 588 4 5 6 7 8 11 13 13 14 15
7 8 63 137 196 239 302 352 396 442 490 524 1 4 6 7 10 12 13 14 15 15
7 9 78 146 201 259 322 367 419 476 524 582 3 5 5 8 10 12 12 13 13 16
7 10 77 157 220 285 334 406 465 528 593 644 3 3 5 7 9 11 11 13 13 13
8 0 81 140 195 277 344 416 488 554 615 680 4 7 8 11 13 16 20 20 20 21
8 1 73 152 212 272 326 397 454 504 556 623 1 3 6 8 10 12 13 14 14 16
8 2 66 129 203 249 295 361 416 480 546 602 4 10 11 14 15 15 17 22 23 27
8 3 76 135 196 252 330 393 444 504 551 607 5 6 7 9 11 15 18 18 19 21
8 4 68 129 185 243 289 338 412 479 555 603 2 4 5 6 8 10 12 15 16 17
8 5 82 138 187 231 286 363 417 483 539 599 6 6 6 7 8 8 8 9 10 11
8 6 79 150 213 275 342 409 473 537 606 649 2 5 7 8 9 9 9 11 13 15
8 7 80 153 202 248 312 366 431 469 538 594 2 3 6 9 10 11 14 15 20 21
8 8 64 113 172 237 296 357 419 474 520 567 2 6 8 9 11 13 14 14 14 15
8 9 62 134 188 253 322 376 435 491 528 587 3 5 7 7 8 8 8 11 12 12
8 10 76 116 173 244 306 375 427 467 533 573 0 1 2 6 7 9 11 12 13 16
9 0 80 154 211 263 339 392 450 507 567 649 3 4 5 5 5 6 7 7 10 11
9 1 76 125 197 262 326 383 445 516 583 643 2 3 6 9 9 10 14 16 16 16
9 2 74 122 170 225 299 367 431 479 541 604 1 1 4 6 8 9 12 13 15 17
9 3 65 136 198 255 323 371 420 467 532 580 2 2 6 6 7 8 11 14 18 20
9 4 57 100 176 249 298 352 418 466 532 592 1 2 7 9 11 14 16 19 20 22
9 5 74 131 191 255 311 372 425 489 548 612 1 4 7 8 13 15 16 19 20 25
9 6 69 127 194 255 298 354 392 467 519 563 1 4 5 6 7 9 10 11 12 14
9 7 95 158 225 285 341 405 462 526 580 623 5 6 7 8 10 15 15 16 18 22
9 8 87 163 228 288 328 371 409 464 525 593 2 6 7 12 12 13 13 16 16 19
9 9 83 142 193 253 292 344 407 440 482 526 4 5 7 8 9 10 13 15 16 16
9 10 81 156 228 292 358 414 456 501 561 607 5 7 9 11 14 14 14 16 16 17
10 0 77 127 183 250 319 377 437 493 552 632 5 7 9 15 18 20 24 26 28 29
10 1 66 128 180 242 311 363 418 466 517 591 3 3 3 3 3 3 3 4 8 9
10 2 62 116 170 252 302 357 414 468 547 601 4 5 5 7 11 13 18 19 22 24
10 3 74 116 177 241 275 339 406 483 536 598 2 4 7 11 12 14 16 18 20 23
10 4 74 146 205 266 332 383 440 503 555 628 2 2 3 3 4 4 4 4 4 5
10 5 71 125 182 231 281 325 382 449 510 581 2 4 7 10 12 14 15 17 17 17
10 6 78 165 236 318 399 457 491 543 598 661 2 5 5 7 7 10 11 11 12 14
10 7 80 162 221 284 335 385 449 495 560 625 5 7 10 10 11 13 16 18 18 20
10 8 81 158 237 288 347 392 430 516 588 652 1 3 7 9 10 12 13 16 16 16
10 9 67 116 165 239 299 363 424 481 538 575 1 3 4 5 6 6 7 9 9 9
10 10 66 131 190 242 296 349 401 447 493 555 2 2 2 6 7 9 9 9 9 11