0 0 70 135 193 240 315 384 445 498 572 639 3 6 9 11 11 11 14 15 20 24
0 1 73 126 179 247 311 378 442 503 561 612 3 4 7 9 9 10 14 18 20 21
0 2 61 132 207 258 333 396 469 540 593 680 3 7 13 15 16 16 19 19 25 26
0 3 69 125 202 254 334 390 452 518 584 660 5 7 12 17 19 20 21 25 27 28
0 4 73 121 192 258 328 389 431 492 590 661 1 3 8 10 11 14 17 18 23 25
0 5 71 128 202 273 349 417 465 522 594 657 2 4 5 10 11 11 12 15 17 18
0 6 70 125 183 243 303 389 453 529 597 666 2 3 3 8 10 10 10 12 14 16
0 7 78 154 220 290 351 418 481 539 599 660 1 1 5 8 13 17 22 24 25 26
0 8 69 143 189 268 332 400 464 515 573 627 5 7 7 13 15 18 20 23 24 28
0 9 73 149 214 277 340 383 447 507 551 609 4 10 13 13 13 14 18 18 20 23
0 10 68 132 205 280 350 418 488 542 585 642 4 8 9 13 17 22 24 25 25 30
1 0 68 126 163 225 300 360 427 489 535 598 3 3 4 8 9 9 9 9 11 12
1 1 77 120 179 234 283 346 411 471 532 582 3 4 8 10 11 12 17 18 21 21
1 2 83 160 225 285 342 401 452 507 564 635 4 5 9 10 15 16 18 18 21 22
1 3 68 122 186 251 305 353 404 468 532 581 2 4 9 10 11 11 14 15 18 18
1 4 69 135 194 242 291 354 410 451 526 574 5 9 14 17 18 19 20 23 26 27
1 5 78 125 182 223 275 338 400 470 536 585 6 10 13 13 14 17 20 24 29 30
1 6 79 138 184 261 328 400 453 508 566 614 5 9 11 14 17 22 25 27 29 29
1 7 78 136 195 246 318 373 438 498 548 610 3 3 4 5 9 10 11 12 12 12
1 8 65 133 188 244 292 348 408 461 526 561 2 5 7 9 10 11 15 15 16 16
1 9 71 143 209 267 325 383 438 503 546 623 4 7 15 17 24 26 28 31 32 33
1 10 76 146 188 262 341 397 450 505 552 597 4 4 5 7 10 11 13 13 13 13
2 0 69 142 189 258 317 354 427 498 547 619 3 3 5 6 9 10 11 13 15 15
2 1 72 128 194 244 317 387 442 514 571 627 1 4 6 9 12 13 15 17 17 18
2 2 67 134 195 264 339 405 454 506 563 617 3 3 3 4 5 9 12 13 17 20
2 3 56 122 203 279 346 403 469 524 577 641 5 8 10 15 16 16 18 19 21 26
2 4 86 146 221 294 348 400 466 530 591 643 5 7 8 9 11 13 14 15 16 17
2 5 67 140 193 271 333 393 452 516 578 633 3 7 8 12 18 20 23 25 25 28
2 6 64 116 179 253 330 398 445 502 573 643 1 6 10 11 11 12 13 13 16 19
2 7 75 134 213 257 324 375 442 494 554 617 4 7 7 8 9 10 12 12 13 16
2 8 82 139 206 267 344 396 462 517 585 635 2 3 4 6 7 9 10 11 15 16
2 9 64 128 202 276 319 380 453 511 558 595 3 5 7 11 11 13 16 16 17 17
2 10 104 154 229 287 350 411 484 540 583 633 6 8 11 14 18 21 21 24 25 26
3 0 65 116 192 238 287 342 402 456 496 536 2 3 6 7 9 10 10 11 14 18
3 1 68 139 198 271 343 404 459 534 607 670 2 3 7 10 13 18 19 21 26 27
3 2 74 148 195 255 304 371 437 504 554 618 4 6 7 10 10 11 12 13 14 14
3 3 62 145 210 270 341 404 456 523 566 634 1 4 7 9 9 11 11 12 14 18
3 4 67 114 169 236 300 351 424 492 534 601 2 3 5 7 7 9 11 13 15 19
3 5 58 125 176 243 300 373 433 502 557 623 1 4 5 6 8 10 11 12 13 14
3 6 63 141 201 272 299 352 412 476 521 568 1 2 4 8 9 10 10 10 11 11
3 7 80 161 212 305 352 411 475 539 600 650 3 11 15 20 21 22 26 27 29 33
3 8 62 128 212 273 343 393 454 501 552 603 3 8 14 18 19 19 21 22 25 25
3 9 72 134 186 247 313 355 409 456 526 570 4 6 9 12 15 15 16 17 18 19
3 10 68 131 203 245 299 357 417 477 543 587 5 10 13 13 13 15 17 18 19 23
4 0 72 138 202 267 328 400 459 520 566 627 3 4 6 8 13 15 17 18 22 23
4 1 63 108 182 252 309 351 410 471 528 587 3 7 12 14 17 18 23 27 30 31
4 2 74 164 241 301 360 428 492 561 632 693 3 6 10 11 14 16 17 19 21 23
4 3 80 142 187 242 263 315 366 414 474 534 4 6 7 9 11 13 15 18 20 21
4 4 55 122 179 238 300 349 412 459 523 596 2 8 9 11 13 15 19 20 24 29
4 5 73 147 223 290 346 404 466 525 574 647 8 10 13 19 22 24 26 29 29 32
4 6 79 143 186 247 296 341 387 452 517 580 1 2 3 6 10 12 13 16 18 19
4 7 74 135 219 282 340 391 461 530 579 631 3 3 3 4 8 10 13 13 14 15
4 8 67 149 210 273 319 390 462 522 580 629 4 7 8 11 11 11 13 14 15 15
4 9 69 135 187 233 291 354 410 464 523 573 4 6 7 8 9 10 13 15 16 17
4 10 72 127 168 243 295 343 407 463 520 565 3 6 9 11 13 14 15 17 17 17
5 0 70 137 201 248 308 379 440 495 545 610 4 4 9 11 11 11 12 13 16 17
5 1 75 134 186 264 333 408 466 523 571 640 2 5 8 11 12 15 16 18 20 23
5 2 70 133 203 266 326 381 445 483 542 594 1 1 6 8 10 12 13 14 15 17
5 3 76 140 194 254 320 389 446 502 557 627 4 8 10 13 16 18 19 19 22 23
5 4 63 124 194 262 333 381 444 497 538 590 4 11 15 17 18 20 20 21 24 25
5 5 64 131 192 237 293 348 398 461 502 568 2 5 9 11 13 15 16 18 19 22
5 6 55 120 181 244 297 346 395 445 485 554 2 3 4 7 9 10 10 13 14 16
5 7 66 142 187 242 288 348 404 462 515 557 1 3 4 7 7 7 8 8 9 9
5 8 76 138 195 247 318 373 436 498 562 615 2 5 6 7 10 10 17 19 21 22
5 9 67 132 191 236 292 346 401 433 492 553 5 7 7 7 7 8 8 9 11 11
5 10 71 123 185 252 317 380 454 493 551 607 5 6 8 10 11 13 14 15 15 19
6 0 80 155 230 283 340 408 475 544 621 699 1 2 2 5 6 7 9 10 12 13
6 1 71 136 198 269 333 396 449 523 596 654 0 0 3 6 8 12 12 13 17 22
6 2 68 130 188 230 298 353 417 469 528 601 2 2 5 6 11 13 15 18 18 19
6 3 72 136 194 263 309 356 421 481 541 602 3 6 8 9 9 10 11 13 15 18
6 4 58 132 192 260 346 399 449 508 553 604 1 4 5 7 8 8 8 8 9 10
6 5 78 136 195 266 335 374 420 468 523 600 4 6 9 11 13 15 15 15 18 18
6 6 68 124 175 226 288 348 415 452 520 597 1 2 4 5 7 8 10 11 12 13
6 7 75 123 192 254 317 391 436 488 547 607 1 2 3 4 6 10 11 12 14 15
6 8 59 138 220 282 337 393 443 488 549 584 2 3 6 7 11 12 14 15 16 17
6 9 63 131 191 272 335 398 442 487 561 635 3 5 5 7 11 11 11 13 15 19
6 10 52 108 170 230 275 332 390 419 465 530 3 5 6 7 8 10 10 11 13 16
7 0 62 132 206 261 315 381 430 503 562 626 3 4 6 8 11 15 16 19 21 24
7 1 77 155 224 281 359 432 490 576 636 702 1 1 1 2 3 6 8 11 14 16
7 2 69 135 199 247 321 374 439 486 554 605 6 6 7 10 11 12 14 17 22 24
7 3 88 158 234 301 354 404 426 491 543 591 6 6 8 9 9 10 12 14 14 16
7 4 77 143 194 242 305 374 435 477 524 587 4 5 5 9 12 14 17 18 19 19
7 5 90 153 213 266 336 403 458 530 602 665 3 5 8 9 9 9 12 12 16 17
7 6 64 125 190 247 314 356 384 442 484 549 2 2 4 6 7 12 13 14 16 16
7 7 77 139 209 273 318 382 437 503 548 577 3 6 7 10 10 10 10 11 13 13
7 8 80 129 173 226 290 344 403 464 522 584 3 5 8 9 15 17 19 22 23 23
7 9 64 128 195 250 301 349 420 475 534 580 3 6 10 14 16 17 18 19 20 21
7 10 66 111 177 262 340 401 451 516 559 621 3 4 7 10 12 12 14 17 20 21
8 0 64 129 197 261 301 376 435 513 572 637 6 11 12 12 13 14 18 18 19 20
8 1 60 133 192 250 319 378 438 505 573 626 1 4 4 7 7 10 11 12 16 17
8 2 61 127 175 241 310 386 461 508 571 625 1 1 2 4 9 12 14 17 17 18
8 3 47 109 171 223 287 341 390 440 509 561 4 9 11 13 17 17 19 22 23 25
8 4 68 131 183 245 286 338 386 453 514 570 5 10 11 11 11 12 12 15 18 20
8 5 79 138 201 248 298 367 405 455 530 593 4 8 11 11 12 14 14 17 19 21
8 6 81 153 204 272 336 398 439 513 575 626 4 5 6 7 9 11 12 14 16 18
8 7 71 127 190 226 303 387 433 492 555 593 3 3 5 5 5 9 11 12 13 16
8 8 79 146 214 274 331 376 432 483 536 601 4 6 8 9 10 12 13 16 18 19
8 9 82 153 198 256 308 371 428 479 539 585 3 7 7 8 10 10 11 14 16 16
8 10 68 139 191 254 291 340 375 406 463 525 1 3 6 7 7 7 8 8 12 14
9 0 74 139 202 268 319 389 451 506 562 622 2 3 4 4 6 11 14 16 17 18
9 1 80 147 195 239 306 359 446 513 568 636 4 6 8 11 11 12 14 16 17 20
9 2 65 132 194 260 325 371 437 490 556 607 3 3 7 12 14 15 16 18 22 23
9 3 64 136 202 267 337 401 467 534 591 650 3 5 6 8 8 10 13 15 17 18
9 4 75 122 179 219 296 348 400 444 501 543 3 5 5 9 14 16 18 19 19 20
9 5 58 114 171 223 276 335 373 446 512 589 4 8 10 12 16 16 19 21 22 23
9 6 71 143 202 272 331 406 453 516 564 636 5 6 10 11 11 11 11 12 13 14
9 7 75 130 183 238 287 337 391 448 500 547 5 9 10 14 16 17 22 24 28 28
9 8 73 119 186 240 298 351 399 468 496 538 6 9 11 11 13 13 14 19 19 20
9 9 73 146 197 264 313 387 454 504 556 599 8 11 12 13 14 14 14 18 18 18
9 10 62 140 189 226 276 327 389 457 508 548 0 6 8 8 12 13 13 15 18 19
10 0 71 127 198 262 358 413 464 537 599 664 1 3 6 9 12 15 16 17 19 19
10 1 48 121 166 243 313 374 447 504 559 606 1 1 1 2 2 3 6 7 11 14
10 2 76 146 198 267 305 369 419 470 529 568 4 7 8 9 14 20 23 24 25 25
10 3 74 143 198 248 313 369 425 480 533 597 1 4 9 9 12 13 15 16 18 18
10 4 77 146 189 240 314 366 440 504 565 609 0 1 1 2 3 4 10 10 11 12
10 5 63 131 199 235 295 356 409 459 513 567 2 3 5 6 8 10 15 20 21 21
10 6 82 134 212 263 317 369 414 474 539 608 3 6 7 7 7 8 8 10 14 17
10 7 61 116 193 230 298 355 440 516 581 641 3 4 6 7 9 10 11 13 14 15
10 8 58 119 184 232 288 343 384 440 510 571 0 4 5 6 7 9 10 10 14 16
10 9 76 147 211 282 333 372 434 503 534 552 4 6 7 11 12 12 13 16 17 17
10 10 58 109 174 233 283 344 403 461 507 549 2 4 8 9 10 10 11 13 13 15