0 0 70 123 187 244 298 370 439 506 572 644 2 3 5 9 10 12 14 16 17 20
0 1 93 159 231 321 404 457 509 581 635 695 3 3 5 6 7 10 10 12 14 14
0 2 60 138 198 254 316 358 412 478 525 583 1 2 3 5 6 7 10 12 15 18
0 3 72 134 201 263 337 392 457 530 593 654 5 11 16 18 19 21 24 27 33 36
0 4 57 127 184 250 312 376 453 505 574 638 4 6 6 9 11 15 18 19 23 24
0 5 84 145 196 250 309 361 411 481 560 630 1 5 5 7 8 8 9 10 12 17
0 6 62 95 152 213 268 336 410 466 520 598 2 2 8 12 14 17 20 22 22 24
0 7 78 157 215 257 327 397 472 522 576 632 7 12 17 20 25 27 31 34 36 38
0 8 66 132 182 236 312 403 475 538 610 665 1 3 4 7 9 16 18 22 24 24
0 9 62 133 212 296 368 425 477 549 606 665 1 6 7 9 11 15 17 20 22 24
0 10 77 139 206 281 340 412 476 530 595 642 6 9 11 14 16 19 19 22 25 26
1 0 71 146 213 271 321 370 437 514 561 628 7 8 8 10 15 18 21 23 24 29
1 1 47 110 184 251 318 373 440 517 575 633 2 3 7 9 9 9 11 15 18 22
1 2 82 136 204 263 326 398 454 501 568 605 4 6 8 11 11 14 17 19 22 23
1 3 71 157 230 293 365 419 490 558 626 682 1 3 4 6 8 12 12 14 18 20
1 4 63 120 191 253 325 379 429 492 535 595 2 4 5 7 8 11 14 14 15 16
1 5 72 166 225 284 341 408 483 534 604 658 4 9 13 15 16 17 22 23 25 28
1 6 47 101 169 228 269 324 381 429 488 538 2 4 8 9 10 12 15 15 16 17
1 7 73 131 193 236 287 352 413 484 554 608 2 4 4 6 8 9 9 9 10 11
1 8 77 145 196 256 313 375 422 468 526 584 2 2 2 3 6 9 10 14 15 16
1 9 66 134 196 242 298 344 396 458 522 579 1 3 7 7 9 10 10 11 13 15
1 10 56 115 168 232 300 353 411 479 547 617 5 7 11 11 17 21 23 24 26 32
2 0 68 132 191 255 316 371 418 486 547 625 5 7 8 10 10 12 14 17 18 20
2 1 78 120 182 249 313 387 456 519 592 643 2 4 5 5 8 9 13 13 15 17
2 2 74 135 196 257 297 350 422 485 555 594 1 2 5 6 8 8 10 14 15 18
2 3 85 139 200 254 315 386 443 503 555 624 4 6 8 9 10 11 13 17 18 22
2 4 86 158 230 299 356 435 499 551 610 662 3 4 9 10 12 13 15 15 15 16
2 5 70 126 198 253 305 371 426 490 533 595 3 6 7 9 13 14 14 18 20 23
2 6 67 149 214 284 336 393 449 497 550 603 1 4 8 12 12 13 14 17 19 20
2 7 72 135 178 241 289 342 407 463 511 575 4 6 6 8 10 14 15 15 15 18
2 8 63 126 176 230 309 382 453 512 562 596 2 4 5 7 7 9 12 12 13 15
2 9 81 136 201 266 321 385 448 525 598 655 2 5 5 5 6 9 11 12 13 14
2 10 72 139 190 246 328 386 432 511 556 612 3 4 6 11 13 14 17 18 21 22
3 0 74 150 229 290 363 413 486 551 598 663 5 8 11 15 17 17 18 19 19 19
3 1 61 134 185 237 296 342 394 439 491 565 2 3 3 3 4 9 11 13 14 16
3 2 55 113 180 252 309 378 434 497 557 613 1 2 8 10 13 15 15 18 21 25
3 3 72 139 199 252 322 373 435 491 548 587 1 2 3 4 9 9 11 13 15 16
3 4 67 109 177 239 307 368 432 480 546 611 1 1 2 4 5 6 7 8 8 8
3 5 77 158 228 295 357 428 492 544 614 656 8 8 11 12 14 18 21 23 25 25
3 6 79 136 191 263 326 379 452 511 593 646 2 4 6 6 6 8 9 10 11 12
3 7 66 128 183 245 320 382 427 477 511 570 4 4 7 8 11 12 12 14 14 14
3 8 71 126 194 250 301 348 404 435 464 520 3 5 9 11 13 18 19 22 22 25
3 9 59 122 196 253 317 374 429 489 559 614 2 2 3 5 6 9 9 9 9 10
3 10 90 151 235 293 329 379 448 505 578 635 1 2 5 7 7 7 8 13 13 20
4 0 73 138 206 256 315 383 441 491 554 607 6 11 14 15 15 15 15 15 16 17
4 1 58 119 188 255 327 384 458 522 584 634 2 4 4 5 5 7 12 13 14 16
4 2 79 144 212 258 319 400 466 537 603 672 6 6 7 7 8 11 14 19 22 26
4 3 69 122 176 242 302 347 416 476 541 590 3 7 8 9 14 14 14 15 17 19
4 4 66 131 183 250 303 372 433 477 517 589 1 3 5 6 7 9 10 12 13 16
4 5 86 147 219 266 333 394 452 505 568 638 3 7 10 15 15 18 19 22 24 28
4 6 72 132 177 232 296 340 396 443 520 571 2 4 6 8 9 10 11 11 11 13
4 7 70 130 200 273 337 390 450 499 552 611 6 7 9 15 17 18 21 21 24 24
4 8 90 143 189 241 301 362 421 472 529 589 4 5 7 8 8 9 11 11 13 15
4 9 63 109 170 224 279 354 418 463 525 582 3 8 11 12 16 20 23 24 24 26
4 10 67 134 194 257 317 359 411 464 505 559 6 13 15 17 20 21 22 27 27 28
5 0 63 134 189 265 332 396 475 550 625 690 0 3 4 7 13 17 19 19 21 25
5 1 76 136 208 268 309 367 419 487 549 595 2 4 5 6 6 12 13 14 16 19
5 2 75 145 199 251 319 389 456 527 585 650 0 5 7 8 10 14 18 20 21 25
5 3 67 150 221 295 361 430 481 543 603 659 3 5 7 9 10 12 15 15 17 19
5 4 70 148 217 276 332 379 432 502 561 617 1 2 4 8 10 10 11 13 14 16
5 5 68 137 194 273 326 391 443 485 543 596 5 5 9 11 13 15 16 19 21 22
5 6 88 152 218 291 342 410 484 551 595 659 2 6 7 8 9 10 12 13 14 16
5 7 72 126 192 240 302 363 429 476 536 579 1 5 8 8 9 13 13 14 15 16
5 8 79 136 191 250 304 349 413 468 550 614 3 5 7 8 9 12 15 16 18 18
5 9 57 124 178 223 282 343 372 430 483 550 3 5 10 11 13 14 15 15 16 16
5 10 81 145 204 240 294 337 381 441 480 534 3 5 8 10 13 14 16 17 22 22
6 0 77 143 192 253 319 377 468 539 603 674 5 6 7 8 12 13 18 18 20 22
6 1 70 133 187 257 320 393 453 512 580 630 4 8 10 10 12 13 17 18 21 23
6 2 54 110 185 240 307 367 409 469 535 587 2 3 6 8 9 13 15 19 23 26
6 3 83 159 226 301 356 402 470 527 600 657 3 4 5 5 5 5 6 11 12 13
6 4 66 141 214 268 338 393 448 496 549 612 5 7 12 15 18 19 20 23 23 29
6 5 59 108 160 223 287 343 396 435 501 564 4 8 11 12 12 13 16 17 19 19
6 6 64 129 188 249 308 361 412 457 533 600 4 8 10 12 16 17 19 22 24 26
6 7 66 133 203 249 305 368 436 471 534 579 1 2 4 4 5 5 7 8 12 13
6 8 73 130 197 265 322 389 451 514 555 595 2 4 5 5 6 7 8 9 10 10
6 9 81 158 233 287 353 399 457 521 583 635 1 4 5 5 6 8 9 11 11 14
6 10 92 156 198 276 333 375 446 501 559 613 4 5 9 10 12 14 15 17 22 23
7 0 59 120 186 241 283 339 394 450 527 599 3 3 4 7 8 10 10 15 16 17
7 1 74 132 198 254 313 371 424 473 531 592 8 10 11 14 15 17 19 19 19 22
7 2 70 141 199 275 326 391 435 489 561 627 1 1 1 3 3 5 7 7 9 11
7 3 89 166 214 286 354 403 474 530 606 683 4 8 9 13 15 17 17 19 22 26
7 4 74 143 215 263 328 400 443 488 542 591 2 3 5 6 7 9 9 10 11 13
7 5 75 143 202 278 341 397 454 528 587 653 1 2 6 9 14 15 17 21 23 24
7 6 72 132 193 254 294 358 421 482 544 611 4 9 9 12 14 14 15 16 18 20
7 7 71 126 188 241 287 347 418 472 536 596 1 2 5 6 6 8 10 10 10 12
7 8 66 139 189 238 292 334 378 437 493 559 4 6 8 9 11 14 16 17 18 19
7 9 49 121 186 239 302 366 420 457 505 559 3 9 9 11 12 14 15 15 15 16
7 10 78 128 181 249 322 390 448 502 551 621 0 0 0 2 3 5 10 13 13 16
8 0 58 119 173 243 307 376 450 508 575 632 3 4 6 8 11 11 13 14 16 17
8 1 77 155 218 265 309 379 435 472 536 616 1 2 4 5 6 8 8 9 9 11
8 2 59 134 177 248 314 369 424 480 537 593 1 4 6 7 8 9 9 12 17 17
8 3 82 139 204 271 319 399 447 516 570 633 3 4 6 8 10 11 11 12 16 18
8 4 57 127 184 251 321 385 440 501 563 621 3 6 9 10 11 12 17 17 19 19
8 5 64 139 206 253 316 359 432 495 543 592 5 7 7 8 9 11 13 15 16 16
8 6 75 134 186 230 305 362 395 440 484 529 2 4 7 9 10 11 11 13 16 16
8 7 68 121 171 252 296 361 406 464 535 593 0 2 5 8 8 8 8 11 13 13
8 8 61 108 165 219 289 348 421 453 518 576 1 3 6 8 9 11 12 12 12 13
8 9 72 140 197 265 324 372 412 475 523 559 2 3 4 6 9 9 11 12 12 13
8 10 60 131 195 254 311 368 425 469 535 582 2 8 11 11 11 12 12 13 13 14
9 0 69 137 196 272 341 409 461 521 586 647 3 4 5 6 6 8 9 9 11 14
9 1 80 146 223 307 367 436 493 550 628 702 5 7 12 13 15 19 20 24 27 28
9 2 61 124 192 258 326 396 453 508 573 638 3 5 9 11 12 16 17 22 25 30
9 3 60 118 173 208 271 330 410 486 541 587 3 4 5 6 9 12 13 15 18 19
9 4 79 126 191 250 304 364 430 491 552 621 0 0 3 4 4 6 8 10 10 14
9 5 55 111 166 223 285 354 407 455 515 571 3 3 7 9 15 21 21 22 23 26
9 6 69 127 189 249 302 373 433 490 559 642 4 6 10 11 11 13 16 17 21 22
9 7 52 114 181 242 302 359 431 501 549 628 4 6 8 12 13 15 15 17 19 19
9 8 64 123 186 244 296 362 401 452 509 561 3 8 10 12 13 15 15 15 18 19
9 9 68 124 196 239 304 360 409 469 512 571 1 4 7 8 9 11 13 16 17 21
9 10 63 127 184 238 294 328 380 426 481 529 3 4 6 10 11 11 14 14 18 20
10 0 77 158 219 278 352 419 479 532 586 640 4 5 9 10 10 13 14 17 18 19
10 1 75 157 217 281 348 404 465 526 592 634 2 2 5 5 6 7 7 9 10 13
10 2 63 141 193 240 310 376 432 484 566 632 1 8 9 14 15 16 16 18 19 20
10 3 84 160 226 302 350 413 465 533 597 667 4 5 8 11 11 12 14 14 15 18
10 4 74 122 180 228 271 322 389 441 499 540 4 5 6 6 10 12 13 19 24 27
10 5 65 123 183 255 304 369 424 471 516 578 0 1 8 9 11 14 16 18 19 22
10 6 71 130 204 260 309 377 440 501 569 633 4 7 7 9 11 12 16 18 21 23
10 7 73 141 196 259 336 387 449 501 562 602 2 7 9 12 14 15 16 18 18 19
10 8 56 106 155 216 278 331 410 460 499 576 1 2 5 6 7 8 12 12 13 16
10 9 66 136 177 229 301 356 429 493 557 619 3 5 10 10 13 13 15 20 23 24
10 10 64 127 182 253 322 379 444 494 539 598 3 4 4 6 7 9 10 12 12 16