0 0 53 114 181 251 309 387 438 500 569 638 3 4 4 7 8 10 14 19 19 19
0 1 69 135 210 283 353 420 491 560 632 690 3 6 6 8 11 15 19 21 22 28
0 2 77 126 199 267 336 415 475 534 591 655 2 5 8 10 13 16 19 22 23 26
0 3 82 145 228 290 352 410 465 539 607 655 2 3 5 7 10 11 13 17 19 22
0 4 79 132 212 280 335 408 469 552 618 669 2 5 7 9 11 11 16 17 18 20
0 5 86 141 198 282 370 439 502 571 630 688 2 4 7 10 15 18 19 21 23 27
0 6 70 130 213 268 334 383 446 517 579 652 7 8 12 13 14 15 18 19 19 20
0 7 89 158 233 296 373 425 482 550 609 672 2 6 7 9 10 11 14 15 18 22
0 8 64 139 191 263 334 403 476 535 589 657 4 8 8 9 12 13 17 20 20 23
0 9 81 138 218 288 355 426 479 540 611 684 1 1 3 8 11 14 17 17 20 22
0 10 70 149 211 267 328 402 455 535 586 646 3 5 5 7 7 9 12 12 13 13
1 0 69 136 184 231 305 381 436 490 548 599 1 1 2 3 3 4 7 8 8 11
1 1 66 127 195 273 352 415 480 552 611 678 2 8 12 13 19 21 25 27 29 31
1 2 70 116 169 229 291 342 378 436 493 558 4 5 8 8 9 10 12 12 13 18
1 3 69 140 206 260 313 377 443 510 565 642 6 8 8 8 12 16 17 23 24 25
1 4 59 120 168 228 266 321 373 446 505 563 3 3 5 6 6 8 10 13 15 16
1 5 80 139 206 279 341 400 479 537 613 689 3 4 4 6 9 9 9 12 15 20
1 6 52 113 181 242 317 367 446 517 596 652 3 4 7 9 10 12 12 12 14 16
1 7 77 155 219 265 317 375 437 505 566 628 4 8 10 11 14 17 21 21 21 22
1 8 71 133 189 262 318 396 469 550 610 650 5 7 8 16 21 23 26 28 31 33
1 9 76 136 179 223 281 351 425 499 546 609 5 6 9 11 12 15 18 21 22 27
1 10 64 131 191 258 305 363 410 461 509 573 6 10 10 11 11 14 14 14 16 19
2 0 52 112 182 255 313 369 430 489 545 598 4 6 11 12 13 14 17 17 17 19
2 1 56 117 192 268 323 398 468 535 604 655 2 5 7 8 9 10 15 15 15 16
2 2 72 133 196 274 333 392 442 502 559 626 4 7 9 9 12 13 15 19 20 21
2 3 66 144 199 266 316 379 453 508 570 630 4 6 7 10 13 15 17 20 20 21
2 4 72 125 208 272 330 379 436 484 543 610 1 3 6 7 8 8 12 12 12 14
2 5 71 144 198 243 298 375 456 516 587 641 6 12 13 14 16 18 18 20 23 28
2 6 72 131 185 249 331 400 450 510 564 614 1 4 4 8 13 16 18 23 23 24
2 7 66 139 199 261 315 368 416 479 541 588 2 4 6 7 9 11 13 14 15 15
2 8 70 138 195 255 295 375 433 486 542 613 2 3 5 5 5 8 8 11 15 16
2 9 81 158 225 279 342 386 438 493 539 611 5 8 9 14 15 18 19 24 26 29
2 10 77 139 204 259 317 382 459 516 587 653 3 6 8 9 10 14 15 16 17 21
3 0 77 153 227 285 353 418 485 530 592 651 3 4 6 7 7 11 13 16 16 17
3 1 76 143 198 254 308 380 445 522 568 633 1 5 6 8 9 10 12 14 15 15
3 2 56 120 188 241 315 385 436 502 549 612 5 8 12 15 18 21 23 25 28 30
3 3 69 132 201 269 321 374 420 486 523 581 8 10 14 17 20 23 24 24 26 26
3 4 60 126 190 244 306 382 432 476 543 593 1 2 2 3 4 6 7 8 10 12
3 5 55 122 165 241 295 365 434 481 536 595 1 5 6 9 11 11 13 14 15 18
3 6 77 150 220 279 348 410 468 511 572 635 2 4 4 7 10 13 15 15 16 20
3 7 69 120 185 260 315 376 437 499 561 620 0 2 5 8 10 13 15 18 20 22
3 8 61 143 228 293 362 430 487 528 592 669 3 4 8 10 11 13 14 15 19 21
3 9 62 122 175 235 279 328 400 450 511 578 2 3 4 6 7 8 10 11 15 16
3 10 78 146 216 267 335 401 453 518 596 660 4 9 12 14 16 17 17 19 23 25
4 0 62 125 192 248 295 369 436 510 576 648 1 4 6 8 9 9 14 16 19 20
4 1 54 131 192 255 329 380 437 501 572 633 0 1 2 3 4 6 9 13 14 15
4 2 76 135 194 250 311 360 425 481 546 598 4 7 10 11 12 14 16 19 22 22
4 3 77 142 210 261 321 387 440 508 563 618 2 3 5 6 9 13 13 14 14 16
4 4 68 142 197 252 313 373 450 505 543 599 4 8 12 14 14 15 16 18 20 21
4 5 69 130 190 251 296 358 405 460 531 582 0 1 5 7 12 13 16 18 18 19
4 6 77 136 188 268 319 394 443 512 560 630 1 2 5 7 9 10 15 16 17 20
4 7 66 124 182 255 318 382 450 521 583 653 3 5 7 9 10 13 14 14 14 17
4 8 62 136 202 265 324 397 466 534 590 621 6 9 12 12 13 16 17 18 20 21
4 9 64 124 187 255 309 374 447 498 550 590 7 9 11 11 14 14 14 15 16 16
4 10 81 135 213 277 329 389 453 528 582 637 3 4 4 6 7 7 8 10 11 13
5 0 85 151 205 263 314 372 423 473 527 576 2 2 2 3 4 6 7 8 11 11
5 1 68 134 188 256 320 387 432 477 540 612 5 8 9 10 13 13 15 17 20 22
5 2 65 124 186 258 304 364 429 484 534 610 7 11 12 15 18 21 27 29 30 30
5 3 71 125 187 246 321 382 451 519 587 651 6 6 9 9 9 11 11 14 17 18
5 4 75 127 187 244 301 352 410 443 494 552 4 6 7 9 10 14 15 16 16 16
5 5 73 137 209 280 337 401 453 523 578 626 2 6 7 8 8 10 11 12 14 17
5 6 69 139 208 269 324 368 427 480 542 606 8 9 13 16 16 18 19 19 22 24
5 7 58 121 185 244 304 359 437 490 555 599 4 4 4 6 6 6 9 10 12 13
5 8 70 138 215 283 344 392 445 527 579 635 1 6 10 10 12 16 20 22 22 23
5 9 67 139 202 265 321 377 428 482 557 613 3 4 5 7 13 18 18 20 22 24
5 10 55 89 143 189 243 299 341 401 466 533 5 7 8 10 12 13 15 17 17 19
6 0 81 157 233 298 358 450 507 572 618 679 1 2 2 3 4 4 9 14 15 16
6 1 84 147 206 267 326 389 462 528 591 656 2 2 3 7 10 11 14 14 15 17
6 2 57 134 182 257 321 382 448 494 549 613 1 2 4 7 11 15 15 17 19 21
6 3 65 123 203 260 314 371 431 485 561 625 0 2 3 3 4 5 6 8 10 11
6 4 79 144 205 272 324 388 446 507 566 636 10 12 15 17 17 18 18 19 20 20
6 5 87 144 206 272 334 374 420 485 541 587 3 4 8 10 13 18 19 20 20 20
6 6 78 138 194 243 292 358 425 490 539 603 8 10 14 14 16 19 23 24 25 26
6 7 58 126 187 243 309 372 429 492 553 611 4 7 10 15 16 16 17 21 24 24
6 8 70 129 169 224 284 336 373 449 484 540 5 5 5 7 10 12 13 14 16 19
6 9 59 128 185 259 332 383 427 485 540 618 4 5 8 8 9 12 12 12 12 14
6 10 71 144 196 259 333 393 445 505 565 614 3 11 11 14 16 16 18 20 21 21
7 0 65 126 171 231 301 367 416 484 552 619 4 7 14 18 23 25 27 29 35 37
7 1 64 123 192 265 325 393 447 498 556 613 6 8 10 12 16 20 23 25 27 29
7 2 72 149 213 257 324 391 445 496 560 625 3 6 8 13 15 17 18 19 20 21
7 3 77 151 211 265 324 390 440 500 560 613 2 3 4 5 7 8 10 12 13 16
7 4 68 123 181 251 316 375 419 456 525 596 2 4 6 6 8 12 13 15 18 18
7 5 59 128 183 246 302 353 426 480 555 603 4 5 6 8 9 10 11 12 15 15
7 6 75 142 219 267 330 381 438 504 556 600 10 11 15 18 18 19 22 26 28 31
7 7 71 137 196 246 298 350 410 459 504 533 1 5 8 11 13 17 17 20 22 23
7 8 83 151 202 253 305 356 426 496 539 606 5 8 10 11 12 13 14 17 18 18
7 9 85 144 203 274 321 371 423 488 525 566 3 3 5 7 10 10 11 15 16 18
7 10 68 142 206 265 315 361 411 475 534 594 4 4 5 9 9 9 14 15 16 18
8 0 70 130 196 253 314 377 450 526 592 648 3 4 6 7 9 11 11 13 15 17
8 1 73 127 182 234 292 364 442 524 576 638 2 5 6 7 8 11 12 13 15 16
8 2 70 126 206 265 324 389 443 500 567 619 2 4 6 6 9 11 14 16 20 21
8 3 94 156 216 286 360 435 502 551 612 664 6 7 9 11 13 15 15 17 20 21
8 4 77 143 204 283 341 406 459 510 593 646 4 7 9 13 19 19 22 23 24 24
8 5 93 158 217 274 346 399 450 515 589 634 3 10 10 16 19 20 20 21 21 24
8 6 57 108 162 186 243 292 349 403 462 531 4 4 5 7 8 11 15 15 17 21
8 7 78 148 219 278 338 380 452 508 563 614 5 7 9 11 12 12 12 12 13 15
8 8 67 114 174 234 285 362 422 483 529 576 2 3 6 10 11 14 15 18 20 21
8 9 74 149 198 261 311 376 438 504 563 622 8 13 15 16 17 18 19 19 22 23
8 10 74 128 175 245 292 355 381 438 498 549 3 6 7 9 10 13 17 19 20 20
9 0 57 116 191 264 319 362 429 492 558 617 1 10 12 13 21 23 28 29 33 35
9 1 75 138 209 280 347 400 455 495 549 611 1 4 9 9 10 13 16 16 19 19
9 2 82 155 224 284 357 422 466 525 599 659 2 4 6 8 9 12 18 19 20 25
9 3 66 133 202 262 318 380 460 521 575 629 2 4 6 6 6 9 10 12 12 13
9 4 63 131 182 255 321 400 478 540 596 644 3 7 9 12 15 17 19 23 24 28
9 5 93 144 196 257 312 355 408 472 546 608 2 2 4 6 10 10 13 15 15 17
9 6 81 122 189 249 310 377 443 516 573 617 3 8 10 12 14 14 14 16 18 18
9 7 54 128 199 259 298 354 421 463 529 597 2 6 9 9 10 11 15 16 18 19
9 8 69 133 190 244 296 339 406 473 545 589 6 7 9 11 11 12 14 16 19 19
9 9 76 125 183 256 310 373 441 487 523 562 4 7 9 12 12 14 15 16 17 18
9 10 85 140 210 263 341 415 455 499 558 600 3 5 7 8 8 8 9 10 15 15
10 0 73 134 199 272 332 394 463 513 573 619 1 7 9 10 12 12 13 13 14 16
10 1 78 146 197 261 313 377 435 490 527 588 2 4 8 8 10 13 15 17 17 18
10 2 68 129 192 267 316 390 451 511 572 630 1 3 3 4 8 10 12 14 17 20
10 3 58 126 188 253 325 367 447 503 563 613 5 9 11 12 12 12 15 17 18 18
10 4 81 139 194 242 300 378 442 488 547 612 3 6 7 8 8 11 13 15 16 17
10 5 77 152 218 268 315 372 426 495 548 622 4 4 5 9 10 11 12 14 17 19
10 6 67 144 195 251 327 368 440 477 522 584 2 5 7 9 13 14 17 18 20 22
10 7 58 110 181 227 282 350 413 484 560 604 2 3 8 9 10 11 13 16 19 21
10 8 70 123 183 242 310 363 414 460 513 558 2 4 5 5 5 7 12 13 15 16
10 9 75 120 186 236 292 339 409 457 509 559 3 7 9 11 12 12 13 14 15 15
10 10 78 136 204 283 357 376 432 473 528 582 3 5 8 8 10 10 12 16 16 18