0 0 69 143 204 251 307 373 446 497 561 631 2 3 4 9 12 13 16 19 20 23
0 1 62 141 201 264 316 385 452 515 582 644 6 8 11 14 14 18 18 20 24 28
0 2 57 133 213 266 329 395 440 504 575 638 2 3 6 8 11 12 12 15 16 22
0 3 70 143 216 290 349 410 481 556 618 686 5 9 11 14 16 21 23 25 26 28
0 4 76 129 191 269 336 404 464 542 611 678 4 8 9 16 19 22 23 26 30 31
0 5 61 112 187 239 301 367 424 479 542 627 3 3 6 6 8 13 17 19 22 24
0 6 71 150 224 300 358 414 495 554 622 697 1 6 8 12 12 14 16 17 17 20
0 7 74 159 216 287 330 404 469 524 590 659 1 2 2 5 9 12 14 15 16 19
0 8 87 154 223 282 365 424 497 578 651 709 1 4 6 8 10 10 14 14 16 16
0 9 72 133 211 282 360 425 490 539 596 670 3 3 4 4 6 10 13 15 15 16
0 10 65 125 181 239 303 355 412 477 537 608 3 4 6 7 8 10 10 12 15 16
1 0 67 114 171 249 312 373 411 482 548 598 3 7 7 9 13 14 14 15 18 18
1 1 79 157 212 249 318 376 442 493 555 628 5 9 9 9 14 14 16 18 18 22
1 2 68 138 203 282 357 418 473 536 595 661 3 6 8 13 19 24 27 29 30 32
1 3 75 132 189 249 319 382 441 506 567 616 3 5 7 10 12 14 17 19 19 20
1 4 70 130 199 260 328 390 455 524 576 642 1 4 8 9 9 11 13 14 14 14
1 5 68 134 169 239 305 363 413 473 538 598 2 4 5 5 6 8 10 11 12 14
1 6 64 141 192 248 293 355 422 487 554 618 4 7 7 11 12 13 14 16 18 23
1 7 57 119 182 252 323 401 482 543 614 679 1 1 5 9 10 16 17 18 21 23
1 8 78 150 214 281 339 406 470 535 591 644 0 4 6 7 9 10 12 13 16 18
1 9 49 117 176 252 310 398 456 534 582 639 2 4 5 7 7 9 10 11 13 13
1 10 79 145 197 249 307 359 420 492 555 627 1 5 5 7 8 13 15 18 23 26
2 0 81 153 212 274 325 387 462 538 595 647 4 6 10 13 16 16 16 17 17 20
2 1 77 145 224 289 340 397 459 534 596 664 4 6 9 11 12 13 14 16 16 16
2 2 76 128 191 262 328 386 434 479 554 620 5 5 6 8 12 13 13 14 15 16
2 3 56 119 194 259 306 381 452 519 582 630 5 8 14 14 16 18 24 27 31 33
2 4 76 140 181 255 314 378 439 492 560 616 4 5 6 6 6 8 10 10 11 14
2 5 87 155 212 269 341 408 462 530 594 649 4 6 7 10 11 13 16 18 20 22
2 6 67 131 201 260 313 372 424 483 535 597 3 5 9 10 12 12 13 16 19 20
2 7 62 139 198 277 350 424 474 546 612 669 3 4 5 7 8 11 11 14 15 18
2 8 77 145 200 278 334 400 451 508 578 637 4 5 6 7 9 9 11 11 13 14
2 9 80 139 196 242 302 356 401 467 518 559 1 3 3 3 5 7 10 11 14 14
2 10 64 137 181 247 315 375 428 465 525 589 2 5 5 5 6 8 8 9 9 9
3 0 65 134 190 242 295 358 407 492 568 639 1 2 2 5 7 9 10 12 13 19
3 1 55 104 162 236 297 353 397 431 525 585 1 2 4 9 10 10 12 14 16 17
3 2 85 153 211 259 330 397 451 523 571 634 6 9 10 11 11 14 16 18 22 25
3 3 77 157 226 291 332 388 445 508 567 637 1 2 3 4 5 5 6 10 13 16
3 4 86 151 210 266 308 370 422 473 534 582 3 5 5 7 8 10 11 15 15 16
3 5 86 149 239 299 365 429 487 542 597 659 2 3 7 8 8 10 16 21 23 23
3 6 73 144 205 259 316 374 430 495 546 590 4 7 11 12 16 16 16 22 22 24
3 7 61 131 202 261 323 384 454 527 591 645 1 1 2 5 6 8 9 10 12 13
3 8 61 105 173 249 300 363 425 486 554 609 3 5 6 7 9 9 12 13 16 17
3 9 68 133 209 273 316 356 399 465 516 566 2 8 8 12 12 12 13 15 15 15
3 10 65 135 204 246 310 393 451 499 565 622 7 10 15 16 18 20 22 22 26 29
4 0 67 126 184 251 313 387 450 524 584 643 4 6 10 11 12 16 20 21 22 23
4 1 72 140 194 258 318 390 452 534 591 668 2 5 7 9 11 12 13 15 16 19
4 2 74 139 199 255 322 393 467 525 576 622 0 2 3 6 6 8 8 9 12 16
4 3 63 138 198 270 332 390 458 527 583 650 1 2 4 4 5 6 7 8 8 10
4 4 61 130 185 246 295 355 423 467 516 585 9 12 12 14 15 17 17 18 19 21
4 5 71 144 226 289 338 385 441 502 581 629 2 5 7 8 10 12 13 14 17 17
4 6 81 139 198 267 341 399 464 541 591 651 4 5 7 8 8 9 14 16 18 18
4 7 54 125 171 242 310 385 434 493 546 604 3 5 8 9 10 12 12 13 14 17
4 8 55 133 193 244 283 335 368 425 501 565 6 8 9 12 12 13 13 17 18 20
4 9 68 144 207 260 311 379 441 495 549 600 2 4 6 9 10 13 17 19 20 22
4 10 76 144 207 282 331 391 463 525 572 644 1 5 6 8 9 11 13 17 17 19
5 0 61 115 182 251 308 365 432 488 563 614 2 5 8 8 10 16 17 17 20 20
5 1 69 134 178 237 301 365 419 486 532 577 7 9 10 13 15 21 23 25 25 27
5 2 67 132 183 242 314 377 434 511 578 627 3 6 6 7 8 8 11 11 13 15
5 3 74 141 194 252 305 366 426 463 543 596 2 2 4 6 7 8 8 8 9 9
5 4 68 139 214 280 319 399 449 507 571 641 0 0 5 6 7 10 12 15 16 18
5 5 71 131 206 264 322 376 449 526 602 671 1 2 3 5 7 9 14 17 17 19
5 6 76 137 196 263 316 366 412 476 525 577 3 4 9 11 17 19 22 22 23 23
5 7 77 160 216 257 311 365 432 479 536 594 3 6 9 9 12 13 13 13 16 16
5 8 76 125 173 233 289 351 390 442 501 553 3 4 6 8 9 11 13 15 15 19
5 9 81 150 214 268 321 386 427 486 533 595 3 4 4 6 6 7 8 10 13 15
5 10 74 121 187 235 289 340 413 469 530 586 2 3 6 8 9 13 15 19 19 19
6 0 76 138 189 261 333 406 467 515 584 647 3 5 5 7 9 11 16 18 21 24
6 1 70 141 189 248 308 380 441 504 571 626 5 7 10 12 13 16 17 19 19 23
6 2 81 153 216 285 350 419 481 553 629 689 5 6 9 12 12 14 14 15 17 19
6 3 72 146 193 260 319 381 426 494 558 598 3 6 7 8 10 10 10 12 13 15
6 4 91 169 234 290 355 403 449 506 556 604 3 10 12 17 23 24 26 28 30 33
6 5 62 142 192 249 320 374 435 481 537 607 3 4 7 9 10 10 14 16 20 21
6 6 67 129 193 276 357 412 456 506 584 628 1 6 8 9 14 15 15 15 17 18
6 7 61 120 171 226 287 331 387 441 495 550 2 4 6 8 11 12 14 15 15 18
6 8 64 144 205 258 307 381 423 483 532 586 3 5 6 8 8 10 13 16 17 18
6 9 75 149 200 259 326 393 455 500 553 608 2 3 4 4 7 7 9 9 12 13
6 10 89 160 218 282 347 395 435 492 538 588 2 3 5 6 7 10 11 15 16 18
7 0 70 141 205 264 329 386 450 505 576 631 2 3 6 6 6 7 11 11 12 14
7 1 49 107 193 249 285 336 395 463 517 588 1 2 2 4 5 6 6 9 9 11
7 2 72 141 205 259 315 380 445 509 571 616 4 6 7 7 9 9 11 15 16 16
7 3 62 142 188 235 303 362 437 500 524 583 5 6 9 12 14 15 16 19 19 21
7 4 77 139 217 271 340 393 450 506 571 620 1 4 7 10 12 13 14 20 22 26
7 5 71 133 184 229 295 357 413 455 519 588 5 9 10 10 12 13 16 19 21 23
7 6 60 116 177 234 298 352 409 475 525 580 2 4 6 8 9 10 12 14 14 15
7 7 73 122 193 255 306 354 416 459 529 584 3 4 6 9 9 9 11 11 13 13
7 8 58 117 178 238 296 338 419 479 534 579 1 1 4 6 6 6 7 8 10 12
7 9 76 138 188 239 283 336 392 437 515 557 2 5 6 7 8 8 10 12 17 18
7 10 78 131 185 235 285 337 392 438 512 561 5 5 7 10 11 11 12 13 14 14
8 0 75 139 204 259 313 375 437 491 567 624 1 1 1 2 4 8 11 13 13 15
8 1 65 133 210 265 325 397 466 532 587 657 2 2 4 6 8 9 13 16 20 20
8 2 78 146 204 253 306 368 435 511 575 637 0 0 0 4 5 5 7 8 8 12
8 3 66 151 219 293 348 422 493 552 623 697 2 5 8 9 12 13 14 15 24 26
8 4 72 135 205 252 315 353 405 468 526 594 1 4 8 12 14 15 15 18 18 20
8 5 76 141 208 286 349 401 454 531 590 658 2 4 8 13 13 16 19 20 21 22
8 6 74 131 203 248 316 376 428 473 519 574 4 5 8 10 12 12 15 16 17 18
8 7 62 138 192 254 309 359 408 468 508 560 2 4 5 7 8 10 13 14 15 15
8 8 71 140 205 252 314 370 412 449 501 570 6 6 9 11 12 14 17 17 18 18
8 9 74 137 196 264 318 372 443 503 546 604 6 6 7 9 10 12 13 14 17 18
8 10 65 122 189 245 306 380 425 469 525 576 3 6 9 11 11 11 11 12 12 15
9 0 64 131 187 250 313 375 439 498 556 609 3 7 12 14 14 16 18 20 21 24
9 1 75 135 202 241 301 364 417 474 537 601 5 7 8 8 9 10 13 13 17 19
9 2 68 133 196 257 315 384 433 495 557 610 4 5 7 11 11 13 15 16 19 20
9 3 92 135 215 278 332 366 427 479 550 614 4 6 6 7 10 10 11 13 16 18
9 4 56 113 183 228 297 359 423 458 512 581 2 6 10 12 12 12 15 17 17 18
9 5 81 161 213 290 348 408 456 513 568 635 1 3 5 13 15 19 19 23 23 26
9 6 62 130 197 266 325 377 437 488 554 609 2 3 4 7 9 11 12 16 19 21
9 7 60 129 208 262 311 378 427 473 541 590 3 5 10 12 13 13 15 16 16 16
9 8 73 139 174 239 298 341 406 464 521 566 0 3 3 7 8 9 10 11 13 13
9 9 79 140 189 253 317 364 430 500 561 620 2 5 8 8 11 11 11 13 13 15
9 10 66 127 189 254 301 383 434 490 545 592 4 6 8 9 12 13 15 15 19 20
10 0 73 137 201 271 326 388 452 535 583 660 1 1 1 3 7 8 12 13 18 20
10 1 63 148 208 261 323 366 428 502 558 632 0 3 5 5 5 7 11 12 13 14
10 2 77 151 210 256 316 375 436 500 553 601 3 6 7 11 13 16 20 20 24 27
10 3 73 132 189 246 292 350 404 462 532 580 4 8 10 10 11 15 19 20 21 22
10 4 74 130 186 241 301 340 408 465 509 556 2 3 3 4 4 6 6 6 8 9
10 5 79 124 192 241 312 365 409 462 526 589 4 6 8 9 9 12 13 15 16 17
10 6 65 116 178 261 313 357 400 450 520 579 7 9 12 12 14 14 14 14 18 18
10 7 69 134 187 259 299 342 407 456 514 585 2 3 4 5 7 7 8 9 10 12
10 8 54 119 181 239 309 357 418 466 511 580 1 1 2 3 7 9 9 10 13 19
10 9 79 148 219 269 335 396 461 499 542 588 6 9 12 16 19 20 23 24 27 28
10 10 74 147 210 265 334 387 450 509 545 608 4 7 9 11 12 12 13 14 14 15