0 0 63 151 211 289 350 414 470 541 605 685 3 4 7 14 16 18 22 23 25 28
0 1 62 135 186 263 332 408 458 520 585 651 3 7 8 10 12 13 14 15 15 18
0 2 64 125 184 232 294 358 439 512 604 676 1 2 6 7 10 13 14 15 15 16
0 3 70 141 204 264 319 385 439 504 568 636 3 3 7 8 8 13 19 23 26 28
0 4 67 140 200 263 338 394 438 502 573 641 8 11 12 12 14 16 16 18 19 23
0 5 82 145 232 293 368 447 518 570 636 704 0 1 5 7 12 14 17 21 22 24
0 6 75 152 210 281 340 403 473 556 620 692 3 7 9 11 13 15 18 19 21 26
0 7 86 156 241 302 379 452 519 595 658 727 2 3 4 4 7 8 11 13 17 18
0 8 77 140 191 258 315 375 450 515 585 661 1 4 6 8 9 12 18 19 19 24
0 9 58 113 174 228 286 350 421 487 561 630 3 14 16 20 21 23 25 26 26 28
0 10 62 121 201 268 326 410 461 535 597 648 3 3 4 5 5 7 7 9 9 11
1 0 82 138 202 259 314 373 441 492 557 618 4 5 7 8 8 9 13 13 13 17
1 1 56 122 190 261 324 377 441 497 564 619 2 4 6 10 12 12 13 14 20 24
1 2 59 127 181 242 300 350 411 479 528 588 1 1 2 6 9 10 15 22 23 26
1 3 60 118 174 222 269 338 405 466 528 578 5 7 9 10 11 12 14 19 20 22
1 4 67 111 173 225 288 357 435 482 544 607 2 4 6 10 10 14 14 15 19 22
1 5 78 150 214 278 341 413 476 521 566 618 1 2 4 8 11 12 15 15 16 19
1 6 72 136 192 263 318 374 450 528 597 654 1 3 3 4 8 11 12 13 15 17
1 7 60 124 183 245 297 361 410 475 531 597 1 2 4 7 11 14 15 15 16 19
1 8 72 135 207 275 344 406 455 516 584 635 3 3 5 5 7 8 8 10 17 19
1 9 60 136 212 276 332 391 461 526 600 670 4 5 8 10 12 14 15 15 20 23
1 10 75 163 216 294 376 442 495 553 608 671 3 6 8 11 12 15 16 18 23 25
2 0 73 151 210 279 332 415 486 547 611 690 4 5 6 7 11 16 21 21 24 25
2 1 58 105 182 251 306 370 419 489 555 601 1 3 5 8 10 12 13 18 22 23
2 2 51 131 207 268 325 377 431 504 579 651 3 5 7 7 8 8 9 12 16 18
2 3 74 152 224 283 341 407 458 505 549 603 7 12 14 16 16 18 20 21 22 25
2 4 66 137 216 277 345 403 442 496 567 632 4 5 7 9 12 14 16 16 22 23
2 5 73 137 194 245 313 367 422 477 524 587 3 6 8 10 13 15 15 17 18 18
2 6 69 143 205 282 326 393 444 495 565 629 4 6 7 8 9 9 10 10 13 13
2 7 60 124 185 238 289 346 411 489 564 636 5 8 8 9 11 13 17 18 21 22
2 8 61 116 175 237 299 359 418 477 524 586 3 5 9 11 13 17 17 20 22 25
2 9 74 148 200 258 325 382 430 494 546 601 1 3 4 4 6 9 9 10 10 11
2 10 81 144 206 232 299 361 412 471 535 597 6 6 8 8 11 13 18 20 23 24
3 0 75 145 211 262 314 384 452 509 572 626 3 6 8 10 12 15 18 22 25 27
3 1 59 114 183 266 330 404 463 529 593 659 3 5 7 9 10 11 14 15 15 17
3 2 70 122 181 251 311 379 446 510 555 625 1 3 4 8 9 9 12 13 15 16
3 3 57 144 202 251 319 385 437 498 559 609 4 5 6 9 9 13 15 19 22 22
3 4 68 138 199 252 309 379 438 500 557 604 3 3 7 10 13 14 15 15 16 18
3 5 71 134 198 265 317 363 414 475 532 608 1 6 7 8 10 11 13 13 13 16
3 6 79 150 222 276 334 391 459 529 569 638 1 3 5 10 11 12 15 20 21 25
3 7 54 125 199 248 315 380 434 486 530 585 2 2 5 5 8 10 11 12 15 17
3 8 74 130 184 248 315 366 424 490 543 594 3 5 5 9 13 17 17 20 21 26
3 9 76 132 192 243 295 358 413 462 514 569 3 3 6 6 7 9 9 9 11 13
3 10 85 164 232 270 315 369 440 498 575 643 0 4 6 7 8 9 11 12 16 20
4 0 59 126 195 267 326 406 461 537 593 656 5 9 10 16 16 22 23 24 28 29
4 1 67 116 160 228 300 375 451 510 553 617 6 8 12 18 19 22 24 26 29 29
4 2 48 112 159 233 307 355 407 477 537 610 0 3 5 5 7 8 10 11 13 15
4 3 82 151 218 286 347 417 457 517 577 631 4 5 8 9 10 13 13 13 13 15
4 4 64 131 186 244 300 377 432 470 537 596 4 5 5 9 10 17 17 19 21 24
4 5 51 112 166 233 292 340 388 428 496 560 1 5 7 11 11 11 11 11 13 16
4 6 66 123 171 228 285 340 404 469 504 538 1 4 4 6 6 8 12 13 13 14
4 7 79 136 197 251 314 379 438 508 567 630 2 2 3 5 7 8 10 11 16 18
4 8 77 155 226 284 334 387 438 476 522 582 1 4 6 7 10 11 11 13 13 20
4 9 88 147 203 257 322 376 427 485 544 596 6 10 13 16 17 20 24 25 26 26
4 10 64 120 198 262 319 372 422 487 547 621 2 4 5 9 11 12 14 17 19 19
5 0 67 128 202 266 341 421 493 570 615 672 2 3 5 8 11 13 15 18 19 19
5 1 74 133 214 281 336 410 464 534 603 650 2 2 5 6 7 9 11 12 13 14
5 2 53 98 157 205 252 316 379 435 503 556 3 6 11 12 13 13 16 18 19 19
5 3 74 146 208 266 318 383 454 512 581 635 2 3 6 8 9 13 15 17 19 23
5 4 62 124 193 261 327 391 450 508 557 608 2 2 3 5 7 9 9 11 11 13
5 5 67 111 166 241 302 363 417 484 547 613 4 6 11 12 14 16 17 19 20 22
5 6 70 146 209 242 311 376 436 497 571 631 0 2 2 3 4 4 5 5 5 7
5 7 76 145 222 277 341 396 448 510 580 632 7 7 7 8 10 12 12 15 16 18
5 8 79 154 212 281 334 397 455 510 567 622 1 1 1 2 3 3 4 5 6 9
5 9 70 147 205 256 311 370 424 497 557 614 6 7 9 12 13 13 16 17 19 20
5 10 72 126 180 242 312 378 434 492 556 608 1 4 6 7 7 10 12 15 15 16
6 0 83 141 196 266 321 367 425 469 539 588 3 5 5 8 12 12 13 14 14 15
6 1 74 133 206 262 317 376 437 492 546 593 2 4 7 10 11 12 13 14 15 16
6 2 75 140 204 274 335 387 446 514 576 641 5 6 9 12 15 15 18 19 21 24
6 3 74 144 204 266 333 371 439 497 566 641 3 3 10 10 12 12 16 16 17 17
6 4 65 127 172 246 305 372 449 495 563 626 4 5 5 7 7 11 12 14 16 18
6 5 77 153 204 254 303 355 417 481 534 590 1 6 8 8 11 13 13 14 16 18
6 6 65 122 177 235 292 345 387 462 532 608 4 6 8 9 11 12 14 15 20 23
6 7 66 126 197 267 324 372 443 500 561 627 0 3 7 8 9 9 11 11 13 15
6 8 78 136 215 274 312 371 419 471 524 569 2 5 8 9 10 12 12 12 15 16
6 9 75 161 224 287 368 428 482 536 591 632 8 11 15 18 20 20 20 20 20 21
6 10 72 128 190 236 285 337 403 457 509 552 1 4 6 7 8 11 12 15 16 19
7 0 80 130 201 245 317 376 441 505 568 627 1 2 3 8 9 9 10 10 13 14
7 1 66 131 184 246 304 372 432 502 553 620 5 6 6 7 8 10 10 11 12 15
7 2 53 118 198 266 337 390 454 510 560 637 3 5 5 5 8 10 12 13 13 20
7 3 72 139 189 238 297 358 414 473 544 596 2 6 8 9 10 12 12 12 13 13
7 4 74 132 206 269 333 407 476 521 581 632 4 5 5 6 6 8 8 10 11 12
7 5 69 123 182 256 329 377 437 496 553 616 2 3 5 8 9 9 9 12 15 19
7 6 73 124 199 258 313 349 427 483 529 591 2 3 7 12 12 13 15 16 16 17
7 7 70 157 215 275 338 394 444 510 569 617 1 1 5 9 14 15 15 16 18 18
7 8 77 134 201 268 318 369 408 469 520 585 1 3 7 10 10 10 12 15 16 17
7 9 53 105 153 209 261 312 372 437 492 543 3 4 5 5 5 5 8 8 8 8
7 10 62 122 188 222 294 343 431 497 550 598 1 3 4 4 6 8 9 11 12 12
8 0 61 114 159 237 297 377 423 482 534 569 5 7 9 10 11 17 18 22 23 24
8 1 70 153 211 254 321 386 436 493 547 598 3 10 13 14 16 19 23 26 28 29
8 2 72 122 173 251 320 375 456 535 596 652 9 10 11 14 17 18 20 22 24 27
8 3 66 125 183 237 295 335 402 467 539 603 4 5 6 9 11 14 15 15 15 17
8 4 80 126 195 245 310 375 426 483 543 598 4 6 9 11 13 15 16 17 18 19
8 5 64 121 176 222 264 329 383 441 485 541 2 5 6 7 8 8 13 14 15 16
8 6 70 116 184 233 312 378 433 488 545 596 4 6 11 12 13 13 13 17 19 21
8 7 63 123 167 215 271 317 365 436 499 532 3 4 4 4 5 5 5 6 11 11
8 8 71 140 208 269 318 365 406 461 527 579 2 6 10 13 14 16 18 19 21 23
8 9 68 118 176 230 297 371 436 490 540 590 3 3 6 10 10 10 12 15 15 16
8 10 64 131 197 267 335 379 433 488 555 596 3 3 3 4 5 7 11 13 15 16
9 0 75 135 195 246 303 369 428 484 554 618 4 8 8 13 16 17 18 21 24 28
9 1 77 133 217 270 331 390 437 497 567 606 0 2 7 8 11 14 17 18 18 21
9 2 71 127 187 255 314 370 437 486 545 627 2 4 6 7 10 11 13 15 15 18
9 3 77 143 214 269 323 387 448 521 587 650 3 3 4 4 9 13 16 17 19 20
9 4 73 139 189 247 313 355 426 485 535 602 4 7 9 10 13 15 18 18 20 22
9 5 58 117 180 232 285 342 395 446 512 557 3 6 7 9 10 13 14 14 16 16
9 6 49 145 221 275 336 393 431 476 520 567 0 2 4 6 10 12 12 13 13 13
9 7 65 132 196 245 303 364 417 462 537 594 2 3 5 7 9 12 16 17 21 23
9 8 82 149 224 271 317 375 419 471 524 587 5 6 7 8 8 10 11 12 12 13
9 9 67 126 193 258 317 376 434 484 535 594 2 2 2 4 5 7 8 8 9 9
9 10 70 141 189 246 308 374 422 459 519 584 5 6 8 12 14 19 19 19 24 27
10 0 71 127 171 253 327 411 477 550 605 669 4 6 6 11 12 13 15 16 21 25
10 1 75 135 219 283 345 412 467 537 604 673 3 3 5 8 9 10 11 13 16 18
10 2 61 134 210 283 359 431 495 569 625 673 1 2 4 6 8 10 13 15 16 17
10 3 76 141 203 264 324 354 391 422 489 544 5 8 12 13 14 16 17 20 23 23
10 4 71 144 204 265 326 393 446 498 563 616 3 8 9 10 11 13 14 17 17 21
10 5 76 137 204 252 323 375 443 515 573 627 4 7 8 8 9 12 12 13 15 16
10 6 73 115 168 222 293 359 421 483 535 608 4 5 6 7 9 10 13 13 13 14
10 7 64 132 203 281 331 381 436 479 556 620 3 9 14 16 16 17 19 21 24 26
10 8 77 128 199 255 317 364 420 482 528 588 2 3 4 5 6 6 8 9 12 16
10 9 69 135 197 263 325 380 446 492 527 600 3 5 6 8 9 10 12 15 19 22
10 10 75 129 169 223 283 360 408 480 525 593 1 1 2 3 4 6 9 9 9 15