0 0 86 153 201 249 313 373 434 501 570 634 4 8 11 14 15 18 19 21 23 28
0 1 52 104 174 239 316 402 463 526 565 637 1 5 8 11 11 11 11 12 12 13
0 2 80 138 199 265 333 395 474 544 629 700 3 7 8 9 11 14 14 14 16 19
0 3 61 147 211 280 346 408 474 540 616 684 1 6 6 8 8 8 9 9 12 14
0 4 65 112 171 239 306 376 439 509 581 672 0 3 5 6 7 8 10 15 16 20
0 5 60 118 175 246 324 386 447 515 572 633 1 4 4 6 6 7 10 12 13 16
0 6 66 130 192 263 334 391 445 518 578 631 4 8 9 9 13 14 15 16 16 19
0 7 72 145 221 285 352 417 474 532 603 663 2 4 5 9 10 14 15 19 25 25
0 8 77 153 209 272 340 402 452 510 566 612 4 5 11 13 16 16 17 19 19 19
0 9 70 147 196 262 329 385 446 519 578 631 2 4 7 8 9 15 18 23 27 27
0 10 58 114 174 253 312 391 448 510 565 608 3 3 9 9 14 18 20 22 25 26
1 0 84 152 213 267 314 373 434 503 566 627 3 8 14 16 17 17 18 20 21 21
1 1 62 122 199 262 328 391 446 517 585 652 2 4 7 8 11 15 17 22 23 26
1 2 78 158 223 293 374 427 501 565 644 705 7 11 14 15 17 18 19 19 19 21
1 3 66 136 185 252 301 373 433 504 557 620 1 2 3 4 4 4 8 10 12 13
1 4 69 132 199 262 314 366 425 484 553 614 8 9 10 14 19 21 22 25 28 30
1 5 68 132 198 259 324 381 441 512 569 628 1 4 5 6 8 12 14 17 18 20
1 6 55 115 184 259 315 375 426 495 564 619 2 5 6 10 11 12 13 16 17 22
1 7 81 133 189 261 333 399 456 527 573 662 1 6 6 8 12 12 13 14 14 17
1 8 88 163 212 299 355 419 476 544 610 650 2 4 6 8 10 13 15 17 21 22
1 9 89 160 218 286 330 387 440 497 551 594 3 6 9 9 11 11 13 13 13 14
1 10 53 121 174 232 301 368 437 489 554 626 0 2 3 4 6 8 10 11 13 16
2 0 72 148 218 285 331 396 458 524 581 648 2 2 5 6 7 9 9 11 14 14
2 1 84 143 200 279 339 390 451 505 574 633 4 6 7 11 13 15 19 20 23 26
2 2 67 128 173 234 284 334 394 445 508 560 3 4 4 4 5 6 8 12 14 16
2 3 63 125 186 243 293 359 401 446 512 572 4 5 5 7 8 10 12 16 20 22
2 4 70 123 187 239 307 365 428 491 545 593 2 2 6 8 11 15 17 19 19 20
2 5 70 142 191 256 291 346 406 464 517 581 2 5 9 11 11 11 14 19 21 23
2 6 76 133 182 247 319 370 420 489 529 577 4 6 7 8 10 10 13 14 16 17
2 7 64 130 214 268 325 374 426 493 561 620 3 4 8 9 15 17 19 22 26 28
2 8 70 134 192 261 321 369 441 516 564 607 3 6 10 13 14 15 16 17 18 19
2 9 79 147 207 293 345 403 459 514 561 598 5 7 9 9 9 10 12 16 16 18
2 10 72 122 185 246 315 375 442 499 558 610 1 3 6 7 9 10 12 15 16 17
3 0 68 132 176 235 301 363 417 491 548 604 1 5 6 9 11 14 16 22 23 24
3 1 76 136 209 267 342 397 464 523 578 652 2 6 8 9 12 14 16 17 17 18
3 2 70 124 181 264 346 413 477 530 600 683 3 5 8 10 14 17 20 24 26 30
3 3 69 120 194 253 306 374 426 488 552 600 2 3 6 10 12 14 16 16 18 20
3 4 72 136 198 255 312 380 435 491 535 573 4 6 8 9 9 10 13 16 18 20
3 5 72 130 187 245 320 383 444 504 562 623 2 4 6 7 10 10 10 14 19 23
3 6 71 151 208 277 344 406 463 541 584 645 2 5 7 8 11 12 12 15 15 15
3 7 73 128 175 225 278 319 378 441 486 527 3 4 5 7 11 12 18 20 22 25
3 8 85 164 235 310 354 410 468 516 568 628 1 3 7 10 11 16 18 19 19 20
3 9 77 135 214 279 335 391 454 510 559 601 1 1 2 3 6 6 8 8 11 12
3 10 82 129 187 230 301 368 440 493 550 599 4 5 7 8 10 11 16 18 18 18
4 0 79 158 237 313 377 441 500 562 638 700 3 4 6 7 10 10 16 17 17 18
4 1 71 122 171 213 273 345 398 476 523 585 1 2 5 7 11 12 13 17 18 20
4 2 65 123 196 254 335 401 452 528 577 654 5 9 11 14 17 17 18 21 22 23
4 3 65 135 202 262 315 371 441 500 570 628 3 6 10 12 12 14 15 18 22 23
4 4 70 131 208 275 328 378 438 489 553 622 1 1 2 8 8 8 9 11 14 16
4 5 63 127 176 231 291 351 403 469 511 554 0 1 1 2 2 2 4 4 7 7
4 6 51 128 174 236 288 356 417 468 511 577 5 5 6 7 8 9 9 11 15 16
4 7 59 141 194 243 292 350 411 462 510 567 2 3 4 6 9 12 12 14 17 17
4 8 55 119 173 246 290 362 428 489 556 606 6 7 10 14 16 20 21 23 24 25
4 9 78 128 183 242 313 379 447 502 558 628 4 6 6 7 8 10 13 16 17 21
4 10 77 130 190 241 298 368 438 492 549 598 6 9 11 12 12 14 16 18 19 22
5 0 79 146 207 278 349 409 482 535 602 667 0 1 4 6 10 12 15 17 18 19
5 1 74 148 224 281 337 403 457 505 565 616 3 6 9 12 15 16 18 22 29 30
5 2 69 115 194 265 327 395 456 525 574 645 4 4 5 10 11 11 15 16 17 17
5 3 76 139 200 269 326 403 459 503 564 642 2 7 9 10 10 12 12 13 16 16
5 4 75 138 183 253 329 385 445 503 551 617 3 6 7 8 8 10 15 17 17 18
5 5 70 142 207 264 319 380 450 520 582 635 1 3 5 6 7 9 12 13 18 19
5 6 67 120 190 244 300 351 409 461 520 589 8 11 13 15 18 19 20 23 25 29
5 7 61 143 212 263 331 382 456 512 563 617 1 5 7 8 9 11 14 16 17 20
5 8 69 116 177 243 293 344 401 425 485 545 6 11 12 13 14 16 18 20 21 23
5 9 52 123 192 255 300 343 401 455 498 553 1 4 4 5 7 9 14 17 18 19
5 10 75 147 212 269 330 366 421 483 533 585 2 2 3 3 3 3 4 9 10 13
6 0 55 124 190 272 333 404 472 520 594 662 5 5 6 7 9 13 13 13 15 16
6 1 63 139 220 280 346 408 482 539 600 659 5 8 10 11 12 13 14 15 17 18
6 2 61 145 214 279 336 395 458 513 579 629 1 4 6 7 11 11 14 15 16 18
6 3 92 182 252 311 362 416 467 536 581 644 2 5 6 6 7 7 7 8 8 8
6 4 60 139 213 266 331 395 468 538 614 674 2 5 9 10 10 11 14 17 19 20
6 5 67 116 190 262 330 392 446 529 570 634 4 5 6 7 10 11 11 12 12 13
6 6 79 126 194 246 318 365 432 491 539 588 1 2 2 6 7 11 12 16 17 19
6 7 77 122 186 250 308 361 420 481 541 600 2 2 4 5 6 6 9 10 13 15
6 8 71 124 179 241 315 374 431 480 538 600 2 4 6 7 8 9 9 11 13 16
6 9 59 125 207 262 309 363 425 480 527 596 2 3 4 6 7 8 9 10 10 13
6 10 68 142 200 244 320 384 439 504 557 608 1 2 4 5 7 9 10 11 12 13
7 0 71 139 201 249 311 377 435 497 548 634 4 7 9 11 14 15 18 19 21 24
7 1 63 148 214 299 364 429 486 543 593 642 5 9 10 13 14 16 19 19 19 21
7 2 67 143 188 258 318 397 458 519 591 646 2 4 5 6 6 8 12 12 16 19
7 3 76 142 202 272 328 400 462 528 585 645 2 7 8 10 11 11 11 13 16 18
7 4 74 129 192 245 300 353 403 442 510 561 4 4 4 5 6 8 8 11 13 13
7 5 71 124 193 263 359 423 484 537 594 640 4 4 9 14 17 19 21 25 25 26
7 6 53 140 212 275 354 399 460 510 561 623 2 4 5 6 7 8 9 9 10 11
7 7 62 120 175 241 299 355 409 457 515 575 1 1 5 8 9 11 15 16 16 17
7 8 64 108 186 251 330 370 421 488 544 602 3 4 5 6 7 8 8 11 11 12
7 9 71 119 168 216 278 330 388 430 501 544 7 9 12 12 13 16 16 17 18 19
7 10 56 109 149 212 280 325 375 446 509 575 3 6 9 10 13 14 16 16 18 18
8 0 69 138 198 260 317 371 448 499 560 621 1 4 7 7 8 15 19 22 25 26
8 1 68 134 181 253 311 360 405 464 515 568 2 7 11 13 15 15 15 17 18 18
8 2 57 118 188 254 306 358 395 471 540 587 4 6 6 6 8 10 11 13 15 16
8 3 64 139 189 243 307 367 429 477 544 603 1 5 6 8 8 9 10 11 12 13
8 4 92 151 186 244 320 368 445 499 556 598 2 5 6 6 9 10 11 14 20 20
8 5 53 112 155 206 271 332 401 462 515 588 1 1 4 8 8 9 9 11 11 12
8 6 61 131 207 257 312 360 402 463 506 563 1 3 6 10 16 18 18 20 20 24
8 7 63 138 202 252 319 382 445 487 538 602 6 8 12 12 14 17 18 18 18 20
8 8 71 129 205 256 319 356 407 450 502 568 3 3 6 7 7 8 8 9 12 15
8 9 76 147 199 259 319 380 430 467 521 566 6 9 9 11 12 14 17 18 18 19
8 10 74 129 177 248 307 362 422 480 538 600 3 6 8 10 10 11 13 14 14 17
9 0 81 148 213 294 344 411 451 521 601 678 1 5 8 14 17 19 21 21 22 24
9 1 61 120 174 253 322 375 455 527 577 648 3 6 7 10 13 17 24 26 30 33
9 2 51 107 191 266 316 375 441 500 557 629 4 5 8 8 11 15 20 22 24 25
9 3 84 148 194 257 314 358 407 454 522 591 1 3 5 6 9 10 11 12 16 19
9 4 58 109 177 246 328 387 445 511 576 633 1 4 7 9 10 13 15 15 17 18
9 5 64 123 184 236 294 345 427 481 546 590 3 6 7 7 8 11 13 15 18 19
9 6 70 124 163 217 281 345 410 479 533 580 2 2 2 3 3 5 5 6 6 11
9 7 79 135 192 251 311 359 415 474 532 574 1 2 4 6 9 11 12 12 12 14
9 8 80 156 217 265 310 365 433 493 538 592 5 9 9 10 11 12 16 17 19 20
9 9 69 135 203 252 305 362 409 465 526 580 4 6 9 10 12 15 17 19 22 24
9 10 81 148 211 253 305 358 410 472 519 569 1 2 4 6 8 8 10 14 15 15
10 0 79 138 200 261 330 403 467 552 636 689 7 11 12 15 17 20 22 24 27 30
10 1 78 157 212 278 346 392 447 500 562 630 1 5 8 10 11 13 15 17 18 22
10 2 68 124 171 233 294 347 410 467 521 588 2 2 2 3 4 5 6 9 10 13
10 3 66 132 211 276 352 412 466 517 574 631 2 6 7 9 10 12 12 15 16 17
10 4 60 113 171 238 301 363 419 492 567 626 1 2 3 6 8 10 11 13 15 18
10 5 62 112 178 236 301 355 410 459 514 570 2 4 8 11 12 13 16 16 18 20
10 6 74 138 207 268 302 369 436 498 539 579 5 7 7 8 8 8 10 13 14 14
10 7 77 150 207 267 327 385 437 511 594 643 3 8 9 12 14 14 14 16 19 19
10 8 77 130 199 246 303 360 419 465 514 560 5 6 8 8 10 10 10 11 12 12
10 9 83 112 172 220 274 348 400 454 527 589 1 3 5 8 10 11 11 14 16 19
10 10 76 142 201 276 342 385 432 467 524 571 3 5 9 10 14 16 16 17 20 21