0 0 85 156 224 288 352 427 485 544 613 674 5 7 7 9 9 10 12 15 18 20
0 1 78 149 209 271 342 425 483 557 617 704 2 4 5 5 6 8 11 12 13 20
0 2 79 132 203 271 325 391 467 532 598 668 0 1 1 5 6 7 9 11 12 13
0 3 63 106 183 254 319 368 428 493 558 646 4 4 7 7 10 13 15 17 17 22
0 4 76 133 202 256 315 382 440 502 577 657 6 8 10 12 14 14 16 16 18 18
0 5 66 139 204 290 353 420 476 535 591 671 2 3 5 6 9 13 15 17 18 21
0 6 62 134 196 272 333 394 458 523 595 648 2 5 9 10 13 16 18 20 20 21
0 7 69 133 200 263 339 403 473 538 592 659 2 5 6 9 9 10 11 13 14 19
0 8 79 150 221 285 338 395 455 509 571 647 5 6 7 9 12 13 15 18 21 23
0 9 69 126 186 257 320 381 445 518 575 636 2 6 6 7 11 13 18 19 19 24
0 10 61 144 228 297 358 435 504 581 639 715 5 9 12 13 18 19 20 20 22 24
1 0 81 134 200 278 329 401 474 521 586 635 10 10 12 13 13 14 16 16 16 19
1 1 69 125 181 253 298 363 410 462 542 583 2 4 6 7 8 9 12 13 17 18
1 2 85 157 242 306 380 458 530 582 639 679 3 6 8 8 9 13 14 17 20 21
1 3 71 126 187 259 309 383 446 495 568 642 2 4 4 4 4 5 8 9 12 14
1 4 78 159 218 269 334 381 439 498 546 607 2 8 10 14 16 16 19 19 22 25
1 5 61 131 186 256 324 392 452 514 564 628 2 5 8 13 13 13 15 18 21 22
1 6 59 127 187 242 302 373 428 493 558 617 3 3 3 4 5 10 11 13 15 15
1 7 81 155 219 295 363 428 498 547 612 677 0 4 6 6 8 11 14 16 17 21
1 8 69 133 179 233 288 345 402 461 507 575 4 5 5 8 8 9 9 11 14 17
1 9 78 152 227 271 339 407 460 532 598 666 0 2 5 6 9 9 11 13 14 17
1 10 100 155 223 268 333 413 484 539 600 672 1 2 7 8 13 13 13 15 18 20
2 0 73 155 215 275 342 392 444 497 544 596 2 3 3 4 8 11 14 16 18 20
2 1 87 150 215 277 331 387 447 512 576 632 2 6 8 11 15 19 21 23 25 28
2 2 76 158 202 268 323 399 465 530 594 647 5 8 9 10 14 18 19 19 20 22
2 3 63 108 182 256 312 378 456 522 586 655 2 4 7 10 11 13 18 19 20 22
2 4 80 136 200 256 307 369 426 478 531 597 5 6 7 7 11 11 13 14 16 21
2 5 71 138 203 268 319 395 459 513 565 625 3 4 6 8 8 11 13 14 17 23
2 6 67 141 209 278 335 403 464 516 567 619 4 7 8 9 16 17 19 22 25 28
2 7 70 115 188 247 300 378 439 493 540 581 3 7 7 9 9 11 13 13 14 15
2 8 77 128 181 255 317 372 429 493 535 592 4 7 9 12 14 15 16 17 18 20
2 9 75 129 196 274 318 358 416 467 539 596 3 8 13 16 16 18 18 18 20 20
2 10 60 107 161 216 282 343 411 460 515 573 1 3 6 9 10 12 14 14 16 17
3 0 71 146 236 279 338 395 469 520 583 654 4 6 10 13 14 15 16 22 23 24
3 1 72 151 228 294 340 409 468 526 578 629 4 7 7 10 13 19 21 22 23 24
3 2 66 126 182 248 331 401 446 512 579 652 2 5 11 13 14 16 16 20 22 22
3 3 75 124 191 259 320 376 433 493 551 620 4 8 10 13 15 17 18 19 20 21
3 4 72 141 199 247 297 364 419 488 554 608 3 3 6 7 11 11 14 14 17 17
3 5 62 136 193 270 313 364 425 483 558 624 2 5 8 10 12 13 14 18 20 20
3 6 64 146 209 265 331 369 426 487 534 590 3 4 7 11 13 16 19 21 23 26
3 7 69 132 213 272 318 380 445 511 568 640 1 4 6 9 10 11 12 15 15 16
3 8 76 142 206 275 325 385 460 520 588 648 1 3 4 5 7 10 14 14 19 21
3 9 69 140 200 277 328 382 443 506 551 618 2 6 9 13 16 17 19 23 23 26
3 10 79 145 196 281 341 387 457 530 604 667 0 3 4 8 10 12 15 15 17 18
4 0 82 160 219 288 373 431 490 547 606 654 3 6 8 13 14 17 20 21 24 28
4 1 62 129 200 255 313 379 437 488 539 591 1 4 5 7 7 7 8 10 14 16
4 2 85 151 218 276 319 376 434 500 547 616 2 3 4 5 6 7 13 15 16 22
4 3 77 138 197 259 323 376 435 504 585 650 3 5 7 8 10 11 12 14 15 15
4 4 69 128 207 289 350 427 493 558 621 669 2 4 6 8 8 9 10 10 12 13
4 5 63 137 202 260 321 381 439 517 580 635 1 2 4 10 11 12 12 13 16 16
4 6 58 138 201 263 344 391 448 499 556 636 2 4 6 6 8 11 13 14 16 16
4 7 82 156 201 259 305 358 407 450 492 552 0 0 4 5 5 9 10 11 11 12
4 8 65 123 174 249 309 372 434 500 563 609 1 4 5 8 12 14 18 19 19 21
4 9 59 124 184 224 276 328 397 455 508 548 1 5 6 6 7 7 9 11 11 11
4 10 67 158 227 282 346 393 450 509 563 631 2 4 5 8 10 10 10 11 12 12
5 0 58 131 201 262 335 387 454 503 572 652 3 6 9 9 10 12 13 15 17 19
5 1 75 131 181 256 303 357 427 479 546 625 3 4 5 5 7 8 10 11 13 14
5 2 69 135 202 254 318 400 464 526 579 658 4 7 8 9 9 12 15 16 18 19
5 3 67 117 174 222 284 334 405 461 528 592 3 3 4 5 8 12 13 16 20 21
5 4 67 135 200 276 337 389 445 511 570 630 3 6 7 10 16 17 20 22 25 28
5 5 70 140 173 233 305 354 413 465 528 596 2 3 3 4 6 7 7 9 11 13
5 6 61 113 157 216 281 338 396 450 496 533 5 9 10 13 16 17 19 21 22 23
5 7 88 142 206 245 314 388 448 516 580 646 2 2 2 3 8 10 11 11 12 16
5 8 73 128 182 256 302 354 400 461 522 583 4 8 9 14 15 16 17 17 18 20
5 9 72 125 195 258 309 385 442 496 562 635 2 2 5 6 7 8 11 15 18 19
5 10 69 139 189 244 303 348 412 479 535 595 4 9 12 13 13 13 17 19 20 23
6 0 72 133 197 250 295 357 410 484 559 632 2 3 6 7 10 13 13 14 17 18
6 1 71 139 195 263 333 393 453 510 566 627 1 4 6 7 8 9 10 12 12 14
6 2 58 111 192 257 319 380 423 477 533 607 1 1 2 5 8 11 12 14 14 15
6 3 75 154 227 268 339 381 407 463 517 573 2 3 4 4 4 4 6 8 9 10
6 4 74 135 197 276 353 401 464 531 569 616 4 6 8 9 9 12 12 12 14 15
6 5 76 151 209 270 333 395 452 519 587 649 4 7 8 13 14 15 16 19 22 23
6 6 77 152 225 279 337 394 444 501 557 616 2 5 6 7 8 10 12 15 15 16
6 7 46 119 191 252 280 329 387 436 494 535 0 0 0 2 2 3 5 5 6 8
6 8 70 140 200 270 341 402 468 532 602 673 4 7 11 13 17 17 19 23 25 27
6 9 69 136 187 244 309 361 432 465 513 572 0 4 8 10 13 14 15 17 17 17
6 10 62 136 193 258 303 365 417 466 513 574 3 3 4 4 5 6 8 8 8 9
7 0 72 154 203 275 329 394 449 511 568 621 2 4 7 11 12 14 17 20 23 27
7 1 69 142 202 272 337 393 459 532 583 647 4 5 5 5 10 11 11 14 14 16
7 2 74 138 207 267 329 402 458 517 584 648 4 5 6 7 9 10 10 13 14 17
7 3 80 153 209 268 327 372 447 494 565 608 5 6 9 9 11 14 15 16 19 21
7 4 76 139 203 253 316 368 429 485 546 588 1 3 5 7 8 10 10 11 13 16
7 5 85 157 220 278 335 392 452 511 556 617 0 2 6 7 9 11 14 16 16 18
7 6 66 134 203 266 333 403 455 504 555 602 3 7 7 10 12 13 14 15 15 18
7 7 90 156 218 286 334 392 448 493 550 615 5 8 9 11 12 13 15 16 16 16
7 8 70 131 192 273 321 369 432 493 524 589 5 6 8 12 12 13 13 13 14 14
7 9 67 130 193 254 307 371 425 477 530 585 2 3 3 5 7 9 10 11 17 19
7 10 76 134 203 257 313 371 442 500 568 613 1 3 6 9 9 10 11 11 11 13
8 0 69 130 197 264 334 384 433 487 555 607 2 2 7 8 9 11 12 13 14 15
8 1 56 108 166 244 290 346 424 498 560 611 2 4 7 9 13 16 19 23 24 27
8 2 60 146 225 296 368 440 493 562 619 698 1 3 5 6 8 10 13 18 18 19
8 3 70 126 186 249 314 363 432 478 527 586 2 5 8 11 13 15 17 17 20 21
8 4 71 142 221 283 341 398 463 521 584 629 2 7 12 17 18 19 21 24 27 30
8 5 56 114 171 217 281 327 381 435 492 554 1 2 4 7 8 8 8 8 10 13
8 6 90 139 207 265 334 382 434 494 540 595 3 5 8 12 15 16 18 18 21 23
8 7 81 148 218 275 350 415 465 515 576 648 2 3 5 6 8 11 12 12 13 14
8 8 77 138 208 266 336 397 469 539 591 653 4 4 8 10 11 11 12 14 16 16
8 9 60 116 180 245 309 381 434 500 551 598 2 4 9 10 13 13 13 14 14 18
8 10 60 127 182 243 278 340 392 467 515 557 6 10 13 17 19 24 28 29 30 31
9 0 76 148 197 264 322 387 447 520 579 644 1 3 3 4 7 7 9 10 13 16
9 1 57 130 199 247 288 337 398 480 545 595 2 2 4 5 7 8 11 12 12 13
9 2 83 158 218 276 324 400 450 510 563 624 2 2 4 8 10 11 14 14 15 15
9 3 76 144 202 249 309 366 429 492 545 595 3 5 7 9 12 13 13 17 18 18
9 4 62 113 181 239 311 374 430 508 555 635 7 8 12 13 15 17 19 21 21 22
9 5 66 125 179 254 328 398 464 503 555 625 5 7 9 9 10 12 15 15 18 20
9 6 67 147 208 254 306 374 435 502 544 596 4 5 6 7 7 8 11 12 14 14
9 7 83 143 216 277 334 399 452 514 579 610 4 5 5 10 12 15 17 18 21 22
9 8 83 143 209 257 309 381 425 476 524 595 2 4 6 8 10 13 15 16 17 18
9 9 62 117 189 263 322 393 454 509 560 594 2 5 6 7 8 10 12 14 14 15
9 10 67 136 195 253 307 366 406 469 532 584 2 3 6 7 9 9 11 12 13 15
10 0 69 127 198 252 334 392 451 505 566 614 2 2 5 7 7 9 17 17 18 19
10 1 66 135 202 266 323 372 423 486 544 603 3 4 5 5 8 8 9 11 13 15
10 2 77 142 201 259 329 386 437 482 545 622 1 3 4 5 5 7 7 11 13 13
10 3 66 132 187 248 302 364 409 476 516 557 3 10 11 12 13 15 17 19 23 25
10 4 71 147 218 281 359 420 477 538 587 652 0 4 8 10 14 16 17 17 18 24
10 5 50 108 156 228 278 333 371 414 457 513 2 2 3 3 6 9 10 12 12 12
10 6 76 157 223 288 353 409 470 510 573 628 6 7 10 11 12 13 13 14 16 18
10 7 53 124 186 255 297 354 414 474 537 581 1 4 6 7 7 8 8 11 13 13
10 8 67 149 200 260 317 354 428 503 544 616 2 3 5 6 7 9 10 11 12 13
10 9 63 128 199 247 299 362 425 495 546 607 1 2 3 5 8 8 10 11 13 17
10 10 51 117 192 240 290 325 385 457 502 542 2 3 7 7 9 10 10 13 14 18