0 0 6 11 14 21 27 33 39 46 51 58 1 6 6 6 6 6 7 7 7 8
0 1 13 25 31 41 45 54 59 66 71 76 0 1 1 1 2 4 4 5 6 8
0 2 9 19 26 34 43 50 63 69 80 88 0 0 1 2 2 2 3 3 3 3
0 3 6 18 23 39 47 57 64 68 76 85 1 1 1 2 2 2 2 2 2 3
0 4 10 23 35 52 59 69 75 81 90 101 1 2 2 2 3 4 4 4 4 5
0 5 9 14 23 34 45 51 63 71 79 89 0 0 1 3 6 6 7 9 9 9
0 6 8 21 31 41 47 50 55 58 64 72 2 2 3 3 3 3 3 3 3 3
0 7 7 22 29 40 50 57 69 75 79 90 2 4 5 6 8 8 9 9 10 10
0 8 10 20 27 34 41 51 62 72 80 87 0 0 2 2 2 3 4 4 4 5
0 9 9 15 29 37 45 54 66 74 85 92 1 1 1 1 3 5 5 7 8 9
0 10 9 19 31 41 50 64 72 82 89 95 0 1 1 1 1 2 3 5 6 7
1 0 12 23 36 46 60 72 81 89 92 103 1 2 4 4 5 6 7 9 11 12
1 1 10 20 30 41 51 63 69 84 91 99 0 0 0 3 4 4 6 6 6 6
1 2 5 12 27 35 44 55 64 72 80 85 0 1 1 2 3 3 3 4 4 4
1 3 11 18 27 35 41 50 61 67 74 84 0 0 2 2 2 3 3 3 3 3
1 4 5 15 25 35 43 55 65 74 82 89 1 1 1 1 2 2 4 4 4 4
1 5 11 17 25 34 44 52 58 61 70 78 2 2 3 3 4 4 5 6 6 7
1 6 9 16 22 32 40 48 58 64 71 80 0 0 0 0 0 2 4 6 7 7
1 7 9 12 23 30 41 49 57 67 70 79 0 1 1 2 3 3 3 4 5 7
1 8 10 18 27 33 42 49 60 71 76 88 1 2 2 3 4 4 4 5 5 5
1 9 10 22 28 39 48 57 64 74 85 96 0 1 3 3 3 4 4 4 5 7
1 10 10 13 28 41 50 56 62 72 77 83 0 1 1 1 1 2 2 3 3 3
2 0 13 19 25 34 45 53 63 71 75 82 1 4 4 4 6 6 7 8 8 8
2 1 10 20 31 34 44 50 59 64 69 76 1 2 4 4 5 6 8 11 12 12
2 2 16 24 31 37 48 54 66 72 83 89 0 1 1 1 2 3 4 5 6 7
2 3 12 21 28 39 47 57 67 80 89 96 2 4 6 6 6 6 7 8 8 8
2 4 8 20 28 35 46 60 73 81 90 99 3 3 4 5 5 5 7 7 8 8
2 5 15 23 29 39 46 52 56 63 71 81 2 3 4 5 5 6 8 8 8 8
2 6 5 12 17 27 35 47 53 60 70 80 1 2 2 5 5 5 5 7 9 9
2 7 7 16 23 30 45 50 58 68 77 84 1 2 2 3 4 4 5 5 5 6
2 8 9 20 28 37 46 55 63 70 78 87 0 1 1 2 4 5 6 6 6 7
2 9 10 16 24 34 40 51 61 71 80 88 0 1 1 1 1 2 4 4 6 7
2 10 4 13 23 30 39 50 62 71 77 82 1 2 4 4 4 4 5 5 5 5
3 0 7 19 29 36 47 61 68 80 87 95 0 0 0 0 1 1 2 5 5 5
3 1 11 18 25 33 39 53 60 69 76 84 1 1 1 1 2 3 4 4 5 6
3 2 3 14 22 31 37 45 53 63 70 77 0 2 2 3 3 3 3 4 4 5
3 3 10 22 29 44 49 59 65 69 77 83 0 1 3 4 4 4 5 5 5 5
3 4 4 12 19 25 35 46 56 63 77 81 0 1 2 2 4 5 8 8 8 8
3 5 5 14 22 30 48 55 68 76 85 92 0 1 1 1 3 4 4 7 9 10
3 6 8 15 21 25 34 42 54 61 75 88 0 1 3 3 3 5 5 6 7 8
3 7 7 16 23 29 38 44 51 56 66 77 0 1 3 5 5 7 9 10 11 11
3 8 13 21 29 36 45 55 63 77 88 99 1 1 2 3 4 6 6 7 7 7
3 9 13 21 28 35 41 47 54 65 75 82 0 0 0 0 0 2 4 4 5 8
3 10 8 17 25 36 45 59 66 73 84 95 0 0 2 3 3 3 3 4 7 8
4 0 9 16 23 31 40 47 53 63 69 77 3 5 5 6 6 6 6 7 7 7
4 1 13 23 31 41 51 57 65 72 80 87 1 2 3 6 6 8 9 9 10 12
4 2 8 17 24 32 37 48 55 62 73 81 1 2 4 4 4 5 6 8 10 10
4 3 10 18 24 31 39 47 53 61 69 74 2 2 4 5 7 10 10 11 12 13
4 4 7 16 28 42 54 62 65 71 77 86 0 1 2 2 3 3 3 6 8 8
4 5 8 14 30 42 53 64 80 90 99 107 1 2 5 6 7 8 9 9 9 10
4 6 6 13 23 31 33 41 47 57 62 73 0 0 0 0 0 1 3 3 3 3
4 7 7 21 32 45 55 62 70 81 93 106 1 1 1 2 4 4 4 6 6 8
4 8 10 20 24 36 45 56 68 73 80 93 0 2 2 2 2 2 2 2 4 5
4 9 6 15 23 34 44 54 58 64 69 82 1 1 1 1 3 3 3 3 4 6
4 10 6 18 28 38 45 53 63 72 80 86 0 2 2 2 2 2 5 5 5 6
5 0 7 14 25 37 44 53 64 72 79 88 1 2 2 3 4 5 5 5 5 5
5 1 15 29 37 44 55 67 75 85 93 102 0 0 0 1 2 3 4 7 7 9
5 2 8 21 31 41 50 61 66 76 87 99 0 0 0 0 0 0 0 0 0 1
5 3 9 21 27 34 46 53 64 72 83 89 1 1 2 3 4 4 5 7 9 10
5 4 5 9 20 33 42 46 52 64 74 85 1 1 1 1 2 2 4 4 4 4
5 5 7 14 20 29 38 46 54 62 73 82 2 3 4 4 4 5 6 8 8 8
5 6 11 24 34 38 43 50 61 67 72 79 1 1 1 1 1 2 3 5 5 6
5 7 7 15 23 29 40 53 59 67 78 90 0 1 1 2 4 4 4 5 8 9
5 8 7 21 29 42 54 64 71 77 83 90 0 3 4 5 5 5 7 7 7 8
5 9 13 22 32 44 54 61 66 75 82 92 2 2 3 4 4 7 7 8 8 9
5 10 10 19 30 39 48 60 63 67 72 82 0 0 1 1 2 2 4 4 5 5
6 0 15 21 34 40 49 55 64 70 76 87 1 1 1 1 1 2 4 4 4 4
6 1 8 17 21 32 43 49 56 65 73 83 2 3 4 4 5 5 5 5 6 7
6 2 8 18 27 34 44 50 60 64 76 80 1 1 3 6 7 7 7 9 10 10
6 3 12 22 32 41 51 62 72 79 87 90 0 1 1 1 2 2 2 3 5 5
6 4 9 23 30 35 40 51 59 69 75 83 0 2 2 2 2 2 2 4 5 7
6 5 13 24 29 44 56 66 71 78 82 95 1 3 4 8 8 9 9 9 9 9
6 6 5 14 27 35 43 50 59 66 76 85 0 0 1 1 2 2 2 2 3 3
6 7 10 17 29 35 49 55 61 68 76 84 0 0 0 0 0 2 2 3 4 5
6 8 8 21 34 40 48 56 64 69 81 86 0 1 2 4 6 6 6 7 8 8
6 9 9 16 27 38 48 59 69 75 80 87 1 2 2 3 3 3 3 3 5 6
6 10 7 19 35 42 51 62 73 79 86 92 1 3 3 3 5 7 7 7 9 10
7 0 11 21 31 38 46 56 64 73 85 93 0 0 1 1 1 2 4 4 4 5
7 1 12 18 30 38 44 51 59 66 74 83 0 0 0 1 2 3 3 3 3 3
7 2 9 11 22 29 36 46 58 65 77 83 0 0 1 1 2 3 3 4 6 6
7 3 9 17 27 36 46 53 59 69 80 87 0 0 2 2 2 3 3 3 3 3
7 4 10 18 28 37 52 58 64 72 78 92 0 1 2 2 2 2 3 4 6 7
7 5 9 17 22 30 39 47 52 59 65 75 0 2 2 4 4 4 4 5 5 5
7 6 8 14 24 35 45 55 65 77 83 88 2 2 5 7 8 11 11 11 11 12
7 7 7 12 17 25 33 40 48 60 66 73 1 2 4 4 5 7 8 8 9 9
7 8 6 18 29 36 43 51 57 62 66 70 2 2 2 4 4 4 4 4 6 6
7 9 10 22 30 34 42 52 59 64 72 80 1 2 2 3 3 4 5 5 6 6
7 10 12 23 31 36 48 56 64 69 76 86 2 2 2 3 3 3 3 4 4 5
8 0 9 19 28 32 38 45 54 61 69 77 0 1 1 1 1 2 3 5 5 6
8 1 10 15 23 32 38 50 56 63 77 88 0 0 2 2 2 4 4 5 5 5
8 2 4 13 26 33 40 48 54 60 69 79 1 4 4 4 6 7 7 7 9 9
8 3 7 19 27 36 44 49 60 69 77 84 1 2 2 3 3 5 7 8 8 9
8 4 10 18 26 36 45 52 57 69 81 90 1 1 1 1 1 4 4 4 5 5
8 5 6 16 27 35 41 50 56 62 72 78 0 2 2 2 4 4 6 7 8 8
8 6 12 24 29 38 48 63 72 84 94 104 1 1 2 4 5 6 6 7 7 8
8 7 11 20 29 36 41 48 61 76 85 98 0 1 1 1 1 1 1 1 2 3
8 8 10 16 27 38 45 52 64 71 80 89 1 2 3 4 5 5 6 6 6 7
8 9 7 21 32 39 50 61 69 77 84 93 0 0 3 3 3 4 5 5 5 5
8 10 11 19 33 41 49 58 65 70 76 82 0 1 2 2 2 2 2 2 2 3
9 0 6 12 22 29 36 44 53 61 67 79 0 0 0 1 3 3 3 4 4 4
9 1 11 18 27 34 46 54 68 72 76 81 1 1 2 2 2 2 2 3 4 4
9 2 10 16 20 27 38 48 60 64 67 76 2 3 3 3 4 4 4 5 5 6
9 3 8 18 32 42 49 61 68 73 81 86 0 0 0 0 0 1 3 3 4 4
9 4 7 19 28 38 47 53 62 77 81 90 5 6 6 9 9 10 12 12 12 12
9 5 11 17 23 29 45 56 66 76 88 99 3 4 4 5 5 6 6 7 7 8
9 6 12 17 28 31 37 44 53 62 65 71 0 0 1 1 2 3 3 3 3 4
9 7 13 22 27 35 46 48 62 68 76 78 1 3 4 4 5 5 5 5 6 6
9 8 7 15 21 35 39 46 51 59 68 81 0 0 2 2 2 3 5 6 6 7
9 9 9 17 24 37 44 55 62 69 77 86 0 3 4 4 4 6 6 8 9 10
9 10 9 23 31 46 52 60 68 78 86 93 1 2 4 4 5 5 5 5 5 5
10 0 10 21 32 43 46 57 70 80 88 102 1 2 2 3 4 5 7 7 7 7
10 1 5 14 20 28 36 44 50 59 69 80 1 4 4 4 5 5 7 7 9 11
10 2 5 9 18 30 39 47 54 60 66 73 0 2 3 4 6 6 7 11 11 11
10 3 8 18 26 35 43 53 63 71 77 85 1 2 3 4 5 6 8 9 9 9
10 4 13 19 25 34 41 52 60 72 78 87 0 0 0 0 0 0 0 1 1 1
10 5 12 18 28 39 43 50 58 67 79 84 4 4 4 5 5 7 7 7 8 9
10 6 10 23 34 43 52 60 69 79 87 91 1 2 6 7 8 9 9 10 11 11
10 7 9 16 22 32 50 58 69 82 90 96 0 0 0 1 1 4 4 4 4 5
10 8 9 16 26 35 43 56 66 75 84 96 1 2 3 3 3 3 3 3 4 4
10 9 10 21 31 35 42 56 64 72 75 79 0 0 0 0 2 2 3 3 3 5
10 10 9 19 27 32 40 53 63 70 78 81 0 1 2 2 2 4 4 5 6 7