32 28 18 22
10 18 41 31
6 23 22 49
13 23 28 36
10 2 42 46
1 4 41 54
20 45 18 17
13 32 30 25
16 7 33 44
14 18 18 50
12 28 33 27
7 32 25 36
12 12 27 49
12 15 37 36
4 19 33 44
5 27 27 41
6 20 45 29
10 15 27 48
9 19 42 30
15 23 28 34
12 25 28 35
10 14 31 45
8 18 37 37
15 22 24 39
12 23 26 39
8 17 26 49
8 17 36 39
12 22 26 40
12 21 26 41
10 20 27 43
8 18 38 36
14 22 27 37
10 23 27 40
10 18 29 43
5 22 35 38
8 20 31 41
12 15 31 42
11 16 31 42
16 33 39 12
27 34 12 27
16 31 20 33
3 17 28 52
4 21 42 33
15 22 29 34
8 23 32 37
11 7 35 47
16 10 34 40
11 14 32 43
17 33 5 45
18 30 9 43
19 31 34 16
6 28 32 34
28 12 10 50
18 18 11 53
10 29 27 34
4 21 40 35
10 20 29 41
6 19 32 43
8 26 31 35
9 21 35 35
15 21 28 36
10 18 30 42
10 23 29 38
9 18 34 39
11 19 29 41
11 20 29 40
10 20 31 39
9 20 31 40
11 20 29 40
10 21 29 40
12 14 33 41
9 23 46 22
21 23 32 24
18 20 29 33
9 13 31 47
12 15 39 34
13 23 30 34
15 21 28 36
10 15 29 46
8 16 39 37
11 23 29 37
14 18 29 39
8 18 29 45
8 19 33 40
9 22 30 39
11 20 29 40
11 19 29 41
9 20 31 40
11 20 29 40
9 20 32 39
10 21 29 40
11 20 29 40
12 17 31 40
10 20 32 38
11 19 29 41
11 20 30 39
4 25 31 40
8 19 32 41
10 22 28 40
12 19 28 41
9 20 37 34
10 22 28 40
10 25 28 37
15 19 28 38
9 19 33 39
10 19 28 43
10 22 28 40
11 22 28 39
10 19 31 40
8 20 30 42
10 22 28 40
10 20 30 40
8 20 31 41
15 22 36 27
10 27 30 33
17 11 30 42
14 20 22 44
14 13 36 37
14 22 26 38
7 16 27 50
10 22 30 38
7 20 34 39
14 17 28 41
9 19 28 44
9 22 30 39
10 21 30 39
11 19 29 41
11 19 29 41
9 20 32 39
11 20 29 40
11 21 29 39
9 20 29 42
9 21 31 39
11 20 30 39
11 16 31 42
9 18 30 43
9 22 30 39
13 18 29 40
9 19 32 40
9 20 30 41
10 20 29 41
10 20 31 39
10 22 29 39
10 20 30 40
10 20 29 41
10 17 33 40
13 17 31 39
4 19 31 46
7 22 30 41
9 22 30 39
13 23 22 42
13 21 26 40
9 19 30 42
9 21 30 40
14 21 28 37
11 21 30 38
9 20 30 41
9 19 30 42
12 20 30 38
13 22 26 39
10 21 29 40
9 20 29 42
9 20 31 40
13 15 29 43
11 19 31 39
10 21 29 40
9 21 31 39
10 19 29 42
10 20 31 39
9 20 30 41
10 21 30 39
12 19 29 40
10 21 30 39
9 20 31 40
9 20 30 41
10 19 31 40
10 20 29 41
12 19 30 39
9 22 30 39
10 19 31 40
11 19 29 41
10 20 30 40
9 23 29 39
10 20 31 39
11 20 30 39
9 19 29 43
10 20 31 39
10 20 30 40
11 19 30 40
9 20 29 42
9 20 32 39
9 21 30 40
10 20 30 40
11 21 29 39
10 17 30 43
10 19 30 41
10 21 30 39
10 21 30 39
10 22 26 42
8 20 30 42
11 22 27 40
11 20 29 40
9 19 30 42
10 19 30 41
17 22 35 26
10 25 34 31
12 22 30 36
9 21 28 42
12 19 32 37
10 24 29 37
11 19 31 39
9 19 29 43
11 19 30 40
12 20 29 39
9 21 30 40
9 20 31 40
10 20 30 40
10 20 31 39
10 20 29 41
10 20 29 41
10 18 31 41
9 21 31 39
11 18 30 41
10 19 30 41
12 20 29 39
9 20 31 40
9 20 30 41
11 20 30 39
11 20 30 39
10 19 29 42
10 20 31 39
10 21 29 40
11 21 29 39
10 21 30 39
8 19 32 41
8 21 32 39
11 19 29 41
10 19 29 42
8 19 33 40
8 24 29 39
10 20 29 41
10 20 29 41
9 20 31 40
10 21 30 39
11 20 29 40
9 19 31 41
11 20 29 40
11 21 29 39
9 20 32 39
9 21 29 41
9 19 31 41
11 21 29 39
9 19 31 41
11 19 30 40
11 19 30 40
9 21 31 39
10 21 30 39
9 20 31 40
13 20 25 42
10 21 28 41
9 20 31 40
11 20 29 40
9 20 31 40
14 16 36 34
13 18 29 40
11 20 32 37
10 22 31 37
13 19 30 38
9 19 30 42
10 23 29 38
11 20 30 39
9 20 30 41
9 19 31 41
11 20 30 39
11 21 29 39
10 19 32 39
9 19 29 43
10 22 29 39
9 20 31 40
11 19 30 40
9 20 31 40
11 20 29 40
11 19 30 40
10 21 29 40
10 19 30 41
9 21 32 38
10 19 30 41
10 19 31 40
10 22 30 38
9 20 32 39
13 25 18 44
12 25 21 42
12 19 26 43
11 20 30 39
11 21 28 40
10 22 28 40
9 20 29 42
10 20 31 39
11 15 32 42
11 19 29 41
9 22 29 40
10 20 30 40
11 20 30 39
9 19 31 41
10 21 29 40
11 19 30 40
11 19 30 40
9 20 30 41
11 25 32 32
10 21 31 38
10 21 29 40
11 20 31 38
10 20 31 39
9 20 30 41
10 18 30 42
11 19 29 41
10 21 30 39
9 21 30 40
11 19 30 40
10 20 31 39
10 19 30 41
12 22 21 45
11 23 27 39
10 19 31 40
13 19 28 40
5 23 31 41
8 22 30 40
9 19 30 42
10 21 29 40
13 21 31 35
11 19 31 39
9 20 30 41
10 19 31 40
10 21 29 40
9 20 31 40
10 20 30 40
12 20 30 38
10 19 29 42
9 22 30 39
11 20 30 39
10 19 30 41
10 21 29 40
9 21 31 39
11 19 30 40
10 20 30 40
10 19 30 41
9 21 30 40
10 20 29 41
10 20 31 39
10 20 30 40
11 20 30 39
10 21 29 40
11 20 30 39
12 15 31 42
9 17 32 42
11 18 31 40
9 20 31 40
11 22 28 39
11 18 30 41
11 18 30 41
11 20 30 39
11 19 29 41
11 19 31 39
9 22 29 40
10 20 29 41
10 21 29 40
10 19 31 40
10 19 31 40
11 20 29 40
8 20 31 41
13 25 33 29
10 23 32 35
8 22 31 39
9 19 30 42
11 20 30 39
11 20 29 40
10 20 30 40
9 19 30 42
10 20 31 39
11 19 31 39
10 21 30 39
10 23 26 41
10 21 29 40
10 20 30 40
9 19 32 40
9 21 31 39
10 19 29 42
12 19 29 40
10 20 30 40
9 20 30 41
10 20 30 40
9 20 31 40
11 22 29 38
10 19 30 41
11 22 29 38
9 19 31 41
10 20 30 40
11 21 29 39
12 19 30 39
9 21 30 40
9 20 30 41
12 20 29 39
9 19 32 40
10 20 30 40
10 21 29 40
10 19 31 40
9 22 29 40
9 20 31 40
10 21 29 40
12 19 31 38
9 20 31 40
11 20 30 39
10 19 30 41
11 20 30 39
10 19 31 40
10 19 32 39
12 22 23 43
9 22 28 41
10 19 30 41
11 19 29 41
9 21 30 40
11 20 30 39
10 21 30 39
11 19 30 40
11 19 29 41
10 20 31 39
9 20 31 40
9 21 31 39
10 19 31 40
11 20 29 40
9 19 33 39
10 21 30 39
9 21 30 40
11 20 29 40
10 19 31 40
9 21 31 39
10 20 29 41
10 20 30 40
10 19 31 40
10 20 29 41
10 19 32 39
10 19 30 41
9 20 31 40
10 22 29 39
10 22 29 39
10 19 31 40
11 21 29 39
9 19 30 42
10 19 31 40
10 19 30 41
9 20 31 40
11 21 29 39
10 20 29 41
9 21 31 39
10 20 29 41
12 19 30 39
9 20 32 39
10 20 31 39
11 19 30 40
11 19 30 40
10 19 29 42
11 21 29 39
9 20 31 40
9 19 32 40
9 19 32 40
9 20 30 41
10 21 30 39
10 19 31 40
10 20 29 41
9 21 29 41
10 20 30 40
11 21 29 39
10 21 29 40
10 20 30 40
9 21 30 40
9 21 31 39
11 16 32 41
11 18 29 42
10 21 30 39
9 19 32 40
11 21 29 39
11 19 30 40
10 19 29 42
9 21 30 40
10 19 32 39
10 21 29 40
11 21 29 39
9 20 30 41
10 21 30 39
11 20 29 40
9 19 30 42
10 19 32 39
10 20 30 40
10 20 30 40
9 20 30 41
11 19 31 39
10 20 29 41
9 21 31 39
11 21 29 39
10 20 31 39
11 20 30 39
10 20 29 41
10 19 29 42
9 21 30 40
11 19 31 39
11 20 29 40
11 19 30 40
9 21 30 40
11 20 30 39
9 21 29 41
10 21 30 39
10 20 29 41
9 21 31 39
10 20 30 40
9 21 30 40
10 15 32 43
11 15 31 43
12 15 34 39
11 20 30 39
11 18 25 46
12 19 30 39
12 21 28 39
10 22 28 40
9 20 30 41
12 20 28 40
9 19 31 41
11 21 29 39
9 20 30 41
9 22 30 39
10 19 31 40
11 20 29 40
11 19 29 41
9 20 31 40
9 21 31 39
10 20 30 40
11 19 29 41
10 19 31 40
10 21 30 39
10 20 29 41
9 21 31 39
10 20 31 39
9 21 29 41
12 20 29 39
10 19 31 40
11 20 30 39
10 20 30 40
9 22 29 40
10 19 30 41
10 20 30 40
9 19 30 42
10 20 31 39
10 20 30 40
9 20 30 41
9 20 29 42
11 19 31 39
10 21 30 39
11 19 31 39
12 20 29 39
10 20 29 41
10 20 30 40
9 21 30 40
13 19 29 39
11 20 29 40
11 19 31 39
11 20 30 39
10 19 32 39
10 21 30 39
10 19 29 42
10 20 31 39
7 21 30 42
8 20 32 40
8 21 31 40
8 20 32 40
13 19 29 39
8 20 31 41
9 20 31 40
10 19 30 41
10 21 29 40
10 20 31 39
11 20 29 40
10 20 30 40
10 21 29 40
10 20 31 39
9 19 31 41
10 20 30 40
9 21 30 40
10 19 30 41
12 20 29 39
10 20 30 40
10 20 29 41
9 20 31 40
9 19 32 40
9 20 31 40
9 19 30 42
13 24 36 27
11 22 32 35
10 20 30 40
15 25 22 38
11 20 30 39
13 21 25 41
10 21 26 43
11 20 28 41
11 18 30 41
10 20 30 40
11 19 28 42
9 20 31 40
11 23 29 37
12 19 30 39
10 20 29 41
10 19 30 41
9 22 29 40
9 20 31 40
11 20 30 39
9 20 31 40
10 19 31 40
9 20 31 40
12 20 29 39
10 22 29 39
10 20 29 41
9 20 31 40
9 21 30 40
9 21 30 40
11 19 31 39
10 20 29 41
11 20 29 40
11 19 30 40
10 20 30 40
10 20 31 39
10 19 30 41
10 21 30 39
9 21 30 40
10 19 31 40
9 22 30 39
10 21 29 40
11 19 30 40
9 21 30 40
10 19 31 40
10 20 30 40
10 20 30 40
10 20 30 40
14 23 33 30
12 22 22 44
15 24 28 33
12 22 30 36
9 22 32 37
10 19 30 41
11 19 29 41
11 22 30 37
9 21 31 39
10 19 31 40
10 20 29 41
9 20 30 41
11 20 30 39
12 20 29 39
10 20 31 39
9 19 31 41
9 20 29 42
10 19 31 40
10 22 29 39
10 20 30 40
9 20 31 40
10 20 31 39
10 20 29 41
11 19 30 40
10 21 30 39
10 20 29 41
10 19 31 40
10 21 30 39
11 20 30 39
10 21 29 40
8 20 33 39
9 20 29 42
11 21 29 39
10 19 29 42
11 20 30 39
9 20 31 40
10 21 29 40
10 19 30 41
11 19 29 41
9 22 30 39
10 19 31 40
10 21 30 39
11 19 30 40
10 19 30 41
9 21 30 40
9 23 29 39
10 19 31 40
11 20 29 40
10 19 32 39
9 21 29 41
10 19 30 41
9 19 29 43
11 20 29 40
9 21 30 40
11 20 29 40
10 19 30 41
11 24 30 35
9 22 32 37
9 20 30 41
13 20 30 37
10 19 33 38
10 19 29 42
9 22 30 39
10 20 30 40
12 19 29 40
10 20 31 39
9 20 29 42
9 21 31 39
9 21 31 39
11 20 30 39
10 19 29 42
10 20 30 40
9 22 30 39
10 19 30 41
10 20 29 41
10 20 30 40
10 20 30 40
9 21 30 40
10 20 29 41
11 19 29 41
9 19 32 40
14 20 30 36
9 20 30 41
14 19 31 36
10 24 29 37
10 20 31 39
9 21 30 40
13 19 29 39
9 20 30 41
9 21 30 40
9 19 31 41
11 21 29 39
9 19 31 41
10 19 31 40
11 19 30 40
9 20 29 42
9 20 31 40
10 20 30 40
10 20 29 41
11 19 30 40
15 26 31 28
16 20 31 33
10 20 32 38
9 20 29 42
10 20 30 40
10 21 30 39
11 19 29 41
10 21 30 39
9 22 30 39
10 19 30 41
11 19 30 40
11 19 30 40
9 20 30 41
10 21 30 39
10 20 28 42
9 19 32 40
9 21 30 40
12 19 29 40
10 19 29 42
10 20 31 39
9 21 31 39
11 20 30 39
10 21 29 40
9 20 29 42
10 19 31 40
9 20 31 40
10 21 29 40
10 19 31 40
12 20 29 39
11 19 30 40
10 21 30 39
11 19 29 41
10 20 30 40
10 19 31 40
10 20 30 40
9 21 29 41
9 21 31 39
10 19 30 41
10 19 31 40
11 19 29 41
11 19 31 39
11 20 30 39
11 21 29 39
10 21 30 39
9 20 31 40
10 20 31 39
9 19 29 43
10 20 31 39
10 21 30 39
9 19 32 40
10 20 31 39
12 20 29 39
9 21 30 40
9 21 30 40
11 20 30 39
9 20 30 41
9 20 29 42
10 19 31 40
9 20 30 41
10 20 29 41
10 21 29 40
9 21 29 41
10 19 32 39
12 19 29 40
11 20 29 40
10 20 30 40
10 21 29 40
10 19 30 41
12 19 30 39
11 21 29 39
10 19 31 40
9 19 30 42
11 19 30 40
12 19 29 40
11 21 29 39
10 21 29 40
10 20 30 40
9 21 30 40
11 19 29 41
10 21 29 40
10 20 31 39
10 22 29 39
10 19 30 41
10 22 29 39
9 21 30 40
9 21 30 40
10 20 30 40
10 21 30 39
10 21 30 39
11 19 29 41
9 20 29 42
10 21 30 39
9 19 32 40
10 20 29 41
11 20 29 40
10 19 31 40
10 20 29 41
9 19 32 40
9 21 31 39
9 21 30 40
9 21 30 40
11 21 29 39
11 20 29 40
9 21 30 40
10 19 30 41
10 21 29 40
11 20 29 40
10 19 31 40
9 21 30 40
11 21 29 39
10 20 29 41
9 19 30 42
10 21 30 39
11 19 31 39
12 20 29 39
11 20 29 40
11 20 30 39
9 20 31 40
10 21 30 39
11 20 30 39
10 21 29 40
9 21 29 41
10 19 31 40
9 19 31 41
11 20 29 40
9 19 31 41
9 22 29 40
10 20 30 40
10 20 30 40
9 22 32 37
9 19 32 40
11 20 32 37
11 20 31 38
9 20 33 38
10 19 31 40
10 20 32 38
9 25 25 41
9 21 29 41
11 19 31 39
11 19 30 40
10 20 29 41
10 21 29 40
11 20 29 40
9 22 30 39
10 20 30 40
9 21 29 41
10 19 30 41
9 19 32 40
12 19 29 40
9 20 29 42
9 22 30 39
11 19 31 39
9 19 31 41
11 20 29 40
10 21 29 40
9 20 30 41
11 19 29 41
11 20 30 39
11 21 29 39
10 22 29 39
11 19 29 41
9 19 33 39
10 19 30 41
11 19 31 39
10 20 29 41
11 20 30 39
9 21 29 41
9 21 29 41
9 22 30 39
10 20 29 41
9 19 32 40
10 20 29 41
11 20 30 39
10 20 30 40
9 21 30 40
11 19 30 40
9 20 32 39
10 20 30 40
12 20 29 39
9 19 31 41
9 20 30 41
9 20 29 42
10 20 31 39
11 21 29 39
11 19 29 41
10 19 31 40
9 21 31 39
10 20 29 41
10 20 30 40
10 20 29 41
9 19 32 40
9 22 30 39
12 20 29 39
10 20 30 40
9 22 29 40
9 21 31 39
9 20 30 41
9 21 29 41
11 19 30 40
9 21 30 40
10 20 30 40
11 20 29 40
10 20 29 41
10 21 30 39
11 20 30 39
10 19 31 40
10 20 30 40
10 19 31 40
11 20 30 39
10 20 30 40
10 20 31 39
10 20 29 41
11 20 30 39
8 21 31 40
9 21 30 40
9 19 32 40
10 20 29 41
9 20 31 40
10 21 30 39
11 20 30 39
10 21 29 40
10 20 30 40
10 20 31 39
9 18 34 39
11 20 30 39
10 20 29 41
11 19 31 39
11 19 31 39
10 21 30 39
10 20 30 40
10 19 29 42
9 19 31 41
10 19 31 40
9 19 32 40
10 21 29 40
10 19 30 41
11 19 31 39
11 20 29 40
10 20 31 39
9 21 30 40
10 20 29 41
10 20 29 41
12 19 29 40
11 19 30 40
9 19 30 42
9 19 30 42
9 21 30 40
10 22 30 38
9 20 29 42
11 20 29 40
11 20 31 38
9 19 31 41
9 20 31 40
10 21 30 39
9 22 29 40
10 19 31 40
9 20 30 41
10 19 31 40
10 20 30 40
11 20 29 40