0 0 888 1330 1813 2467 3421 3831 4553 4955 5721 6384
0 1 1179 2175 3299 4265 5544 6105 7477 8480 9860 10686
0 2 1039 1649 2248 3183 3867 4728 5516 6563 7068 8028
0 3 1701 2920 4912 5734 6438 7551 8490 9503 10459 11607
0 4 983 1631 2230 2521 2997 3797 4302 4914 5645 6107
0 5 714 1620 3189 3795 4398 5233 5978 6963 8170 9176
0 6 923 1718 2095 2873 3634 4105 4741 5118 5751 6804
0 7 1251 2079 2705 3853 4285 5089 6156 6793 7426 8532
0 8 611 1355 1783 3204 3888 4462 5284 6565 8024 8631
0 9 1069 1909 2399 3205 4084 5703 7005 8374 9336 10303
0 10 696 1631 2674 3528 4580 4980 6107 7168 8550 9387
1 0 817 1565 2685 3480 4217 4859 5468 5912 6341 6833
1 1 871 2039 2415 2903 3302 3683 3896 4533 4889 5398
1 2 567 1364 1770 2259 2592 2891 3389 3594 3809 4061
1 3 1214 1991 2280 2616 3265 3642 4062 4276 4601 4816
1 4 1869 2616 3055 3555 4114 4499 4879 5151 5427 5694
1 5 737 1820 2228 3052 3561 3974 4320 4888 5116 5510
1 6 1054 1800 2304 2541 2893 3305 3793 4099 4481 4862
1 7 1051 1966 2454 2830 3236 3502 3781 4133 4375 4681
1 8 1141 2039 2686 3256 3551 4085 4387 4657 5018 5484
1 9 544 1173 1923 2662 3254 3993 4318 4751 5314 6278
1 10 1546 2510 3304 4398 5691 6612 6990 8021 8838 9435
2 0 1123 1875 2485 2889 3243 3574 4126 4687 5106 5580
2 1 784 1516 2014 2426 2773 3208 3516 4465 4699 5129
2 2 1160 1845 2495 2889 3248 3743 4293 4657 4886 5189
2 3 1366 1738 2033 2406 2706 3102 3599 3918 4250 4612
2 4 941 1250 2205 2909 3343 3761 4250 4585 5036 5246
2 5 1355 2179 2747 3484 3909 4435 4897 5222 5533 5820
2 6 838 1351 1906 2347 2798 3121 3409 3844 4297 4653
2 7 1087 1789 2276 2691 3099 3388 3929 4401 4933 5250
2 8 1165 1674 2549 2859 3389 3816 4214 4614 5168 5762
2 9 1462 2299 3124 3728 4284 4831 5372 5677 6070 6628
2 10 497 1508 2959 3600 3981 4545 4943 5387 5817 6302
3 0 1347 2316 3203 3756 4278 4640 5137 5511 5983 6653
3 1 609 1228 1462 1868 2165 2457 2810 3266 3631 4191
3 2 871 1416 1842 2438 2754 2943 3211 3603 3935 4199
3 3 1486 1953 2465 3095 3503 3952 4406 4709 4999 5511
3 4 1224 2288 2732 3275 3726 4202 4505 4803 5248 5511
3 5 505 1409 1919 2341 2625 2890 3029 3504 3885 4142
3 6 720 1265 1790 2435 2773 3077 3510 3757 4213 4455
3 7 936 1561 2242 3338 3952 4526 5054 5552 5798 6226
3 8 756 2108 2707 3548 4136 4340 5025 5428 5835 6213
3 9 1088 2251 3828 5507 6702 7782 9059 9749 11145 12123
3 10 710 2085 2601 3426 4050 4594 5436 6126 6903 7374
4 0 940 1469 2325 2810 3546 4348 4746 5378 6153 6730
4 1 1125 1953 2813 3282 3571 3809 4286 4533 4878 5191
4 2 1061 1661 2258 2587 3045 3461 3668 3916 4216 4551
4 3 1020 1805 2451 3224 3606 4160 4629 5040 5248 5777
4 4 569 1142 2178 2419 2754 3168 3589 3970 4333 4708
4 5 1166 2305 2607 3258 3629 3923 4196 4658 4894 5234
4 6 781 1997 2527 3001 3821 4439 4998 5421 5828 6409
4 7 785 1638 2154 2482 2793 3607 4020 4550 4888 5338
4 8 1635 2754 3338 4160 4979 5764 6621 7276 7571 7862
4 9 1416 3037 3570 4711 5516 6373 6960 7786 8106 8795
4 10 1110 1629 2752 3411 4363 4816 5594 5885 6905 7234
5 0 644 1362 2450 2993 3519 4166 4720 5382 5989 6579
5 1 915 1888 2287 2835 3276 3500 3880 4440 5183 5906
5 2 492 1533 1933 2655 3265 4191 4593 4984 5450 5991
5 3 1104 2407 2945 3181 3611 4013 4455 4819 5341 5957
5 4 976 1600 2146 3222 3948 4470 4945 5306 5516 5893
5 5 831 1166 1555 1878 2291 2722 3259 3658 4012 4292
5 6 1179 2040 2477 3194 3747 4004 4469 5079 5320 5551
5 7 1233 2938 3982 4377 4840 5501 6132 6451 7040 7549
5 8 1758 2481 2893 3503 4464 5084 5450 5765 6312 6781
5 9 855 1483 2129 3256 4815 6049 6507 7194 7968 8972
5 10 1204 3312 4712 5363 6204 7127 7904 8589 9413 10134
6 0 1201 2172 2665 4683 5675 6333 6998 7582 8546 9263
6 1 756 1551 2184 2380 2908 3524 4035 4565 5052 5652
6 2 1306 1964 2482 3802 4386 4880 5343 6012 6371 6678
6 3 1100 1631 2300 2606 3031 3582 4009 4274 4668 5096
6 4 1118 1459 1953 2497 3144 3459 4043 4626 5152 5608
6 5 1164 1858 2266 2584 3054 3435 3801 4521 5247 5700
6 6 850 1879 2909 3365 3838 4149 4412 4979 5541 5843
6 7 625 1432 2049 2851 3114 3621 4109 4626 5207 5548
6 8 1536 2699 3343 3689 4323 4874 5273 5658 6113 6441
6 9 873 2329 3307 3637 4240 4676 5314 6098 6410 7098
6 10 952 1541 3254 4327 4627 5591 6400 7092 7377 7710
7 0 838 1441 2012 2843 3502 4056 5005 5912 6674 7703
7 1 1135 2103 3146 3776 4793 5574 6191 7296 8000 8305
7 2 1156 2051 2479 3129 3719 4594 4861 5505 5952 6486
7 3 885 1195 1757 2353 3012 3354 4154 4800 5644 6525
7 4 823 1362 1801 2134 2626 3288 3687 4257 4659 5068
7 5 860 1657 2171 2656 3133 3653 4286 4704 5177 5372
7 6 822 1712 2518 3362 3890 4210 4684 4907 5393 5851
7 7 371 1019 1954 2369 2876 3206 3576 4147 4687 5138
7 8 1014 1514 2758 3213 3521 4229 4523 4742 5488 6255
7 9 1153 1887 3371 4684 5427 5868 6660 7074 8468 9226
7 10 1411 3282 4310 5082 5676 6304 7338 8454 8973 10473
8 0 924 1824 2647 3177 4031 4655 5737 6388 7452 8192
8 1 1157 2179 2594 3060 4094 5080 5910 6826 7469 7882
8 2 594 1469 1814 2831 3407 4047 4676 5307 5848 6395
8 3 556 2243 2686 3113 4095 4790 5448 6045 7047 7493
8 4 912 2154 3837 4287 5075 5566 6151 6624 7359 7869
8 5 1126 2188 2609 3455 3964 4486 4708 5117 5488 6779
8 6 864 2264 3079 3456 4268 5170 6327 7044 7954 8609
8 7 784 2271 2825 3261 3646 4395 4926 5121 5579 6000
8 8 1419 2356 4345 5402 6090 6706 7377 8055 8448 8795
8 9 1293 2234 4286 5476 6209 7052 7687 8234 9079 10130
8 10 2053 2879 3288 4034 4384 4851 5705 6014 6883 7417
9 0 1033 1897 3200 4204 5048 5465 6208 6949 7914 8878
9 1 979 2103 3250 4289 5355 5715 7364 8429 8822 9677
9 2 1265 2117 2469 3536 4400 5189 5823 6469 7058 7667
9 3 757 1347 2138 2918 3421 4625 6200 6703 7928 8779
9 4 632 1787 2432 3128 4221 5087 5402 5616 6520 7410
9 5 1324 2463 3328 4742 5421 6283 6951 7743 8242 8613
9 6 1293 2103 2762 3996 4579 5091 5482 6409 7040 7823
9 7 1138 1856 2454 3508 4272 4991 6148 6979 7398 7751
9 8 1056 2738 3604 5423 6599 7417 9354 10445 11107 11853
9 9 862 2016 2735 3141 3856 4578 5148 6483 7700 8249
9 10 2121 3262 4190 5734 6700 7507 8619 9721 10445 11115
10 0 1276 2015 3113 3961 4908 6196 6612 7304 7942 9608
10 1 1274 2537 3096 4398 5818 6698 7050 9037 9595 10445
10 2 1043 2256 3462 4601 6397 7527 8293 9253 10379 11402
10 3 1209 3207 3884 4350 5770 6513 7240 8302 9155 9763
10 4 969 1706 2151 2839 4335 5559 7182 7820 8509 9862
10 5 911 1500 2431 3472 4899 5565 6408 7200 8581 9531
10 6 1429 2976 4085 4547 5012 5838 6946 8263 9239 9747
10 7 1008 2011 3290 4288 5382 6662 7103 8104 9050 9946
10 8 1764 2691 3781 4837 6237 7633 8382 10715 11675 13033
10 9 1748 3606 4950 6810 8611 9665 10785 11916 12990 13928
10 10 2158 3564 4732 7017 7878 9655 11194 12467 13465 14071
