0 0 185 270
0 1 5 66
0 2 186 412
0 3 336 468
0 4 237 287
0 5 9 208
0 6 8 345
0 7 170 367
0 8 239 260
0 9 23 348
0 10 277 282
1 0 411 680
1 1 36 193
1 2 74 194
1 3 30 295
1 4 29 308
1 5 168 271
1 6 16 131
1 7 66 88
1 8 511 1720
1 9 178 226
1 10 275 290
2 0 43 198
2 1 30 206
2 2 610 625
2 3 5 350
2 4 869 1015
2 5 11 106
2 6 3 195
2 7 171 183
2 8 152 326
2 9 24 90
2 10 361 580
3 0 439 508
3 1 540 559
3 2 119 325
3 3 276 307
3 4 110 427
3 5 185 688
3 6 28 146
3 7 746 762
3 8 82 180
3 9 157 185
3 10 179 469
4 0 80 899
4 1 29 36
4 2 163 458
4 3 69 804
4 4 294 515
4 5 13 50
4 6 52 471
4 7 143 148
4 8 130 628
4 9 637 968
4 10 287 473
5 0 164 637
5 1 550 560
5 2 262 297
5 3 122 303
5 4 7 394
5 5 223 1066
5 6 181 192
5 7 329 1242
5 8 25 81
5 9 275 324
5 10 118 169
6 0 125 226
6 1 127 363
6 2 91 154
6 3 261 421
6 4 403 415
6 5 68 228
6 6 30 209
6 7 14 82
6 8 40 149
6 9 1045 1540
6 10 3 171
7 0 370 700
7 1 224 226
7 2 78 205
7 3 75 87
7 4 317 542
7 5 5 85
7 6 206 839
7 7 570 635
7 8 67 220
7 9 545 593
7 10 25 565
8 0 388 565
8 1 21 23
8 2 6 14
8 3 71 188
8 4 182 313
8 5 34 58
8 6 77 210
8 7 34 47
8 8 376 977
8 9 277 700
8 10 992 1272
9 0 17 251
9 1 95 409
9 2 137 139
9 3 249 401
9 4 5 242
9 5 3 175
9 6 651 942
9 7 883 1368
9 8 4 54
9 9 29 127
9 10 120 238
10 0 635 739
10 1 424 820
10 2 210 821
10 3 501 855
10 4 690 745
10 5 169 1368
10 6 93 261
10 7 27 284
10 8 235 508
10 9 170 307
10 10 476 903
