0 0 1656 2561 3172 4197 5021 6182 6455 7827 8382 8977
0 1 507 1120 1385 1863 2316 2850 3255 3814 4382 5107
0 2 486 1193 1634 2271 3742 4365 4793 5507 6174 6578
0 3 582 1293 2092 2623 3354 4060 4946 5914 6693 7310
0 4 769 1947 2692 3697 4323 5518 6117 6779 7492 8071
0 5 730 1340 2017 2443 3060 3863 4712 5635 6250 6826
0 6 664 1852 2661 3098 4089 5268 5952 6585 7315 8302
0 7 1188 2023 2951 3934 4895 5536 6249 7091 7671 7958
0 8 832 1614 2479 3185 3593 4215 4859 5399 6135 6528
0 9 1355 2461 3346 4019 4587 5291 6168 7045 7846 8645
0 10 1235 1794 2812 3151 3643 4207 5017 5452 6467 7518
1 0 860 1434 2073 2544 2871 3324 3737 4291 4914 5430
1 1 1501 2059 2502 3077 3445 3940 4143 4804 5299 5786
1 2 472 846 1394 2200 2594 2996 3371 3763 4065 4330
1 3 1269 1910 2455 2714 2978 3449 3726 3981 4239 4606
1 4 964 1719 2355 2713 3190 3448 3836 4185 4636 5000
1 5 1023 1697 2354 3085 3383 3959 4372 4622 5098 5437
1 6 969 1913 2192 2724 3275 3926 4585 5227 5672 6126
1 7 915 1333 1889 2402 2901 3502 3930 4233 4674 4984
1 8 462 2073 2484 3046 3547 3921 4238 4984 5169 5644
1 9 754 1440 1899 2357 2638 2949 3244 3476 3767 4363
1 10 646 1759 3410 3855 4381 4791 5579 6254 6728 7224
2 0 524 2240 2808 3133 3535 4091 4541 4954 5652 6148
2 1 364 1050 1592 2036 2584 2857 3269 3421 3657 3919
2 2 1078 2156 2777 3109 3485 3797 4169 4576 4970 5170
2 3 755 1295 1808 2480 2747 2999 3508 3629 4014 4198
2 4 1632 2180 2648 2985 3259 3607 3879 4100 4451 4823
2 5 1187 2399 3036 3392 3950 4247 4409 4802 5195 5750
2 6 1416 2372 2911 3343 3687 4181 4491 5055 5315 5707
2 7 696 1043 1835 2680 3404 3847 4043 4391 4997 5706
2 8 833 1629 2733 3466 4002 4628 5140 5382 6102 6804
2 9 1371 2249 3092 3898 4575 5574 6584 7126 7670 8379
2 10 586 1573 2289 2881 4061 4941 5803 6959 7726 8336
3 0 1025 1849 2459 3001 3714 4334 5172 5584 5772 6108
3 1 556 1564 1782 2623 3190 3472 3899 4149 4428 5071
3 2 1120 1532 2205 2475 2902 3229 3706 3960 4440 4946
3 3 669 1348 1783 2246 2514 2708 2936 3372 3692 3879
3 4 469 1483 1723 2569 2813 3064 3418 3858 4199 4354
3 5 539 1133 1799 2150 2611 2894 3336 3646 4089 4458
3 6 1123 1731 2389 2819 3087 3412 3801 4213 4653 5205
3 7 1212 1770 2134 2546 3047 3524 3878 4447 5252 5526
3 8 811 1379 1857 2639 2994 3373 4200 4796 5179 6007
3 9 829 1902 2863 3704 4892 6478 7067 8217 8940 9784
3 10 1539 3512 4362 5533 6325 6896 7746 8753 9478 10008
4 0 965 1390 1749 2193 2692 3268 3671 4194 4943 5215
4 1 601 1620 2041 2552 3114 3427 3830 4093 4699 5013
4 2 400 1314 1991 2590 3187 3469 3776 4189 4470 4815
4 3 566 1914 2161 2680 3146 3437 3665 3910 4333 4625
4 4 1426 2269 3023 3649 4329 4498 4952 5295 5715 6294
4 5 952 1751 2443 2920 3242 3553 3858 4049 4282 4443
4 6 1065 2108 2431 2824 3126 3414 3847 4305 4605 4906
4 7 461 1990 2975 3572 4143 4538 5047 5798 6274 6787
4 8 807 1541 2385 3068 3541 4565 4991 5763 6348 6747
4 9 1421 2929 4062 4704 5640 6673 7331 7761 8908 9723
4 10 1475 2336 2989 4113 4981 5579 6074 6811 7431 8475
5 0 727 1450 1881 2499 3124 3507 4055 4606 5409 5713
5 1 740 1298 1776 2564 2830 3345 3625 4084 4513 5137
5 2 1602 1939 2202 2622 3077 3637 4592 5298 6004 6621
5 3 942 1503 2336 2986 3453 3793 4692 5038 5611 6093
5 4 639 944 1324 1611 2038 2408 2700 3129 3533 3830
5 5 581 1188 1492 1807 2181 2493 2835 3161 3454 3963
5 6 1329 2344 3192 3714 4055 4431 5033 5510 5857 6408
5 7 873 1451 2064 2397 3107 3765 4265 5023 5535 5902
5 8 1091 2699 3187 4337 4901 5604 6540 7311 8043 8572
5 9 1544 2195 3064 3725 4846 5335 6023 6807 7493 7961
5 10 1374 2636 3304 3711 3983 4682 5394 5650 6192 6609
6 0 1265 2416 2940 3498 3835 4785 5311 6126 6566 7233
6 1 1178 2355 3145 3805 4562 5111 5970 6975 7460 8524
6 2 883 1471 2294 2920 3554 3893 4642 5048 5625 5968
6 3 1878 2348 2758 3237 3768 4421 4847 5411 5864 6496
6 4 682 1509 2062 2482 2811 3126 3551 3903 4258 4532
6 5 705 1289 1726 2040 2605 3180 3461 3916 4033 4377
6 6 667 1417 1806 2541 3034 3543 4080 4472 4809 5143
6 7 1621 2774 3384 3650 4242 4781 5298 5821 6084 6580
6 8 1805 3150 4011 4698 5338 6972 7577 8270 8986 9372
6 9 1079 2063 3186 3902 4715 5340 6415 7789 8197 9518
6 10 1211 2760 3192 4106 4597 5404 6579 7211 8024 8912
7 0 1070 2110 3386 4601 5333 6761 7333 8411 9077 10560
7 1 808 1360 2430 3519 4246 5293 6000 6499 6787 7237
7 2 582 864 1835 2684 3297 3943 5083 5394 6233 7114
7 3 1210 2068 2618 3109 3577 4155 4791 5401 5936 6429
7 4 1504 2682 3378 3782 4514 5127 5892 6467 7125 8384
7 5 821 1794 2419 3420 4009 4488 4996 5587 5834 6184
7 6 1492 2318 3000 3506 3999 4218 4594 4913 5332 5647
7 7 1142 1566 2070 2427 2927 3135 4141 4444 4843 5189
7 8 652 1101 1557 2796 3113 4184 4495 5078 5407 6063
7 9 916 1588 2596 3027 3714 4842 5679 7245 8052 8516
7 10 970 2853 4017 4712 5084 5934 6387 6780 7428 8132
8 0 1255 1789 2987 3503 4133 4912 5467 6216 6661 7765
8 1 867 2253 3239 4228 4807 6241 7090 8333 8956 9452
8 2 1271 2308 3179 3705 4606 5246 5893 6875 7397 8203
8 3 1079 1742 2561 3671 4123 5040 5388 5775 6446 6979
8 4 702 1805 2492 2980 3529 3908 4145 4561 5046 5634
8 5 649 1321 2210 2617 3599 4175 4705 5246 5942 6652
8 6 752 1389 1629 2293 2913 3695 4297 4887 5229 5599
8 7 1062 1971 2806 3275 4011 4674 4982 5412 5893 6097
8 8 2012 2979 3908 4494 5107 5776 6554 7064 7963 9082
8 9 584 1098 2207 3495 4076 4941 5936 6633 7558 8061
8 10 1263 2407 3214 3867 4890 5332 5695 6152 6730 7493
9 0 1102 2417 3624 4648 5532 6794 8016 9205 9750 10668
9 1 824 1636 2496 4153 5288 7386 8216 9121 9291 9675
9 2 599 1820 3822 4606 5465 6158 6504 7273 8719 9725
9 3 1000 1830 2550 3361 3829 4383 4838 5344 5802 6457
9 4 740 1702 2586 3450 4511 5609 7057 7553 8038 8677
9 5 577 1691 2648 3263 3867 4570 4985 5451 6374 6840
9 6 782 1390 1843 2739 3644 4103 4584 5477 6173 6866
9 7 846 1811 2781 3488 4385 4825 5174 5675 6382 7128
9 8 1277 2267 2739 3460 4575 4990 6035 6866 7327 7947
9 9 556 2068 3302 4136 5000 5888 6673 7805 8369 8651
9 10 895 2247 3294 4971 6139 6955 8202 8771 10770 12107
10 0 1046 2016 3142 4673 5995 6950 7744 8393 9886 10807
10 1 876 1824 3064 3672 4191 5872 7276 7811 8454 9428
10 2 916 1980 2640 3765 4703 6073 7254 8927 9830 10766
10 3 1396 2584 3475 4955 5966 7438 8350 9179 10765 11723
10 4 1328 2095 2996 3847 4783 5437 6482 7212 8744 9768
10 5 675 1907 2389 3114 4764 5670 6557 7066 9121 9730
10 6 979 2002 3253 3966 4644 5556 6274 7552 8204 9185
10 7 706 2076 2954 3799 4865 6091 6451 7273 8330 8949
10 8 907 1800 3383 4604 5834 7184 8153 8887 10510 12001
10 9 2094 3667 4757 7537 9378 10613 11560 12707 13857 15417
10 10 1393 4192 5986 8628 10060 12008 13103 14767 16407 17760
