0 0 808 1459 1940 2833 3795 4692 5417 6104 6902 7392
0 1 1350 2280 2656 3133 3793 4688 5417 6117 6715 7499
0 2 930 1682 2709 3374 3989 4643 5415 6551 7220 8085
0 3 973 1932 3026 3247 4308 4994 5429 6030 6834 7633
0 4 776 1759 2397 2922 3632 4099 4702 5201 5873 6589
0 5 668 1569 2075 3891 4882 5810 7319 8305 9563 10113
0 6 930 1403 2146 2511 3390 3845 4298 5062 5815 7078
0 7 974 1452 2248 2922 3500 4296 4779 5878 7001 7772
0 8 977 2191 2920 4382 5428 5600 6248 7066 7593 9162
0 9 1023 1719 2028 2572 3315 4003 4851 5349 6377 7118
0 10 1008 1847 2518 3140 3919 4645 5346 6552 7012 8116
1 0 1012 1822 2208 2802 3430 3873 4253 4695 4936 5241
1 1 1269 1707 2209 2503 2761 3303 3483 3780 4129 4283
1 2 1272 1571 2168 2779 3109 3274 3857 4294 4630 4808
1 3 456 1153 1747 2496 2756 3082 3426 3632 3864 3981
1 4 1024 1415 2090 2432 2801 3264 3793 4300 4525 4833
1 5 755 1524 1904 2332 2715 3388 3859 4014 4552 4849
1 6 1653 2733 3231 3540 4069 4442 4738 5169 5640 5885
1 7 1237 1811 2789 3493 4143 4402 4865 5216 5391 5578
1 8 701 1469 2070 2877 3508 4597 5257 5655 5970 6653
1 9 653 1534 1942 2477 2990 3488 3888 4388 5191 5752
1 10 772 1189 1908 2252 3300 4081 4952 5692 6247 7378
2 0 1305 1764 2146 2539 2859 3596 4036 4218 4535 4945
2 1 1038 2085 2825 3520 3842 4325 4742 4914 5184 5430
2 2 1128 1762 2217 2473 2807 3202 3565 3753 4029 4488
2 3 1198 1870 2196 2570 3016 3372 3919 4235 4612 4833
2 4 989 1691 2434 2893 3466 3817 3971 4301 4662 4936
2 5 935 1896 2486 3151 3666 4203 4494 4694 5003 5348
2 6 1544 2164 2682 3297 3765 4241 4520 4940 5321 5612
2 7 938 2219 2625 2916 3278 3770 4561 5287 5840 6265
2 8 875 1710 2237 2880 3569 4112 4582 5266 5954 6741
2 9 1894 3809 4620 6101 6619 7436 8107 9109 9882 10491
2 10 601 1863 3331 4637 5023 5842 6257 6853 7473 8222
3 0 692 1452 2227 2853 3631 4345 5205 5943 6662 7271
3 1 1308 1886 2201 2784 3126 3750 4457 4898 5501 5976
3 2 778 1221 1660 2189 2576 3002 3322 3687 4117 4337
3 3 627 1018 1603 2109 2595 2824 3200 3568 3868 4378
3 4 1044 1902 2394 2733 3247 3679 4063 4485 4912 5276
3 5 1550 2058 2635 3140 3516 3899 4187 4542 4961 5332
3 6 579 1356 2102 2650 3567 4011 4411 4633 4899 5436
3 7 1236 1840 2349 2843 3234 3558 4011 4506 4895 5244
3 8 759 2300 2813 3569 4458 4820 5483 5723 6008 6368
3 9 649 1875 2626 3124 3743 4054 4849 5220 5827 6207
3 10 1295 1726 4327 5340 5999 6865 7602 8716 9167 9850
4 0 1255 1905 2830 3717 4426 4883 5603 5950 6602 7391
4 1 618 1885 2435 2604 2996 3337 3545 4305 4740 5193
4 2 1008 1678 2230 2733 2969 3246 3580 3788 4249 4675
4 3 798 1206 1839 2267 2578 3000 3252 3485 3757 4054
4 4 731 1424 2077 2578 3138 3568 4219 4595 4828 5141
4 5 791 1456 1857 2291 2662 3033 3366 3894 4390 4658
4 6 683 1563 2269 2644 2992 3488 4083 4396 4742 5216
4 7 903 1706 2296 2960 3661 4427 4878 5222 5578 5918
4 8 1066 1821 3117 3809 4312 5280 5812 6300 6749 7161
4 9 1222 1825 2661 3461 4627 5243 5814 6223 6991 7882
4 10 1205 2789 3816 4672 5742 6881 7753 8674 9290 10103
5 0 791 1456 2543 3066 4130 4630 5286 5922 6265 7328
5 1 1389 1860 2718 3007 3500 4246 4629 5070 5367 6072
5 2 812 1509 2169 3022 3360 3956 4246 4734 5146 5358
5 3 871 1696 2153 3159 3557 4053 4397 4824 5404 6033
5 4 900 1454 2135 2790 3303 3680 4071 4602 4927 5456
5 5 1246 2550 3462 4185 4717 5115 5685 5999 6515 6640
5 6 1816 2456 2908 3247 3895 4567 5001 5243 5584 5976
5 7 1150 2222 2805 3217 3772 4440 4824 5199 5475 6077
5 8 1241 2842 3461 4095 4929 5669 6600 7690 8072 8433
5 9 1177 1990 2742 3499 4213 4544 5687 6361 6990 7544
5 10 1058 2523 3903 5022 5919 6785 7583 9009 9987 10671
6 0 548 1163 1443 2803 3842 4686 6018 6791 7200 7514
6 1 1471 2335 2745 3295 3643 4092 4568 4920 5380 6257
6 2 1677 2506 3124 3610 4142 4526 4834 5343 5868 6504
6 3 1182 1813 2450 2942 3145 3347 3745 3986 4644 4972
6 4 1263 2284 2843 3515 4200 5004 5332 5796 6324 6547
6 5 844 1577 2293 2652 2885 3185 3385 3683 3977 4223
6 6 829 1333 1704 2261 2608 2892 3258 3712 3950 4187
6 7 592 1509 2054 2493 2876 3483 3896 4478 4723 5131
6 8 1172 2415 3112 3497 4130 4860 5818 6805 7327 8371
6 9 1069 1662 2497 3389 3949 4609 5090 5979 6741 7253
6 10 1631 2806 4230 5236 5715 6481 7042 7457 8324 8924
7 0 1821 3258 4778 5908 6856 7645 8208 8744 9034 9563
7 1 972 2767 3533 4390 4852 5747 6642 7364 8620 9364
7 2 804 1986 2492 2903 3380 3851 4334 4706 5536 6410
7 3 781 1262 1982 2459 3296 3651 4010 4380 4821 5107
7 4 1064 2221 2766 3661 3849 4233 4876 5373 5808 6333
7 5 1282 2485 3212 4099 4767 5305 6009 6506 6952 7628
7 6 1264 1801 2200 2740 3723 4039 4844 5658 6108 6779
7 7 1150 2154 2429 3003 3378 3738 4065 4599 5026 5498
7 8 1182 2602 3596 3932 4634 5283 5746 6307 6857 7907
7 9 582 1269 2090 2301 3009 3732 3957 4665 5527 6230
7 10 1248 2433 3649 4629 5058 5924 7214 8676 9902 10291
8 0 555 1775 2467 2773 3124 3499 4064 4649 5298 6030
8 1 1028 1895 2627 3138 4394 4889 5587 6680 7425 8025
8 2 725 1591 2681 3350 4331 5217 6406 7023 8047 8639
8 3 1375 2160 3487 4086 5375 6340 6942 7297 7738 7980
8 4 573 2060 3165 3957 4520 5231 5667 6220 6924 7898
8 5 2107 2642 3758 4207 4673 5110 6049 6591 7988 8718
8 6 1209 1934 2864 3389 3784 4020 4496 5100 5675 6234
8 7 697 1424 2099 3421 4033 4751 5215 5800 5937 6186
8 8 918 1715 2227 3062 3817 4288 4948 6013 6536 7023
8 9 820 2041 2937 3729 4596 5597 6534 7577 9313 10911
8 10 714 2777 4204 5262 6295 7572 8519 10873 11902 12548
9 0 503 1590 2349 3374 4706 5102 5813 6564 7761 8619
9 1 1330 2425 3584 4165 4808 5772 6710 7431 7969 8944
9 2 1800 2579 3375 4144 4855 5476 6548 8628 9441 10207
9 3 551 1549 2838 3632 4307 4830 5470 5900 6954 7677
9 4 629 1472 2122 2684 3458 4329 5823 6890 7743 8304
9 5 1145 2008 3139 4120 5846 6555 7125 7662 8116 8898
9 6 1080 1827 2759 3149 3905 4824 5374 6093 6903 7418
9 7 841 1419 2130 3187 4076 4705 5384 6018 6944 7643
9 8 972 2502 3095 3949 5108 5671 6885 8184 8565 9288
9 9 1979 3662 5268 6704 7234 8082 8528 9310 9699 10063
9 10 1503 2691 3364 4541 5330 7035 8646 9878 10988 11808
10 0 798 1497 2422 4096 5109 6259 7125 8393 9684 11003
10 1 936 2418 3541 4419 6040 8029 9296 9991 11028 12893
10 2 1331 1961 3133 3800 4196 5127 5833 6693 7442 8532
10 3 1539 2816 4207 5373 6703 7972 9265 11027 12472 13248
10 4 1598 2974 3601 4525 6076 7025 8253 9269 10121 11631
10 5 1269 2052 3552 4740 5834 7422 8528 9589 10250 11442
10 6 524 1428 2478 4085 5769 6757 7803 8862 10143 10529
10 7 822 2269 3587 4172 5459 6482 7378 8806 10207 11788
10 8 894 2501 3503 4054 4850 6836 8351 9644 11166 11686
10 9 905 2112 4101 6397 8488 9645 10525 12035 12911 13734
10 10 2062 3009 4530 5882 7062 9113 10684 11444 12610 13644
