0 0 786 1387 1916 2485 3042 3437 3821 4584 5311 5922
0 1 1143 2119 2515 3242 4076 4839 5196 5771 6666 7185
0 2 1118 1658 2158 2720 3377 3987 4453 5230 5776 6702
0 3 811 1357 1926 2401 3077 3494 4681 5469 6546 7367
0 4 1012 1911 2852 3586 4630 5344 6300 7272 8431 9503
0 5 1794 2638 3625 4303 5454 6374 7167 8335 9592 10956
0 6 1040 1829 2386 3519 4677 5022 5508 6047 6555 7176
0 7 1518 2801 3654 5754 6451 7592 7936 8962 9622 10866
0 8 1228 1888 2757 3920 4494 5281 6193 7254 7995 9042
0 9 1495 3218 3628 4333 5444 6172 6856 7552 8502 9659
0 10 1422 2453 3179 3615 4675 5166 5729 6295 6875 7325
1 0 972 1554 2259 2529 2920 3351 3591 4009 4631 5105
1 1 1580 1946 2337 2777 3088 3320 3790 4236 4496 4886
1 2 985 1776 2211 2717 3131 3775 4388 4856 5071 5273
1 3 1435 2013 2353 2843 3287 3667 4031 4374 4752 4951
1 4 750 1412 1837 2040 2470 2814 3191 3399 3883 4115
1 5 1137 2146 2617 3316 3838 4343 4703 5095 5467 5807
1 6 1243 2045 2689 3385 3995 4422 5073 5711 6188 6464
1 7 762 1857 2600 3113 3855 4248 4542 4929 5486 6076
1 8 760 1458 1895 2639 3188 3837 4365 5028 5358 6056
1 9 960 1886 2385 2674 3222 3779 4016 4394 4654 5276
1 10 1106 2005 2479 2771 3303 3812 4308 4856 5417 5929
2 0 1339 2281 3022 3473 4101 4380 4671 4943 5368 5506
2 1 688 1460 1900 2267 2762 3281 3724 4053 4367 4805
2 2 723 1006 1431 1911 2510 2771 3186 3376 3749 4225
2 3 692 1470 1890 2887 3332 3795 4220 4706 5038 5331
2 4 645 1240 1946 2511 2880 3195 3509 3969 4359 4789
2 5 569 1611 2149 2461 3028 3328 3693 4071 4387 4716
2 6 776 1411 1939 2391 2736 3165 3423 3692 4060 4370
2 7 1229 1798 2404 2704 3076 3367 3600 3970 4513 5157
2 8 1037 1678 2071 2736 2956 3459 3711 4008 4507 4920
2 9 857 1852 2552 2935 3798 4896 6323 6654 7904 8510
2 10 1168 2106 2848 4172 4773 5378 5797 6677 7389 8002
3 0 677 1659 1987 2738 3088 4223 4960 5507 6129 6768
3 1 1508 1962 2912 3451 3810 4397 4649 5052 5554 6008
3 2 584 1566 2203 2648 3123 3478 4230 4744 5311 5589
3 3 787 1456 2256 2591 3195 3690 4197 4493 4716 5090
3 4 892 1689 2303 2752 3252 3640 3904 4223 4611 4941
3 5 943 1694 2444 3050 3812 4327 4805 5406 5773 6168
3 6 915 1715 2590 2893 3371 3720 4106 4378 4628 5101
3 7 603 1374 2458 2977 4181 4751 5093 5696 6023 6424
3 8 1008 2506 3417 4066 5167 5828 6518 7480 7919 8353
3 9 2084 3258 3882 4930 5538 6151 7090 7760 8670 9757
3 10 1599 2988 3737 4147 4669 5178 6235 7370 7854 8774
4 0 1058 1630 2116 2936 4260 4898 5887 6488 6822 7418
4 1 886 1640 2368 3503 3981 4993 5923 6347 6685 7092
4 2 1506 2058 2700 3019 3258 3765 4104 4474 4969 5311
4 3 588 1370 1668 2379 2625 3115 3431 4038 4327 4728
4 4 967 1314 1659 2045 2375 2738 3170 3410 3624 3904
4 5 1094 1663 2197 3534 4021 4587 5146 5739 6124 6480
4 6 655 970 1514 2195 2990 3415 3638 4296 4658 5050
4 7 997 2055 2890 3412 3960 4597 5121 5570 6084 6454
4 8 987 1691 2345 3030 3826 4258 4620 5259 5773 6272
4 9 757 1917 2868 3307 4197 4900 5809 6934 7558 8398
4 10 1216 2417 3012 3740 4137 4792 5285 5839 7161 7326
5 0 1044 1718 2447 3034 4189 5469 5962 6597 6892 7309
5 1 1558 3037 3971 4902 5265 5628 6147 6990 7580 7965
5 2 1379 1992 2628 2932 3135 3629 4067 4535 4942 5268
5 3 1192 1472 1919 2527 3032 3605 4175 4590 4865 5219
5 4 1516 2304 2636 2952 3239 3669 3965 4344 4672 5186
5 5 1089 2030 2644 3330 3486 3769 4341 4541 5050 5353
5 6 1200 2352 2820 3368 3671 3964 4308 4752 4936 5221
5 7 878 1259 2168 2996 3461 4224 4917 5483 5696 6000
5 8 1199 2515 3834 4286 4879 5423 6089 6527 7047 7731
5 9 1128 2833 3182 3695 4765 5875 6937 7699 8181 8674
5 10 1229 2537 2996 3866 5398 6006 7695 8728 9394 10304
6 0 1461 2259 2913 3831 4530 4956 5652 6688 7610 7955
6 1 977 1844 2505 3343 3917 4305 5423 5802 6599 7289
6 2 1078 2211 2825 3184 3642 3912 4195 5013 5638 6251
6 3 858 1578 1990 2879 4030 4584 5298 5769 6329 6491
6 4 639 1611 2316 2977 3691 4100 4585 5116 5687 6449
6 5 503 1824 2503 2927 3104 3599 3933 4359 5008 5359
6 6 1007 1491 2359 2713 3095 3686 4168 4482 5137 5543
6 7 967 1823 2355 3077 3488 3921 4521 4797 5728 6124
6 8 1063 1958 2507 3145 3450 3787 4595 5399 5977 6441
6 9 1382 2692 3590 4696 5169 5631 6578 7090 7650 8339
6 10 1628 2739 3251 3743 4432 4897 5622 6151 6699 7369
7 0 1491 2316 2834 3487 3811 4104 4855 5858 7029 8223
7 1 799 1630 2749 3489 4116 5136 6285 7059 7951 8466
7 2 845 1946 3004 3798 4519 5803 6582 7323 8226 9024
7 3 1281 1745 2216 2815 3219 3532 4201 4446 4868 5160
7 4 581 2105 2935 3602 4187 4553 5257 5840 6321 6987
7 5 919 1400 1874 2327 2783 3330 3901 4486 4782 5245
7 6 1092 1773 2180 2567 3072 3520 4125 4824 5159 5687
7 7 1079 1885 2737 3651 4418 5259 5759 6837 7314 7639
7 8 1357 1927 2618 3078 4157 5103 5753 6061 6794 7327
7 9 1672 2373 3270 4518 4914 5287 6295 7178 8103 9107
7 10 1402 2753 3968 4578 6170 7361 8911 10201 11006 11642
8 0 650 1611 3159 4729 4994 5738 6423 7533 9288 10215
8 1 722 1854 2414 4353 5245 5741 6454 7572 8223 8548
8 2 937 2156 3153 3648 4049 4533 5209 6142 6498 7304
8 3 638 1890 2793 4500 4823 5490 6222 7353 8164 8867
8 4 1083 1817 2654 3701 4345 4912 5888 6932 7666 8162
8 5 889 1692 2432 2783 3042 3476 3885 4334 4596 5137
8 6 1414 1793 2111 2360 2812 3203 3920 4764 5835 6467
8 7 997 1648 2288 2991 3262 3874 4903 5220 6538 7307
8 8 1112 2744 4415 6584 7075 7894 8859 9721 10402 11799
8 9 498 1711 2609 3424 4490 5393 6362 6879 8053 8744
8 10 1198 1864 2585 3849 5087 6237 7052 7726 8476 9158
9 0 579 1800 2274 4092 4989 6572 7527 8771 9729 10746
9 1 1611 2251 3196 4411 5514 6107 6883 7352 8176 8864
9 2 719 2066 2854 3345 4323 4723 5328 5913 6883 7353
9 3 876 1563 1940 3012 3999 4914 5755 6732 7649 8442
9 4 933 1841 2761 3288 3928 4506 5036 5678 6119 7046
9 5 1119 2218 3408 4651 5346 6067 6648 7083 7933 8520
9 6 708 2229 3138 3576 4381 5139 6046 7082 7764 8461
9 7 1555 4132 5121 5767 6202 6802 7313 8060 8912 10059
9 8 482 1991 2536 3162 4115 4742 5057 5520 6329 6726
9 9 1650 3510 5327 7402 8177 8776 9860 10624 11003 12045
9 10 899 1488 2727 3300 3718 4489 5467 6433 7104 8035
10 0 954 2007 3141 4273 5542 6580 8097 8847 10700 12166
10 1 1023 2084 4005 5096 5980 6670 8131 9257 9942 10895
10 2 1617 3126 4126 4572 5828 6854 7616 8354 9101 10331
10 3 1628 2793 3555 4737 6117 7166 9038 10627 11697 12121
10 4 1100 1745 2364 3511 4562 5945 7247 8180 9674 10754
10 5 582 1804 2824 3818 5388 5980 6814 7620 8478 9624
10 6 1345 2374 3246 4073 4877 6566 7551 9351 10140 10948
10 7 1482 2669 3701 4669 5549 6572 7829 9467 10657 12100
10 8 1363 2491 3523 4581 5746 6521 7857 8908 9737 10750
10 9 1090 2543 4357 6241 7155 8394 9676 10516 11534 12656
10 10 1310 4391 6074 6272 7138 8169 9365 10031 10822 12017
