1 1.0
2 0.0980573711045
3 0.0980573711045
4 0.0980573711045
5 0.0980573711045
6 0.0980573711045
7 0.0980573711045
8 0.0980573711045
9 0.0980573711045
10 0.0980573711045
11 0.0980573711045
12 0.0980573711045
13 0.0980573711045
14 0.0980573711045
15 0.0980573711045
16 0.0980573711045
17 0.0980573711045
18 0.0980573711045
19 0.0980573711045
20 0.0980573711045
21 0.0980573711045
22 0.0980573711045
23 0.0980573711045
24 0.0980573711045
25 0.0980573711045
26 0.0980573711045
27 0.0980573711045
28 0.0980573711045
29 0.0980573711045
30 0.0980573711045
31 0.0980573711045
32 0.0980573711045
33 0.0980573711045
34 0.0980573711045
35 0.0980573711045
36 0.0980573711045
37 0.0980573711045
38 0.0980573711045
39 0.0980573711045
40 0.248381142587
41 0.101237770042
42 0.101160199336
43 0.101086322474
44 0.101015881744
45 0.100948642866
46 0.100884392382
47 0.100822935398
48 0.100764093605
49 0.100707703553
50 0.100653615135
51 0.100601690255
52 0.100551801644
53 0.100503831826
54 0.10045767219
55 0.100413222169
56 0.100370388514
57 0.228853501113
58 0.101883414939
59 0.101817448666
60 0.101753718538
61 0.101692112748
62 0.101632526819
63 0.101574863017
64 0.101519029812
65 0.101464941395
66 0.213735952582
67 0.102394278747
68 0.202070710028
69 0.103046232183
70 0.102973929849
71 0.102903693295
72 0.192551891713
73 0.103358036001
74 0.103285424153
75 0.103214774787
76 0.103146009405
77 0.103079053638
78 0.103013836981
79 0.102950292547
80 0.102888356833
81 0.102827969511
82 0.102769073234
83 0.102711613452
84 0.102655538243
85 0.18418254378
86 0.177709231817
87 0.103234764724
88 0.103175254452
89 0.103117096687
90 0.103060245838
91 0.103004658341
92 0.102950292547
93 0.102897108618
94 0.10284506843
95 0.10279413548
96 0.102744274802
97 0.102695452889
98 0.102647637612
99 0.102600798158
100 0.171589143036
101 0.102754575689
102 0.102708068713
103 0.104249420954
104 0.104162949449
105 0.104079479376
106 0.167998909436
107 0.10401635187
108 0.103941426179
109 0.103868774335
110 0.163545055619
111 0.104277140513
112 0.160193791315
113 0.104818230316
114 0.104732570846
115 0.10464948269
116 0.104568833789
117 0.104490501804
118 0.157711337417
119 0.105428161978
120 0.105785395648
121 0.105695521427
122 0.107995012178
123 0.107806048944
124 0.109834083007
125 0.111683851791
126 0.16144676248
127 0.158290727124
128 0.111534440253
129 0.111241387388
130 0.110965471144
131 0.110704986481
132 0.110458464567
133 0.110224631322
134 0.111942468247
135 0.156652986695
136 0.112795911614
137 0.156610434288
138 0.15433693869
139 0.113889076565
140 0.113681174354
141 0.114107252298
142 0.115376354449
143 0.115144451708
144 0.116697730361
145 0.121324782871
146 0.122711313018
147 0.164695620073
148 0.127353269883
149 0.167452465514
150 0.165385759165
151 0.129070881209
152 0.128340577432
153 0.173059050474
154 0.140958969017
155 0.138664166533
156 0.138310167148
157 0.201047513325
158 0.136265202692
159 0.152460261562
160 0.147392180218
161 0.15093392816
162 0.150115586436
163 0.149141377556
164 0.180959939108
165 0.17373981323
166 0.164806433495
167 0.189668657821
168 0.209487179942
169 0.228506146416
170 0.220901083916
171 0.197142349806
172 0.19796436281
173 0.201666986772
174 0.2056924771
175 0.208579329761
176 0.206540261854
177 0.229245152827
178 0.229156076977
179 0.232316903099
180 0.273474396322
181 0.249795124607
182 0.267051238183
183 0.2540660356
184 0.243529906451
185 0.2514808005
186 0.254989667311
187 0.258744755281
188 0.262802730666
189 0.266571831431
190 0.287809012113
191 0.288455845214
192 0.288067262904
193 0.295545285393
194 0.295290668966
195 0.297168956942
196 0.320360259015
197 0.327877366218
198 0.345740521599
199 0.340760004189
200 0.348192306757
201 0.344945764705
202 0.34695469911
203 0.348950100874
204 0.348102134779
205 0.356708649033
206 0.379764620932
207 0.379751862614
208 0.385319269686
209 0.389237323614
210 0.392676930507
211 0.397624212602
212 0.399991601606
213 0.39846742488
214 0.402746865628
215 0.406074315114
216 0.409194139242
217 0.413879453194
218 0.415978103393
219 0.414040684089
220 0.414946661478
221 0.417587664122
222 0.419856931571
223 0.421629334841
224 0.420321544705
225 0.418973231052
226 0.415355295932
227 0.417011060356
228 0.41024663744
229 0.412845495023
230 0.41633193203
231 0.419289374627
232 0.414226506571
233 0.408931327494
234 0.411513215396
235 0.414384686795
236 0.417703473083
237 0.418868571969
238 0.4204228027
239 0.423084449401
240 0.425174402528
241 0.427501416401
242 0.425904720265
243 0.420863772538
244 0.424105111494
245 0.418846376758
246 0.420398689192
247 0.422309392367
248 0.424666412809
249 0.426652878057
250 0.428711472007
251 0.431309344222
252 0.43354768165
253 0.435755922918
254 0.437697308406
255 0.439538508657
256 0.441653760944
257 0.44242363875
258 0.439650311298
259 0.441337039335
260 0.443284698702
261 0.445239682389
262 0.444835579885
263 0.446601354749
264 0.448291722833
265 0.445717607113
266 0.440277159541
267 0.436085195589
268 0.430098452457
269 0.431307878743
270 0.432829823057
271 0.455274783781
272 0.455356265652
273 0.441089868582
274 0.446396153158
275 0.449964075579
276 0.45303402477
277 0.455238132393
278 0.450009313195
279 0.452623744031
280 0.454541128454
281 0.454384302108
282 0.452327547507
283 0.451700114951
284 0.454154401714
285 0.454448866339
286 0.45677682501
287 0.458196641343
288 0.460101152111
289 0.460221812689
290 0.461344005036
291 0.462194513503
292 0.46312566819
293 0.464788276479
294 0.467374840847
295 0.469219498141
296 0.471674562547
297 0.472225948162
298 0.474238585647
299 0.47477861729
300 0.476127481888
301 0.477173096427
302 0.47757066444
303 0.478062048404
304 0.478718565191
305 0.480335825594
306 0.480077866684
307 0.48148909749
308 0.481736044713
309 0.482192547701
310 0.483470210945
311 0.483981110248
312 0.484974568994
313 0.486042803903
314 0.486836444383
315 0.487825114134
316 0.488675578311
317 0.483096066782
318 0.483688003184
319 0.483792447155
320 0.484112129673
321 0.485065648483
322 0.485723453682
323 0.485638885803
324 0.487164939678
325 0.48856189984
326 0.488854946207
327 0.48955174413
328 0.490474692086
329 0.490344966178
330 0.490598213312
331 0.490875251391
332 0.491681846712
333 0.492032325223
334 0.492502498271
335 0.492448165831
336 0.492473179498
337 0.493065114906
338 0.493202187741
339 0.492526056719
340 0.492925609445
341 0.493229799519
342 0.492803011397
343 0.492757308077
344 0.492961283744
345 0.492628837249
346 0.491893560141
347 0.491617681982
348 0.491766875663
349 0.491766470994
350 0.492052540434
351 0.492656606096
352 0.492537664624
353 0.492673612905
354 0.492623900781
355 0.49259613325
356 0.492663509107
357 0.491998241045
358 0.491776241378
359 0.491445671883
360 0.491046401105
361 0.490995776159
362 0.490349088568
363 0.489966047782
364 0.490073998999
365 0.489021269387
366 0.489228215508
367 0.488538329811
368 0.487877487936
369 0.487744483868
370 0.487500258705
371 0.487603046556
372 0.487272868963
373 0.487350656671
374 0.487057506761
375 0.486541492499
376 0.485837676096
377 0.485642966446
378 0.485250151738
379 0.485098088688
380 0.485317529218
381 0.485103119054
382 0.484651306631
383 0.484383881703
384 0.484278593652
385 0.483693389032
386 0.483591218438
387 0.483140220078
388 0.482765849996
389 0.482227704535
390 0.482144415466
391 0.48206422369
392 0.481964561188
393 0.48133364297
394 0.481461513126
395 0.480825701593
396 0.480253037217
397 0.479777664971
398 0.479604080508
399 0.479167661705
400 0.478622151488
401 0.477887950899
402 0.477187265924
403 0.476585258332
404 0.476076157713
405 0.475636277346
406 0.47524607313
407 0.47453686188
408 0.474377766273
409 0.474119869577
410 0.473545196948
411 0.47314504291
412 0.472703776691
413 0.472344225855
414 0.471723559301
415 0.471180135918
416 0.470759146488
417 0.470122399306
418 0.469555553789
419 0.469164595488
420 0.468648264754
421 0.468303387258
422 0.467683511279
423 0.467074049417
424 0.466207432912
425 0.465643692062
426 0.464972423054
427 0.464513674743
428 0.464080395506
429 0.46376487922
430 0.462909646591
431 0.462443466935
432 0.462113596474
433 0.461904584178
434 0.461651651576
435 0.461735864884
436 0.461925989631
437 0.46213463099
438 0.461777762764
439 0.461377320501
440 0.461126785765
441 0.484447260445
442 0.445423640747
443 0.445816579252
444 0.44556939196
445 0.447680867347
446 0.448864847699
447 0.447752591892
448 0.470102565085
449 0.433926005591
450 0.432507030616
451 0.444276999666
452 0.443570571903
453 0.444110057968
454 0.444733739036
455 0.443288129445
456 0.444420729356
457 0.444890476284
458 0.445189290032
459 0.443864336271
460 0.447240652545
461 0.446616014194
462 0.44609462818
463 0.446879138768
464 0.446273603073
465 0.447501971844
466 0.448147994562
467 0.448703419824
468 0.449390848999
469 0.448483283107
470 0.44922892657
471 0.448435693
472 0.447655491115
473 0.446921516989
474 0.446631631379
475 0.447270349919
476 0.446716842848
477 0.446856416785
478 0.447105735148
479 0.446662814542
480 0.446145684278
481 0.445542183614
482 0.445237826493
483 0.445578866436
484 0.445158009174
485 0.44542542136
486 0.445432898795
487 0.445615849085
488 0.468347152884
489 0.432880695683
490 0.433775178299
491 0.433805057568
492 0.43398677498
493 0.43400904717
494 0.433356635026
495 0.432548041936
496 0.432604849955
497 0.432512733794
498 0.432551497833
499 0.454618923719
500 0.420147920493
