0 0 912 1767
0 1 1774 2740
0 2 741 1531
0 3 761 1135
0 4 1344 2288
0 5 1017 1968
0 6 512 1105
0 7 1029 1902
0 8 835 1310
0 9 1058 1833
0 10 957 1575
1 0 1708 2332
1 1 701 1137
1 2 951 1383
1 3 874 2067
1 4 1089 1614
1 5 1164 2081
1 6 1464 2387
1 7 991 1554
1 8 855 1675
1 9 1274 2604
1 10 1152 2562
2 0 1269 2219
2 1 865 1348
2 2 1085 1858
2 3 877 1125
2 4 739 1524
2 5 617 1278
2 6 511 1107
2 7 954 1849
2 8 882 1420
2 9 1000 1693
2 10 948 2374
3 0 1091 1659
3 1 490 1349
3 2 710 1398
3 3 1440 2126
3 4 778 1349
3 5 827 1172
3 6 536 1323
3 7 709 1770
3 8 755 1688
3 9 1273 1855
3 10 880 2176
4 0 620 1086
4 1 855 1197
4 2 731 1263
4 3 897 1704
4 4 538 1057
4 5 1029 1199
4 6 1179 1977
4 7 473 1371
4 8 1018 3207
4 9 1489 1802
4 10 1482 2475
5 0 719 1714
5 1 1354 2247
5 2 650 1226
5 3 476 1570
5 4 448 972
5 5 527 1272
5 6 599 1397
5 7 560 1537
5 8 445 1603
5 9 1025 1636
5 10 1272 2422
6 0 724 1728
6 1 1352 1812
6 2 605 1420
6 3 786 1720
6 4 781 1270
6 5 594 1791
6 6 869 2048
6 7 885 1908
6 8 671 1129
6 9 900 1868
6 10 534 2691
7 0 784 1599
7 1 986 1517
7 2 716 2152
7 3 1087 1635
7 4 763 1324
7 5 1026 1835
7 6 835 1338
7 7 1645 2575
7 8 1183 2768
7 9 1136 2485
7 10 1212 2356
8 0 1287 2586
8 1 825 1709
8 2 970 2053
8 3 727 1355
8 4 721 1338
8 5 681 1743
8 6 1487 2070
8 7 254 1961
8 8 1435 2321
8 9 945 1650
8 10 2632 4455
9 0 1306 2099
9 1 813 1632
9 2 1562 2651
9 3 975 1922
9 4 1123 2234
9 5 815 1956
9 6 1459 2509
9 7 1391 1960
9 8 591 1403
9 9 1184 1670
9 10 561 1029
10 0 2247 3060
10 1 1012 1845
10 2 801 2042
10 3 1125 2696
10 4 892 2941
10 5 586 1658
10 6 1432 1900
10 7 953 1977
10 8 999 2286
10 9 1511 3923
10 10 939 2097
