0 0 955 1905 2502 3323 4113 5187 6009 6837 7659 8424
0 1 374 1684 2489 3374 4460 5377 5877 7177 7877 8754
0 2 907 2066 2649 3191 3666 4303 5109 5601 6241 6572
0 3 534 1814 2456 3536 4335 5270 6199 6841 7562 8121
0 4 908 1716 2332 2953 3368 4349 4802 5586 6641 7309
0 5 840 1359 1811 2482 2863 3697 4610 5466 6506 7092
0 6 845 1286 2293 3137 4048 4564 4936 5568 6328 7131
0 7 776 1432 1975 2624 3188 3739 4744 5505 6304 6910
0 8 506 1270 1868 3211 3817 4312 5121 5616 6015 6822
0 9 858 1384 2642 3586 4615 5230 6054 6684 7183 7870
0 10 1054 1738 2861 3792 4008 4599 5495 6090 6621 7221
1 0 1171 1551 1787 2098 2393 2893 3211 3610 4069 4508
1 1 624 1558 2020 2443 3134 3433 3682 3909 4236 4717
1 2 898 1589 2606 3134 3645 3751 4125 4608 4902 5148
1 3 1028 1679 2090 2367 2588 3121 3298 3665 3916 4246
1 4 971 1285 1815 2304 2949 3236 3672 4248 4554 4832
1 5 900 1909 2354 2892 3460 3838 4401 4847 5215 5715
1 6 1102 1846 2078 2482 3042 3732 4054 4249 4665 5069
1 7 1159 1872 2459 2929 3603 3755 4501 4911 5228 5653
1 8 918 1551 2628 3222 3674 4497 4925 5255 5579 6073
1 9 1255 2147 3009 3670 4602 5124 5700 6133 6595 7000
1 10 497 1718 3098 3745 4242 4716 5290 6008 6842 7580
2 0 1172 1746 2464 3188 3528 3943 4333 4693 5218 5394
2 1 854 1325 2049 2705 3026 3293 3650 4259 4463 4930
2 2 672 1185 1616 2000 2601 2966 3657 4038 4932 5180
2 3 980 1470 1742 2398 2781 3035 3376 3687 3858 4077
2 4 821 1832 2506 2992 3325 3571 3936 4322 4556 4866
2 5 1046 1309 1751 2117 2519 2907 3245 3809 4085 4362
2 6 1406 1846 2639 3277 4047 4563 5335 5864 6149 6507
2 7 1239 1729 2063 2559 2931 3345 3761 4193 4469 4678
2 8 649 2956 3474 4158 4601 5383 6106 6345 6946 7473
2 9 782 1373 1759 2535 2950 3376 3966 4124 4734 4979
2 10 755 2302 3472 4306 4647 5450 6334 6947 7746 8449
3 0 1291 2092 2533 2978 3861 4370 4729 5355 6008 6244
3 1 1227 1892 2403 2692 3264 3463 3791 4081 4624 4958
3 2 1435 2220 2942 3248 3581 3845 4118 4358 4609 4813
3 3 550 931 1631 2166 2653 2948 3236 3885 4122 4364
3 4 980 1418 2120 2606 2903 3368 3824 4155 4504 5001
3 5 1431 1674 2253 2598 2910 3163 3588 3834 4164 4625
3 6 810 1296 1700 2157 2607 3168 3537 3926 4323 4714
3 7 968 1917 2575 2964 3424 3687 4211 4517 4770 5201
3 8 501 1491 2091 2756 3379 3745 4489 4926 5328 5847
3 9 985 1803 2253 2785 3265 3860 4237 4481 5434 5852
3 10 1511 2511 2978 4042 4866 5139 5644 6047 6859 7271
4 0 726 1700 2130 2964 3584 4513 5360 5775 6528 7056
4 1 1102 1648 2287 2654 2945 3666 4205 4618 4933 5418
4 2 681 1256 1859 2279 2808 3003 3502 3968 4442 4784
4 3 491 2132 2716 3386 3684 4040 4387 4724 5043 5252
4 4 1153 1998 2756 3277 3517 3805 3939 4300 4565 4880
4 5 748 1511 1954 2208 2557 2733 3241 3600 4070 4471
4 6 807 1302 1562 2197 2606 2809 3084 3436 3769 4081
4 7 1153 1696 2014 2393 2657 3202 3719 4229 4719 5108
4 8 1001 1804 2140 2566 2889 3492 3995 4300 4741 5149
4 9 944 1895 2490 3417 3903 4206 4752 5305 5947 6543
4 10 1919 3140 4545 5747 7189 7832 8871 10005 11283 12149
5 0 913 1666 2465 3259 3990 4448 5287 6460 7436 8261
5 1 1398 2206 2541 3150 3728 4128 4733 4994 5464 5898
5 2 530 1484 2106 2957 3677 4127 4533 4946 5464 5938
5 3 425 970 1820 2682 3222 3961 4491 4947 5319 5775
5 4 1422 2367 2724 3249 3766 4231 4728 5137 5736 5958
5 5 983 1462 2026 2401 3005 3252 3575 4379 4943 5485
5 6 539 1416 1776 2281 3046 3590 3826 4095 4458 5109
5 7 631 1704 2199 3107 3871 4485 4847 5099 5508 5889
5 8 1103 2036 2530 2843 3796 4589 5079 5478 6240 6880
5 9 1047 1853 2796 3210 3642 4187 4604 5075 6585 7602
5 10 817 1761 2236 2742 3120 3810 4599 5112 5815 6327
6 0 523 1433 2050 2899 3165 3802 4822 6230 6905 7818
6 1 584 1513 2257 3005 3537 4096 4741 5558 6477 6904
6 2 562 1478 2351 3044 3616 4132 4879 5551 5864 6493
6 3 816 1240 2139 2725 3528 4104 4423 4759 5314 5918
6 4 1072 2074 2499 3026 3294 3917 4297 5051 6279 7288
6 5 1110 1727 2243 2603 2960 3297 3675 3969 4275 4522
6 6 897 1476 2341 2780 3085 3623 4066 4557 5051 5533
6 7 1392 2060 2860 3095 3598 4100 4731 5030 5192 5430
6 8 489 1332 2440 3596 5156 5923 6669 7267 7468 7943
6 9 1475 2472 3673 4839 5369 5937 6490 6947 7755 8434
6 10 1044 2350 2963 3885 4903 5549 6320 7014 7407 7741
7 0 667 1587 2623 3322 3777 4504 5316 5892 6592 7136
7 1 718 1588 2111 2542 3000 3488 3774 4070 5190 6838
7 2 574 1802 2566 3382 4200 4785 5067 5599 6257 6754
7 3 838 1475 2284 2959 3458 3980 4481 5216 5620 6122
7 4 1686 2082 2912 3352 3587 3933 4424 4667 4940 5424
7 5 908 1526 2228 2562 3060 3413 4010 4353 4898 5218
7 6 993 1937 2496 3270 3796 4323 4686 5310 5609 6148
7 7 1180 1893 2429 3036 3837 4650 5815 6408 6874 7390
7 8 1190 1953 2587 3229 4319 5210 5973 6647 7149 7717
7 9 728 2203 2900 4414 5129 5871 6880 7319 8047 8673
7 10 1533 2376 3492 4269 5439 6064 6897 8045 8422 9203
8 0 812 2324 3439 4505 5752 6585 6937 8525 9016 9679
8 1 1116 1536 1934 2262 2688 3733 4054 5061 5516 7546
8 2 1200 1705 2671 3301 4154 4516 5003 5525 6034 6997
8 3 1378 2664 3394 3920 4368 5097 5949 6607 7222 7972
8 4 810 1363 1888 2275 3044 3511 4058 5029 5362 5875
8 5 698 1127 1787 2561 3723 4451 5118 5833 6383 6745
8 6 578 951 1262 1728 2139 2622 3179 3473 3862 4077
8 7 907 2716 3343 4906 5718 6181 6513 6962 7300 7654
8 8 960 1701 2945 3252 4189 4906 5738 6625 7304 7857
8 9 1448 2491 3023 4350 6055 7711 8418 9428 10313 11460
8 10 1354 2570 4319 5416 5927 6840 8569 9197 10524 11241
9 0 680 1687 2808 3318 4358 5535 6092 7661 9157 9713
9 1 524 2238 2993 4183 5133 6167 7083 7827 8458 9797
9 2 782 1577 2511 3461 4204 4461 4999 5796 6335 6953
9 3 1088 2130 2695 3270 3599 3940 4413 5289 5851 6505
9 4 770 1430 2352 4187 5151 5989 6547 7285 8270 8932
9 5 883 1284 1932 2698 3786 4386 4979 5946 6459 6872
9 6 675 1045 1670 2306 3582 4036 4435 5130 5338 5630
9 7 1560 2950 3790 4345 5627 6301 6912 7342 7753 8508
9 8 1271 1910 3207 3855 5078 6182 7003 8260 9200 10100
9 9 1417 2414 4463 6776 8140 9206 10291 11074 12788 14179
9 10 1522 2716 4684 6591 7148 8251 9553 11251 12678 13504
10 0 576 1659 2353 2949 4063 5222 6331 7471 9264 10669
10 1 1825 2627 3984 4890 6669 7866 9165 10570 11599 12982
10 2 1570 3002 4016 4799 5432 5988 7270 8131 9269 10202
10 3 1664 2744 4020 5022 6647 7503 8528 9725 10523 11589
10 4 860 2227 3249 4487 5543 6071 7594 8588 10582 11859
10 5 2265 2902 3841 4803 5679 6410 6819 8317 9048 10000
10 6 1074 2410 3546 5110 6700 7775 8543 9496 10023 10557
10 7 1284 2957 4001 4805 5627 8035 8807 9473 10115 11261
10 8 924 2246 2998 4110 5758 6710 7353 7996 9539 10833
10 9 652 1646 4426 7096 9040 10813 12152 13597 14757 16197
10 10 952 1966 3404 4665 6253 7643 8703 9991 10638 11215
