0 0 670 1752 2479 3042 3881 4610 5918 6864 7313 7894
0 1 1294 2190 2681 3599 4105 4881 6305 7013 7840 8508
0 2 2252 3156 3871 4915 5647 7014 7431 8279 9355 10698
0 3 870 1842 2697 3285 3814 5024 5438 6439 7296 7766
0 4 600 1329 2089 2441 3362 4033 4470 4929 5882 6590
0 5 460 1263 2326 2870 3346 3932 4483 5065 5524 6081
0 6 1323 2296 2994 4145 5339 6580 7866 8352 9110 10146
0 7 568 1672 3106 3816 5149 6629 7537 7968 8814 9893
0 8 968 1696 2248 2841 3809 4896 5698 6451 6863 8251
0 9 603 1192 1747 2152 2980 3590 4190 4476 5225 5903
0 10 1616 2327 2791 3713 4417 5390 6494 6980 7802 8198
1 0 588 1842 2586 3239 3669 4048 4454 4942 5215 5416
1 1 1417 2023 2626 2965 3316 3612 4003 4297 4584 4809
1 2 681 1236 1878 2203 2729 3162 3445 3983 4453 4757
1 3 1933 2500 2960 3370 3713 4164 4407 4996 5680 5971
1 4 905 1774 2592 3002 3786 4027 4359 4572 4803 5114
1 5 1178 1792 2095 2440 2830 3157 3457 3660 3993 4484
1 6 1716 2336 2865 3134 3493 3855 4143 4330 4627 5008
1 7 959 1533 1892 2326 2821 3190 3629 3858 4052 4378
1 8 1720 2399 3040 3406 3808 4283 4980 5332 5739 6318
1 9 1164 1924 3081 3728 4727 5156 6026 6679 7162 7739
1 10 1068 2061 2952 3495 4460 6080 6759 7981 8558 9505
2 0 817 1448 1882 2203 2926 3495 4352 5000 5591 6195
2 1 1283 2205 2910 3718 4065 4556 4876 5112 5298 5736
2 2 625 1347 1818 2134 2457 3062 3485 3886 4279 4634
2 3 636 1380 2167 2377 2802 3205 3582 4046 4368 4748
2 4 1443 1771 2170 2565 2925 3391 4047 4307 4504 4932
2 5 839 1384 1817 2224 2535 2779 3197 3498 3789 4205
2 6 1568 2170 2464 2750 3096 3384 3772 4027 4333 4554
2 7 968 1586 1942 2447 2813 3050 3420 3718 4116 4724
2 8 1129 1840 2233 2632 2935 3198 3648 4411 4715 5345
2 9 1231 2156 3504 4140 4705 5186 5590 6006 6366 6764
2 10 465 1337 2340 3017 3456 3729 4648 5005 5674 6376
3 0 743 1357 2408 2727 3362 4869 5415 5985 6715 7071
3 1 717 1511 1990 2818 3157 3416 3735 3992 4328 4610
3 2 629 1011 1326 1715 2141 2484 3229 3439 3652 4049
3 3 738 1520 1915 2279 2476 2856 3244 3458 3751 4066
3 4 664 1697 2425 2589 2898 3381 3669 4043 4496 4773
3 5 1096 1798 2628 3150 3397 3869 4344 4716 5099 5411
3 6 617 1203 2070 2539 3113 3397 3700 4122 4594 4848
3 7 1162 1766 2207 2598 2840 3358 3753 4104 4596 4936
3 8 2069 2729 3158 3492 4163 4993 5799 6208 6734 7472
3 9 1634 2390 3022 3471 3946 4506 5452 6573 6856 7336
3 10 1124 1809 3680 4590 5645 6476 7228 8109 8989 9452
4 0 854 1455 1797 2447 3227 3761 4251 4630 5122 6140
4 1 1275 1810 2567 3446 3944 4424 5013 5349 5785 6140
4 2 880 1412 2067 2411 2823 3315 3847 4467 4798 5185
4 3 683 1443 2148 2457 2751 3054 3389 3693 4040 4261
4 4 1243 1631 2105 2588 3037 3441 3772 4218 4542 4811
4 5 1584 2111 2488 2786 3025 3356 3810 4293 4595 5080
4 6 1793 2866 3367 3794 4272 4859 5468 5814 6057 6241
4 7 1358 2382 3098 3729 4498 4943 5417 5826 6233 6732
4 8 525 1098 1767 2642 3130 3665 4340 4811 5178 5727
4 9 1628 2214 2814 3776 4804 5944 6805 7207 8342 8947
4 10 1656 3176 3731 4684 5298 5948 6407 7158 8221 8727
5 0 655 1790 2220 3070 4059 4478 5132 5848 6416 7071
5 1 1303 2398 2752 3059 3705 4220 4764 5361 6027 6570
5 2 964 1463 2047 2545 3363 3778 4038 4363 5061 5717
5 3 1322 1753 2601 2998 3462 3887 4239 4528 4926 5256
5 4 852 1920 2587 2989 3449 4338 4989 5336 5800 6132
5 5 1280 1677 2202 2841 3184 3476 3843 4172 4480 4856
5 6 1288 2323 3218 3621 3980 4593 5062 5401 5764 6077
5 7 918 1507 2503 3084 3615 3993 4295 4952 5725 6123
5 8 1355 2238 2666 3230 3666 4428 4991 5855 6718 7470
5 9 2924 3668 4389 5547 6213 6912 7355 7935 8914 9770
5 10 2905 3733 5257 6505 6787 7371 8304 9261 9750 10198
6 0 526 1776 2234 2827 3451 4552 5718 6244 6976 7373
6 1 900 1216 1870 2411 2867 3148 3864 4284 4716 5191
6 2 799 1456 2009 2401 2863 3321 4023 4675 5354 5984
6 3 601 1030 1441 2098 2762 3420 3735 4145 4523 4723
6 4 555 1375 1868 2312 3162 4141 4616 4949 5293 5716
6 5 455 1080 1768 2272 2773 3381 3807 4046 4836 5234
6 6 1265 2414 2883 3516 3938 4360 4926 5244 5878 6441
6 7 783 1361 1681 1908 2353 2677 2871 3225 3620 4083
6 8 1025 1716 2891 3369 3888 4878 5384 6097 6750 7284
6 9 805 2339 3342 4285 4791 5225 5938 6471 7108 7350
6 10 1779 3945 4918 5832 6406 7986 8530 9425 10019 11299
7 0 605 1042 1625 2080 2468 3002 3549 4464 5007 5395
7 1 1284 2188 3098 3811 4320 4866 5362 5974 7241 7990
7 2 693 1527 2269 2926 3614 3870 4775 5599 6426 7236
7 3 975 1887 2469 2768 3548 3872 4273 4758 5334 5822
7 4 627 1266 2212 2927 3803 4251 4842 5732 6133 6418
7 5 1032 1456 2303 3172 4016 4519 4794 5097 5297 5640
7 6 726 1740 2166 3420 3890 4734 4967 5219 5448 5782
7 7 1243 1838 2139 2676 3142 3651 4252 4477 4753 5166
7 8 1452 2303 2972 4098 4958 5221 5742 6254 6912 7436
7 9 1261 2178 3486 4656 5597 6221 6772 7770 8192 8696
7 10 1524 2691 4095 5224 5795 6637 7395 8266 9103 10147
8 0 928 1525 3094 4134 5016 6508 7434 8721 9642 10235
8 1 594 1161 1888 2562 3413 4161 4533 4907 5389 6028
8 2 577 1438 2038 2659 3184 3982 4302 5149 6259 6651
8 3 978 2009 3484 4359 4844 5203 5520 6037 6585 7275
8 4 1532 2217 2615 3365 3973 4892 5618 5870 6303 6598
8 5 1111 2224 2779 3314 3852 4339 4752 5134 5475 5857
8 6 1151 2022 2704 3282 3818 4108 4449 4924 5204 6066
8 7 813 2242 3151 3954 5025 5449 6070 6743 7247 8597
8 8 1001 1819 2644 3772 4595 5520 6504 7357 7729 8523
8 9 1786 3233 4874 5774 6543 7119 7747 8251 9663 10236
8 10 863 2115 3481 4172 4878 5729 6269 6911 7730 8430
9 0 588 1612 2480 3927 4907 5990 7682 9888 10991 12201
9 1 1172 2294 3203 4191 5147 5627 6078 6777 7287 7852
9 2 665 1721 2458 3418 4519 5191 5623 6803 7281 8217
9 3 518 1544 2339 3380 4608 5563 6601 7031 7607 8025
9 4 1199 2038 2575 2995 3995 4996 5711 6298 7103 8108
9 5 767 1942 2987 4078 4695 5541 6207 6754 7068 7722
9 6 1307 1645 2297 2734 3339 3743 4216 5236 5981 6822
9 7 1282 1763 4120 4817 5700 6945 7483 8877 9557 10417
9 8 1427 2572 3024 3799 4352 5294 6125 6494 6887 7674
9 9 971 1481 2341 2974 4072 4411 5194 6384 7389 8298
9 10 1607 2195 3484 4632 6411 7238 8716 10039 11303 12383
10 0 575 1776 2400 3415 4104 6369 7565 8553 9376 9834
10 1 1018 2120 2830 3698 4490 5494 6566 7068 8110 9661
10 2 1087 2437 3693 5371 6566 7305 8563 10149 10935 11823
10 3 1110 1768 2172 2952 3971 4922 5767 6707 8164 8613
10 4 1077 1843 2675 4176 5752 6695 7189 9413 10219 11129
10 5 1075 2274 3567 5151 6297 7977 9317 10438 11438 12683
10 6 725 1836 2933 3500 3873 5155 6660 7983 8812 9345
10 7 1190 2407 3602 4448 5991 6770 7532 8448 9594 11083
10 8 603 1483 2527 3766 5815 6404 7126 7965 8697 10109
10 9 706 2190 3771 5382 6342 8902 11327 13091 14962 16430
10 10 816 2501 5338 7857 9271 10799 11185 12461 13468 14912
