0 0 1160 2010 2955 3673 4636 5927 7225 8001 9329 10153
0 1 1393 2043 2925 3921 4410 5194 5965 6919 7642 8437
0 2 505 1040 1663 2311 2690 3033 3911 4295 4848 5212
0 3 840 1607 2247 3026 3374 3821 4409 5882 6592 7581
0 4 846 1703 3286 4228 4851 5594 6410 7348 8452 8966
0 5 916 1663 2869 3974 4887 5774 6412 7105 8475 9051
0 6 718 1771 2400 3126 4045 4857 5726 6335 7145 7631
0 7 678 1662 2879 3281 3928 4432 5458 6116 7123 7738
0 8 782 1721 2641 3312 4306 5180 6332 7118 7536 8222
0 9 696 1446 2127 2699 3169 3717 4198 4683 5159 5724
0 10 1266 2707 3830 4925 6046 7095 7872 8541 9485 10340
1 0 971 1336 1778 2352 2692 3122 3570 4088 4244 4636
1 1 810 1465 1805 2162 2520 2859 3220 3651 4044 4181
1 2 1060 1641 2089 2479 2862 3516 3857 4034 4358 4544
1 3 1542 2262 2620 3037 3290 3714 4043 4336 4540 4865
1 4 928 1520 1835 2494 2772 3184 3327 3662 3934 4275
1 5 604 1291 1873 2359 2681 3418 4169 4430 4686 5037
1 6 912 1844 2609 3244 3900 4328 4762 5274 5799 6006
1 7 1086 1856 2368 3013 3332 3706 4495 5042 5420 6301
1 8 1237 1941 2413 2861 3388 4021 4650 4937 5571 5967
1 9 860 2036 3110 4068 4615 5124 5801 6529 6838 7316
1 10 636 1796 2429 3579 4474 5315 6274 6572 7093 7708
2 0 1094 1822 2491 2908 3321 3724 4224 4604 5070 5790
2 1 1070 1677 2474 2932 3475 3921 4163 4663 4923 5202
2 2 1049 1828 2297 2736 3279 3494 4156 4552 5112 5542
2 3 958 1896 2412 3022 3335 3875 4148 4370 4925 5403
2 4 944 1820 2305 2849 3362 3611 3929 4313 4696 4918
2 5 425 889 1647 2204 2610 2905 3337 3565 3860 4151
2 6 895 1864 2306 2612 2846 3218 3709 4107 4546 4874
2 7 1018 1565 2293 3200 3945 4548 4800 5093 5543 6054
2 8 1032 1286 1857 2267 3050 3630 4297 4866 5237 5569
2 9 1501 2073 2991 3546 4073 4683 5953 6421 6801 7547
2 10 829 1904 2538 3742 4985 5754 6510 6848 7234 8479
3 0 786 1661 2033 2712 3189 3383 3877 4324 4833 5231
3 1 992 1507 2168 2835 3424 3902 4578 5094 5664 6071
3 2 1008 1828 2530 3143 3585 3765 4126 4557 4905 5216
3 3 874 1544 2040 2482 2823 3372 3644 4295 4513 4839
3 4 1407 1946 2262 2614 3089 3435 3704 3935 4166 4508
3 5 1092 1804 2734 3230 3656 4026 4369 4812 5072 5224
3 6 610 1697 2437 2825 3078 3367 3753 4177 4444 4798
3 7 450 1086 1719 2004 2342 2672 2995 3327 3973 4387
3 8 1246 1901 2200 2757 3625 4044 4547 4721 5237 5837
3 9 738 2071 3309 4501 5138 5449 5972 6885 7758 8241
3 10 931 1873 3289 3815 4337 5348 6081 6895 7323 8401
4 0 1361 1927 2630 3073 3569 4050 4655 4952 5341 5699
4 1 678 1648 2188 2841 3663 4032 4523 4993 5462 6084
4 2 605 1309 1744 2087 2370 2584 2952 3386 3753 4108
4 3 756 1270 1879 2315 2549 2959 3446 3881 4156 4357
4 4 1085 1863 2204 2807 3082 3999 4387 4843 5258 5520
4 5 513 1205 1702 2086 2679 3048 3206 3514 3921 4162
4 6 1225 1778 2288 2637 3010 3198 3783 4089 4528 4935
4 7 1226 2042 2434 3348 3885 4617 5366 5739 6467 7544
4 8 497 1591 2434 3018 3787 4301 4917 5442 6127 6445
4 9 1034 2252 2805 3984 4290 4915 5544 5968 6871 7480
4 10 912 2257 3134 4546 5236 6258 7038 7907 8330 8585
5 0 856 1625 2620 3264 4031 5178 6006 7235 7996 8438
5 1 908 1607 1846 2538 3147 3696 4305 4705 5148 5449
5 2 533 960 1545 1843 2409 2677 2896 3175 3457 4210
5 3 1051 1486 2210 2478 3023 3373 3701 4002 4340 4647
5 4 457 941 1505 1901 2183 2842 3520 4048 4412 4843
5 5 1289 1958 2331 2784 3280 3520 3832 4172 4458 4681
5 6 826 1818 2285 2745 3060 3516 4062 4372 4703 4898
5 7 1315 2413 2991 3310 3770 4080 4482 5097 5419 5716
5 8 761 2754 4189 4578 5139 6271 7214 7745 8638 9278
5 9 1104 1636 2417 3550 3945 4414 4957 5103 5463 6293
5 10 1348 2649 3464 4755 5504 6299 6842 7825 8925 9454
6 0 627 1391 2774 3703 4579 5282 5741 6482 7232 8056
6 1 845 1483 2113 2954 3266 4094 4797 5482 5870 6166
6 2 1150 1754 2184 2590 3192 3820 4244 4683 5064 5277
6 3 892 1676 2326 2551 2954 3294 3615 4487 4950 5460
6 4 458 859 1721 1963 2546 3127 3738 4140 4808 5492
6 5 1211 2022 2510 2890 3103 3548 3821 4219 4760 5406
6 6 1559 2076 2549 3107 3418 3796 4110 4652 4927 5265
6 7 1105 1901 2491 2811 3022 3455 4149 4570 5100 5508
6 8 866 1970 3295 4488 5215 5678 6847 7287 8061 8445
6 9 1734 2650 3466 4072 4482 4841 5702 6720 7663 8341
6 10 2261 3611 4841 6081 7577 8330 9645 11092 11805 12542
7 0 1411 2780 3646 4066 4486 5066 5676 6579 7374 8532
7 1 721 1284 1735 2733 3620 4205 5412 6066 6455 7184
7 2 981 2177 3447 4220 4685 5488 5888 6205 7105 7368
7 3 625 1571 2892 3969 4786 5368 5923 6486 7089 7627
7 4 832 2315 2775 3072 3395 4072 4381 4863 5486 6065
7 5 872 1275 1755 2348 3027 3593 4016 4495 4855 5089
7 6 863 1717 2652 3203 3700 4211 4703 5184 5730 6143
7 7 1086 2115 3256 3747 4554 5003 5439 6122 6612 6989
7 8 1447 2326 3378 3951 4594 4975 6013 6397 6936 7325
7 9 957 3558 4455 5048 5880 6279 6809 7747 8276 9015
7 10 1584 2742 3927 4600 4841 5181 5985 6266 7084 7598
8 0 800 1390 2411 3163 3706 4775 6218 7520 8257 8723
8 1 895 1673 2416 2847 3503 4533 5517 6098 6960 8099
8 2 1355 2788 4046 5713 7151 8042 9433 10063 10196 10857
8 3 1130 2029 3235 3668 4366 5002 5472 5862 6152 6386
8 4 661 1172 1522 1980 2385 2801 3267 4087 4837 5586
8 5 754 1751 2410 2666 3019 3646 4160 4853 5433 5987
8 6 617 1320 2093 2771 3484 4011 4339 4779 4948 5348
8 7 474 1125 1778 2232 3604 4021 4871 5704 6076 6593
8 8 356 1235 2202 3269 4410 5593 6135 6826 7427 8341
8 9 930 2051 3413 5008 5753 6553 7695 8407 9451 10014
8 10 2417 3066 5231 7148 8579 9625 10911 12031 12804 13920
9 0 975 1973 2772 4002 4965 5588 6611 7702 8728 9722
9 1 713 1405 2069 2858 4521 5808 6617 7736 8635 10707
9 2 1721 2906 3504 4776 5493 5963 6985 7996 9072 9496
9 3 961 1343 2324 2914 3337 4146 5002 6071 6925 7502
9 4 1141 1919 2796 3642 4581 5038 6134 7377 8128 8736
9 5 1287 1986 2799 3655 4130 5285 5810 6140 6502 6954
9 6 777 1630 2708 3917 4993 5918 6420 6853 7554 7910
9 7 1304 2499 3484 4078 5161 6154 6766 7632 8215 8753
9 8 1632 2769 4405 5410 6370 6789 7906 8839 9854 10145
9 9 1236 2181 3031 4297 4861 5829 6494 7308 7829 8553
9 10 1030 2807 4033 5230 6126 6759 7473 8747 9149 9771
10 0 812 1952 3019 4250 6527 7375 8816 9361 10601 12030
10 1 986 2474 3135 3897 4836 5653 6602 7333 9755 11033
10 2 875 2808 3375 4625 5895 7314 8304 9738 11098 12630
10 3 811 1775 2240 3028 4047 5066 6108 7370 8313 9023
10 4 1622 2251 3211 4100 4907 5527 7265 8315 9283 10980
10 5 739 2202 3045 4140 5112 5596 6684 7373 8186 9006
10 6 1207 2067 3180 3945 5362 6110 6947 7708 8684 9412
10 7 898 1422 2668 4023 4743 5195 5824 7595 8548 9464
10 8 1318 3343 4284 5438 7062 7539 8365 9961 11881 13598
10 9 1446 2093 2708 3412 5863 7854 9303 10047 11123 12485
10 10 2512 4043 4830 6480 7532 8192 9062 10454 11809 12506
