0.03125 1749 3573 5412 7230 9062 10881 12706 14537 16375 18206
0.0625 2316 5600 8934 12234 15526 18800 22104 25346 28620 31929
0.125 2058 4733 7397 10093 12793 15493 18191 20891 23591 26291
0.25 2577 5782 9001 12180 15392 18619 21832 25055 28270 31478
0.5 3225 7813 12594 17233 21744 26426 31042 35662 40137 44745
1 1825 5971 9918 14225 18241 22730 26836 30647 33899 37677
2 1290 3514 5776 8053 10284 12901 15110 17010 19237 21174
4 1512 2682 4280 4215 4368 4876 5074 5857 7297 7992
8 119 1161 1765 2249 2455 3313 4292 4911 5557 6651
16 1061 895 1678 2204 3463 4489 5528 6387 6521 7803
32 454 878 2070 2475 2929 3613 3909 4764 5442 5769