0.03125 2372 5062 7768 10464 13167 15885 18585 21272 23967 26674
0.0625 1960 4753 7526 10358 13213 15995 18790 21559 24381 27169
0.125 1035 2411 4170 6810 9450 11970 14610 17010 19314 21689
0.25 1793 4081 6366 9723 13397 17110 20681 24095 27811 31382
0.5 3440 7925 12366 16908 21453 25926 30530 34933 39592 44170
1 2710 7043 10976 15488 19226 23499 27757 31794 36107 40360
2 1159 3250 4960 7053 8576 9150 11384 13763 14077 15874
4 1168 2270 3108 4231 5979 6797 7768 8603 9298 10074
8 840 2270 2448 3122 4259 5212 5344 5301 6337 6941
16 1402 2208 3191 3653 3795 4959 5489 6061 7034 7839
32 551 1539 1867 2045 2929 3570 3921 4371 4681 5015