0.03125 3175 7909 12550 17324 22118 27072 31709 36634 41371 45903
0.0625 696 1676 2656 3636 4616 5596 6576 7556 8536 9516
0.125 1850 4553 7231 9894 12575 15284 17979 20680 23365 26036
0.25 2407 5164 7916 10625 13334 16170 18987 21795 24603 27414
0.5 2900 6839 10802 14821 18852 22883 26915 30950 34858 38881
1 2519 6804 10807 14870 18710 23125 26958 30963 35342 39809
2 1029 2744 4489 6388 8628 9165 10829 13228 14878 16387
4 842 1682 2467 3212 4007 5042 6124 6490 7490 8155
8 529 730 916 1400 2177 3000 3743 3617 4686 4898
16 536 936 2742 3544 3959 4645 5040 5989 5941 6539
32 1004 2388 3361 4145 4505 5231 5342 5530 6301 6298