0.03125 1203 2872 4552 6232 7912 9592 11272 12952 14632 16312
0.0625 2114 4484 6854 9223 11590 13958 16332 18695 21063 23426
0.125 1939 4615 7309 10009 12709 15405 18105 20803 23503 26201
0.25 1501 3454 5536 7681 9827 11964 14171 16736 19300 21895
0.5 2563 6829 11547 16731 21876 27055 32228 37335 42438 47480
1 2882 6982 11167 15588 19569 23491 27466 31432 35658 39016
2 1791 3423 5176 6538 8351 9870 10662 11750 13409 15004
4 1632 2874 3690 4788 5807 7179 8068 8848 10599 10881
8 717 1350 2340 2868 3520 3391 4138 4997 5499 6439
16 931 1586 1816 2682 3206 4160 4799 5810 5949 6256
32 -175 -428 123 1120 1388 2230 2497 2815 3059 4118