0.03125 2356 4983 7602 10195 12829 15431 18027 20645 23258 25879
0.0625 1893 4405 6761 9192 11722 14167 16596 19030 21372 23902
0.125 2491 5567 8647 11727 14796 17876 20960 24031 27111 30191
0.25 2439 5880 10951 16057 21171 26341 31488 36620 41753 46820
0.5 3306 8279 13250 18122 23137 28067 32999 37993 42982 47893
1 1770 5385 9423 12969 16866 20959 25098 29377 33233 36909
2 1031 2857 5110 7147 8669 9533 11228 12726 14635 16233
4 1441 1699 2841 4547 5260 6261 7245 8146 9125 10430
8 545 1504 1561 2465 3623 4032 4964 6459 6938 8173
16 375 1425 1725 2696 3588 4400 5062 4833 5011 4860
32 980 1307 1768 2240 2843 2670 2795 3922 4853 5487