0.03125 1532 3374 5254 7133 9011 10890 12768 14646 16523 18401
0.0625 1428 3078 4758 6438 8118 9790 11470 13150 14830 16510
0.125 1285 2853 4284 5919 8178 10580 13501 17288 21057 24836
0.25 2333 5930 9568 13147 16856 20533 24209 27867 31556 35204
0.5 2413 5994 10019 14148 18217 22319 26407 30492 34659 38744
1 2240 5950 9315 13457 17314 21586 25114 28754 32188 35982
2 937 2725 3976 5283 7782 9174 10927 11919 13000 15308
4 414 1759 1939 2930 4170 4899 5215 6066 7254 7811
8 635 1331 1528 2596 2942 3185 3451 4098 4602 5783
16 861 1179 2390 2600 2999 3525 3717 4753 5660 6786
32 612 1186 1831 2419 2477 2959 2757 3650 4049 4387