0.03125 1281 2838 4398 5958 7523 9086 10650 12210 13770 15334
0.0625 1665 3373 5298 7195 9021 10820 12679 14488 16310 18150
0.125 1411 2611 3811 6855 10388 14063 17797 21566 25387 29202
0.25 2953 6942 10918 14989 19000 23022 26741 30594 34568 38412
0.5 3211 7462 11771 15902 20039 24245 28163 33204 38314 43512
1 2369 6626 10980 15043 19073 23208 27017 31477 35957 40366
2 1131 2507 5155 7607 8764 11193 13352 15306 17171 18853
4 770 2053 2884 3475 4621 5530 6301 7124 8422 9922
8 1449 1599 1734 1857 2546 2860 3164 4008 4803 6017
16 603 1383 2181 2634 2845 3620 4316 4379 5660 5847
32 119 320 47 1414 1346 1415 1953 1619 2355 3052