0.03125 1305 3145 4595 6435 8275 10115 11955 13795 15635 17475
0.0625 844 2266 3697 5136 6576 8015 9454 10894 12332 13772
0.125 1778 4626 7416 10224 13055 15879 18686 21528 24358 27178
0.25 2864 6100 9383 12666 15945 19216 22497 25785 29061 32355
0.5 3111 7387 11683 16051 20375 24623 28979 33298 37675 41920
1 2784 6770 10767 14730 18963 23407 27798 31802 36467 40632
2 968 2421 4413 5888 7409 9161 9694 11877 13017 14331
4 472 878 2192 2622 2984 3936 4969 6058 7595 8381
8 770 2486 2386 2874 3461 3942 4263 5466 5765 6841
16 749 1280 2840 4079 4296 5521 5549 5617 6516 6991
32 397 1122 1313 1586 1740 2360 1617 2943 3230 3435