0.03125 2672 5828 9111 12379 15647 18935 22233 25522 28821 32100
0.0625 2265 5117 7959 10785 13621 16479 19315 22147 24993 27833
0.125 1527 4893 8318 11727 15159 18569 21987 25372 28790 32215
0.25 2389 5078 7750 10438 13153 15846 18566 21284 23978 26746
0.5 2706 7013 11924 17034 22177 27086 32039 37075 42120 46758
1 1987 5577 9099 13297 17202 21799 26061 29917 33729 37731
2 1081 2537 4280 5501 6860 8147 9998 11157 12136 13473
4 306 1364 2415 3479 3976 4672 4970 6858 6882 7250
8 791 1855 2445 3817 4639 5038 5703 6754 7266 8035
16 590 1262 1626 2286 2848 3905 4731 5439 5606 5793
32 79 1265 1475 2506 3174 3748 4271 4587 4895 5639