0 0 83 173 243 315 396 461 510 571 639 710 2 6 10 13 14 15 16 18 20 23
0 1 65 126 186 253 314 372 444 517 580 632 2 4 5 7 9 9 10 14 16 18
0 2 73 128 198 257 306 380 446 512 569 635 0 1 4 6 7 8 8 9 11 14
0 3 75 135 205 284 354 420 487 557 617 676 4 6 7 11 12 14 18 19 21 23
0 4 65 125 191 263 335 397 457 519 571 627 3 4 6 9 11 14 18 21 22 23
0 5 87 159 230 286 337 397 448 517 595 652 2 3 4 6 10 12 13 16 18 19
0 6 94 167 242 316 384 459 518 578 651 722 3 6 9 10 10 13 17 20 21 24
0 7 55 118 187 247 318 370 442 508 589 656 2 3 6 6 8 8 12 14 15 18
0 8 70 136 200 259 313 376 435 492 566 621 3 6 11 12 13 17 17 18 18 21
0 9 61 129 192 258 318 366 442 499 570 634 1 4 5 8 10 11 13 15 15 18
0 10 66 138 202 250 302 362 426 488 544 598 4 8 11 13 19 23 24 26 27 27
1 0 72 128 213 292 359 425 490 550 626 682 8 11 16 18 18 22 23 25 30 33
1 1 59 112 157 231 299 370 453 508 546 603 0 2 3 4 4 5 7 7 7 8
1 2 79 127 187 253 319 369 431 471 539 592 3 4 5 6 8 11 17 20 22 24
1 3 85 148 221 267 332 409 473 522 582 643 3 4 6 8 12 15 17 19 19 22
1 4 82 155 227 298 359 425 484 553 608 663 3 5 5 8 10 10 14 17 18 18
1 5 59 134 181 251 310 370 439 497 565 628 0 4 6 7 9 13 15 17 20 22
1 6 64 125 168 212 260 329 396 470 530 582 3 4 5 9 11 13 14 15 19 22
1 7 67 142 206 258 313 377 440 496 546 624 2 4 5 6 9 10 11 12 15 20
1 8 75 136 195 265 332 390 458 510 568 628 2 7 10 11 11 13 14 16 19 21
1 9 74 146 223 288 354 406 477 536 577 639 6 8 10 10 11 11 13 14 15 16
1 10 80 148 202 260 311 374 421 478 545 600 3 7 7 7 9 12 13 14 15 15
2 0 57 111 173 240 301 372 430 493 561 623 4 5 8 13 16 16 17 18 19 20
2 1 83 140 194 251 310 385 441 515 583 650 1 3 6 6 8 10 12 14 15 16
2 2 67 135 194 265 336 394 451 506 549 625 3 9 9 11 11 12 15 16 20 22
2 3 83 154 206 252 307 365 414 474 523 590 3 5 8 10 12 13 17 17 19 20
2 4 76 141 192 247 307 367 435 482 540 583 8 12 16 17 19 22 23 25 25 25
2 5 86 135 183 225 299 355 416 467 525 606 3 4 6 9 11 11 11 11 13 16
2 6 72 156 223 290 353 420 490 531 587 643 2 4 8 11 15 19 21 22 24 26
2 7 61 128 197 256 302 364 435 487 543 613 1 4 6 7 7 8 9 10 11 11
2 8 81 150 212 280 338 389 450 520 563 629 4 5 6 10 13 13 15 16 19 20
2 9 77 140 200 246 308 372 435 490 535 585 2 4 9 11 12 14 14 15 16 17
2 10 70 129 181 230 284 321 364 424 481 550 0 4 6 7 10 10 13 13 15 18
3 0 59 120 183 260 331 395 456 522 582 637 5 6 8 9 11 14 16 16 16 18
3 1 78 131 212 267 335 390 460 521 593 646 3 4 6 8 11 13 13 14 17 18
3 2 68 153 221 299 381 458 529 594 661 710 4 7 8 10 13 16 18 19 23 25
3 3 66 126 191 255 316 369 431 494 560 610 2 5 10 11 11 14 15 19 20 21
3 4 68 136 189 258 318 372 439 499 547 618 3 4 7 10 13 14 16 17 17 19
3 5 62 126 183 261 341 411 459 493 548 600 3 5 5 8 9 9 12 12 12 15
3 6 63 114 186 248 302 369 425 485 551 622 3 4 5 5 7 8 10 10 10 12
3 7 62 147 212 267 331 385 457 521 582 645 3 3 4 7 9 13 15 18 18 23
3 8 68 133 190 248 309 371 420 488 562 620 1 6 10 11 15 17 19 20 22 23
3 9 61 111 178 233 285 332 390 435 474 533 5 9 9 11 13 14 15 17 19 20
3 10 64 137 211 263 315 379 425 472 514 554 0 2 4 6 7 9 10 12 12 13
4 0 65 106 151 219 274 328 380 434 489 554 3 4 7 10 13 17 20 20 21 22
4 1 68 125 183 248 305 385 449 505 567 610 4 9 9 10 12 16 19 19 22 23
4 2 62 126 198 261 330 385 437 493 541 601 1 3 4 7 9 11 13 14 16 16
4 3 78 137 212 289 378 450 511 564 608 657 3 8 10 13 14 14 21 23 24 25
4 4 58 106 155 211 268 335 396 453 507 562 4 4 7 9 11 13 14 15 17 18
4 5 60 120 182 249 294 344 402 471 521 571 3 3 5 6 6 7 9 9 12 14
4 6 63 131 180 230 292 354 410 462 517 573 5 6 8 8 8 11 14 15 15 15
4 7 71 150 211 276 343 410 457 512 578 658 6 7 9 10 10 11 12 14 16 19
4 8 55 119 166 227 297 341 389 451 492 537 5 5 6 7 8 10 13 16 16 17
4 9 62 141 197 258 332 389 467 529 566 640 4 8 11 12 14 14 14 15 17 18
4 10 88 155 197 258 303 377 445 508 560 624 2 4 6 6 11 19 21 24 27 29
5 0 58 128 190 242 302 378 437 499 557 623 1 5 5 7 10 10 13 15 16 19
5 1 61 125 194 248 316 376 445 530 582 645 2 5 10 12 15 16 18 22 25 26
5 2 73 138 188 251 312 385 444 500 555 605 3 6 9 11 15 17 17 22 23 24
5 3 79 160 197 246 310 378 423 481 541 609 3 6 7 8 9 12 13 14 15 16
5 4 63 119 181 225 291 338 396 454 515 556 1 3 4 5 7 9 9 11 11 12
5 5 73 136 180 243 290 355 404 444 494 576 4 6 6 7 8 11 13 13 15 15
5 6 70 148 223 286 354 406 473 526 586 643 4 7 8 11 11 11 13 14 19 22
5 7 61 120 182 232 295 367 433 479 528 590 4 7 9 11 11 14 18 19 20 26
5 8 77 150 209 262 313 356 403 455 516 565 0 2 4 5 9 10 10 11 17 19
5 9 92 168 225 290 347 394 441 487 540 594 8 12 12 13 16 17 18 20 20 21
5 10 66 131 196 247 275 356 412 468 524 582 8 8 10 16 17 20 21 23 24 27
6 0 59 127 190 253 312 385 447 503 551 620 0 6 10 13 16 17 21 23 24 26
6 1 75 146 208 266 325 381 437 489 561 628 4 4 5 6 7 9 10 12 13 16
6 2 75 134 195 258 315 381 445 515 575 644 3 4 7 8 10 10 11 12 13 15
6 3 62 117 164 226 282 344 406 452 517 577 1 4 7 7 9 11 11 12 13 14
6 4 84 149 221 294 346 396 434 494 546 610 3 9 10 11 13 14 15 15 18 20
6 5 91 166 247 297 366 431 490 551 603 646 4 6 8 9 13 16 18 20 22 22
6 6 71 145 236 286 345 427 496 569 620 665 2 7 8 9 13 14 14 15 16 18
6 7 71 127 181 254 315 373 425 489 544 605 4 5 7 8 10 12 12 16 17 19
6 8 66 138 202 271 342 404 450 513 569 617 7 9 13 17 19 20 22 23 24 25
6 9 50 118 191 269 320 358 446 514 587 642 1 5 5 9 12 14 16 17 19 22
6 10 64 123 191 267 333 405 470 532 577 627 3 4 5 7 8 11 13 15 17 17
7 0 52 135 188 231 294 351 443 505 567 643 4 6 6 6 9 15 17 19 19 19
7 1 76 131 207 268 334 407 478 541 602 670 1 4 7 8 9 10 11 12 14 17
7 2 47 105 167 236 316 382 445 491 549 602 4 7 11 13 13 21 24 27 30 31
7 3 83 152 201 252 313 368 420 483 556 622 0 2 3 4 4 4 5 6 9 9
7 4 70 136 194 258 321 360 412 490 536 605 5 6 9 11 13 15 19 22 23 24
7 5 86 172 217 276 343 407 486 544 595 632 2 3 5 6 9 11 15 16 18 19
7 6 64 122 178 230 287 358 422 483 529 578 3 5 7 8 11 11 11 13 13 15
7 7 72 134 198 252 332 390 448 505 560 598 2 4 6 9 10 13 14 16 16 16
7 8 82 134 188 256 318 372 416 479 558 621 1 3 5 5 6 6 8 9 10 11
7 9 62 132 198 260 315 365 417 475 530 593 1 2 5 11 12 14 16 18 20 21
7 10 77 134 201 251 313 386 450 513 566 618 2 2 4 5 6 7 8 10 13 15
8 0 88 143 222 274 323 379 435 489 552 600 2 6 9 10 11 14 16 18 22 25
8 1 83 166 236 301 358 428 490 544 612 668 2 5 11 14 18 21 22 24 30 32
8 2 55 114 194 268 335 405 470 524 599 661 2 5 7 10 11 12 12 13 15 15
8 3 77 134 197 239 311 373 446 505 561 609 5 8 9 9 9 10 10 12 14 17
8 4 67 127 187 262 335 389 474 545 595 643 7 9 11 13 15 17 18 22 24 27
8 5 74 140 218 280 335 381 447 524 578 634 2 6 6 10 13 13 16 16 17 19
8 6 75 150 223 275 343 408 477 510 555 590 1 6 9 11 12 12 12 12 12 13
8 7 82 136 194 248 310 358 430 475 514 556 5 6 7 11 12 14 14 15 18 21
8 8 79 138 197 258 315 376 429 486 540 595 3 5 6 8 11 12 15 17 18 19
8 9 85 158 207 259 335 376 432 480 553 596 2 5 7 8 9 9 11 12 16 16
8 10 69 142 205 258 324 375 452 496 562 626 2 4 6 6 8 8 10 11 14 16
9 0 67 118 170 218 285 342 391 466 535 580 4 4 8 9 11 12 12 14 15 16
9 1 69 127 188 248 306 376 455 512 566 633 1 2 3 5 8 12 12 15 17 18
9 2 74 147 212 270 335 396 476 541 586 639 1 3 4 6 10 11 13 14 15 15
9 3 55 114 169 231 281 343 386 459 536 586 0 0 2 4 7 8 11 14 16 17
9 4 66 121 178 254 327 388 454 518 583 647 0 3 10 12 13 14 15 16 18 20
9 5 84 141 194 247 305 351 382 421 474 535 2 3 5 5 7 7 7 7 9 10
9 6 77 148 213 276 340 417 465 512 585 635 2 4 8 9 11 14 14 16 17 19
9 7 75 132 201 264 341 389 445 501 563 614 4 9 9 11 13 16 17 19 20 20
9 8 56 112 187 247 312 351 411 452 502 559 3 5 6 9 11 15 17 18 21 21
9 9 64 128 194 234 287 348 407 466 521 600 2 4 7 9 10 12 15 15 16 21
9 10 77 145 214 274 327 368 423 466 507 578 5 5 7 7 9 10 12 13 14 17
10 0 63 139 200 263 326 392 462 532 593 671 0 4 5 9 13 14 17 18 19 21
10 1 51 105 172 233 275 339 394 447 510 582 4 6 7 8 8 9 13 15 15 17
10 2 94 170 233 298 368 427 493 549 611 685 2 5 6 7 7 9 10 10 12 16
10 3 60 129 185 243 315 371 424 481 535 597 4 7 7 10 12 12 13 14 15 17
10 4 58 122 175 238 295 369 437 494 563 625 1 3 6 10 10 13 15 17 20 21
10 5 77 133 200 253 307 351 401 448 496 552 3 6 7 7 10 10 10 12 12 14
10 6 76 141 211 274 343 393 434 489 546 607 3 3 7 8 8 8 9 10 14 17
10 7 74 124 175 228 296 353 408 477 513 562 4 5 6 8 9 10 11 13 14 15
10 8 77 137 199 274 329 381 439 489 544 570 2 4 7 8 11 11 12 12 14 15
10 9 57 114 172 221 284 353 413 468 522 576 1 4 7 8 9 9 14 17 19 20
10 10 56 107 167 217 279 332 373 431 473 528 2 4 4 6 9 12 14 15 16 20