0 0 66 131 192 270 325 393 464 497 553 626 2 8 9 11 14 15 16 17 19 20
0 1 71 134 219 285 356 415 476 526 595 677 3 3 5 9 12 13 15 15 19 22
0 2 69 143 217 283 351 427 495 561 621 684 1 6 9 10 16 17 20 20 23 25
0 3 68 157 206 265 345 416 490 539 611 680 2 3 4 5 8 10 14 14 17 20
0 4 72 150 215 284 342 401 459 526 593 658 3 6 8 11 12 12 14 16 18 19
0 5 64 115 175 246 308 360 436 502 555 603 3 6 8 12 19 26 29 31 35 35
0 6 70 144 193 250 302 368 418 480 544 609 2 5 5 8 9 10 11 14 16 18
0 7 95 158 222 291 348 402 452 518 597 641 4 8 9 10 12 14 16 17 19 21
0 8 62 133 189 255 314 375 437 496 559 613 5 10 11 13 16 20 20 20 24 28
0 9 63 111 177 248 317 378 435 492 548 611 2 3 3 4 6 8 11 13 14 16
0 10 51 105 177 250 320 375 445 519 579 635 2 3 6 8 9 9 12 12 15 17
1 0 71 138 218 271 346 411 468 536 588 661 2 4 5 6 7 7 7 13 13 14
1 1 89 150 232 281 330 392 454 506 574 617 3 3 3 3 6 6 7 11 12 14
1 2 67 124 182 261 321 386 443 503 574 634 4 9 11 15 18 18 21 22 23 23
1 3 59 121 200 258 324 406 472 531 596 656 3 3 4 6 8 10 11 13 13 16
1 4 56 112 168 224 273 334 399 455 525 595 7 11 13 16 16 19 19 22 27 29
1 5 79 149 193 245 310 364 433 480 533 618 3 8 9 11 14 15 16 20 21 25
1 6 67 110 159 225 309 387 444 512 581 647 3 5 8 10 11 12 12 12 16 20
1 7 58 124 198 260 343 382 426 481 534 591 3 6 7 8 9 10 12 16 19 21
1 8 69 136 202 255 313 370 444 483 550 589 6 7 8 9 9 10 13 16 17 18
1 9 66 147 209 271 327 385 434 496 551 623 1 4 6 6 7 11 13 15 18 22
1 10 79 145 206 269 324 386 430 509 576 630 5 9 10 12 13 14 14 18 28 31
2 0 67 128 208 286 347 413 473 540 610 668 4 6 8 12 12 13 17 19 21 22
2 1 71 162 224 272 331 392 458 532 585 647 3 8 9 11 13 16 18 18 22 23
2 2 68 143 212 274 331 383 440 504 571 632 1 2 4 6 7 10 10 10 13 15
2 3 71 128 189 250 311 371 424 491 547 620 2 6 8 11 15 19 23 26 28 30
2 4 85 150 221 289 344 396 445 506 564 606 6 9 11 14 17 18 18 18 18 18
2 5 70 138 223 295 358 416 479 549 623 679 2 4 5 5 8 10 11 15 17 19
2 6 65 140 192 255 321 391 445 508 554 608 2 2 2 4 5 9 12 12 15 16
2 7 55 140 206 264 335 400 451 519 563 615 1 6 8 11 14 14 14 15 17 17
2 8 71 134 184 240 302 366 432 490 564 625 4 5 6 8 12 13 13 13 15 18
2 9 64 124 190 265 321 364 421 477 533 607 0 6 8 9 11 12 12 17 18 21
2 10 94 152 229 290 358 413 482 526 582 636 1 4 5 7 11 12 14 14 16 17
3 0 71 131 207 275 331 380 446 502 570 639 1 1 4 5 7 7 9 10 11 13
3 1 80 129 186 249 314 374 430 502 567 633 2 2 6 9 12 19 20 22 26 28
3 2 87 147 214 273 337 415 475 547 608 665 2 4 5 6 7 9 10 11 15 16
3 3 77 153 219 275 311 382 442 516 574 634 5 8 11 11 13 14 15 17 18 21
3 4 67 141 203 255 327 397 456 523 601 644 4 6 7 7 7 9 11 12 12 12
3 5 82 147 216 281 327 383 442 496 561 615 6 7 11 14 14 17 19 20 20 22
3 6 64 134 203 258 318 380 445 511 558 621 1 3 5 7 12 13 14 15 19 20
3 7 66 117 189 257 319 375 448 525 580 654 2 5 8 11 12 13 15 17 19 23
3 8 68 137 201 264 312 368 433 500 564 621 1 3 3 3 5 7 9 11 12 13
3 9 76 156 199 258 327 398 431 492 554 605 1 6 6 8 17 20 20 20 22 24
3 10 87 153 213 275 331 391 455 512 578 635 3 5 6 8 8 8 9 11 14 14
4 0 90 159 215 283 361 437 501 581 651 713 5 7 10 11 15 16 17 17 17 23
4 1 72 149 213 271 319 386 457 511 582 628 1 2 5 8 11 12 12 12 12 12
4 2 72 119 183 240 304 357 419 483 538 596 2 4 5 6 6 10 13 23 25 26
4 3 73 130 209 282 361 426 490 544 608 666 1 3 4 8 13 14 16 17 17 20
4 4 64 135 196 263 329 382 446 488 540 603 2 4 9 10 12 14 14 15 16 17
4 5 75 157 214 267 340 391 447 501 555 606 6 9 9 10 11 14 17 19 21 24
4 6 78 143 201 267 325 388 437 493 529 583 2 5 9 10 12 15 17 17 17 19
4 7 66 146 207 275 325 379 437 497 551 612 2 5 7 10 12 15 15 15 17 17
4 8 78 150 212 281 337 378 445 489 553 599 2 5 10 13 14 16 18 20 23 24
4 9 74 125 181 245 312 369 436 493 555 596 6 7 8 8 10 12 14 17 17 20
4 10 76 140 189 236 287 355 411 451 505 564 2 3 5 6 7 12 15 16 18 20
5 0 63 135 214 276 350 394 444 498 569 615 5 5 9 10 12 16 16 17 18 19
5 1 76 126 182 245 306 364 431 511 554 615 5 6 8 8 8 10 10 13 14 16
5 2 84 150 219 267 319 366 446 488 533 591 3 7 8 9 10 13 17 19 20 21
5 3 73 141 212 262 313 376 439 506 560 617 0 0 2 3 7 7 10 10 13 14
5 4 81 154 226 290 346 425 495 551 613 671 4 8 9 13 13 16 17 18 20 21
5 5 57 111 171 233 299 384 417 479 545 607 2 5 7 7 8 9 11 11 12 14
5 6 61 130 194 254 298 365 433 484 531 563 5 9 12 14 15 18 20 20 23 26
5 7 54 127 194 265 321 382 424 483 518 563 1 3 5 6 8 8 11 11 12 15
5 8 59 130 176 216 268 318 375 429 465 526 5 8 8 8 11 12 12 13 13 15
5 9 62 119 183 217 279 352 423 488 549 606 5 6 10 11 12 13 17 21 24 25
5 10 81 141 203 255 305 355 424 477 532 596 6 10 11 12 14 15 16 18 19 19
6 0 74 143 201 253 325 390 459 513 574 622 3 5 6 8 9 10 12 15 19 19
6 1 70 142 203 265 325 393 473 537 592 635 3 4 5 5 9 9 10 12 13 17
6 2 66 129 194 259 310 379 444 495 557 611 1 4 5 6 10 12 12 12 12 14
6 3 70 139 213 283 326 398 439 506 544 603 2 5 6 7 9 11 11 11 12 14
6 4 68 137 212 268 331 387 447 506 583 642 5 6 9 9 9 10 12 13 15 16
6 5 60 132 213 260 321 373 438 491 550 608 3 4 6 9 11 12 13 15 15 17
6 6 74 148 222 283 351 403 475 533 578 639 2 5 6 6 6 9 9 9 10 10
6 7 58 123 184 260 318 367 447 511 549 598 0 1 1 2 4 5 8 9 11 11
6 8 79 139 200 264 322 397 472 525 592 630 5 6 6 6 6 8 11 13 16 17
6 9 70 126 190 262 308 366 431 482 544 597 2 4 5 10 10 12 14 14 16 16
6 10 78 144 194 253 325 355 428 490 550 601 2 4 5 7 11 14 20 20 22 23
7 0 75 133 185 233 269 324 387 443 514 577 1 2 4 6 9 10 14 14 14 16
7 1 75 137 202 266 324 374 430 484 550 599 1 3 5 5 5 7 9 11 13 14
7 2 60 130 196 250 324 398 455 534 601 666 1 2 3 3 7 13 16 21 23 24
7 3 69 147 205 247 316 370 435 484 550 610 4 6 7 7 9 11 12 15 16 18
7 4 89 152 214 268 340 400 456 525 593 649 3 4 4 5 7 9 13 16 16 17
7 5 53 130 166 234 291 364 407 459 516 562 1 5 6 7 10 15 16 18 22 25
7 6 63 126 190 245 302 353 411 463 525 591 2 3 3 6 9 11 12 13 14 16
7 7 64 116 170 243 304 358 405 474 543 608 5 6 7 9 10 12 12 12 15 16
7 8 97 157 230 285 346 407 471 511 558 626 4 6 7 9 9 10 13 14 17 18
7 9 63 114 188 242 292 338 399 445 494 543 2 4 6 8 10 11 11 13 14 15
7 10 65 119 178 215 274 328 381 433 509 559 7 10 11 11 11 12 13 13 16 19
8 0 82 143 216 293 358 423 492 549 599 644 3 3 5 7 10 10 16 21 23 25
8 1 68 124 186 260 318 379 453 513 594 646 4 7 13 13 14 16 20 22 23 24
8 2 72 128 188 257 329 386 431 498 569 641 4 5 7 14 15 18 19 21 21 23
8 3 79 142 187 251 327 394 458 519 566 621 3 4 4 8 9 10 11 13 15 18
8 4 79 128 181 238 294 360 412 466 521 580 2 4 6 6 6 8 10 11 14 16
8 5 70 130 198 243 299 352 406 466 521 566 2 4 5 5 9 12 13 15 16 18
8 6 73 121 182 223 276 359 428 474 504 566 3 5 7 7 10 12 12 12 12 15
8 7 89 145 207 275 327 386 429 487 557 603 3 5 7 9 10 12 13 14 16 16
8 8 62 126 194 248 301 353 429 481 543 569 4 7 9 12 12 12 12 13 14 15
8 9 58 112 182 232 282 335 401 444 502 563 6 9 10 11 13 16 18 20 22 24
8 10 78 138 191 259 304 368 429 483 535 588 4 4 6 6 7 8 11 11 12 12
9 0 74 134 188 256 317 393 451 528 585 632 2 4 6 8 10 12 13 15 16 18
9 1 81 155 209 271 337 404 465 540 603 660 3 3 6 8 8 10 12 13 13 14
9 2 66 129 172 231 283 355 415 487 551 626 1 3 4 4 5 6 10 12 13 16
9 3 91 172 236 286 336 400 450 503 584 629 3 7 8 10 10 11 12 12 14 17
9 4 67 144 210 277 327 384 455 528 582 617 1 1 5 7 8 8 10 13 13 13
9 5 76 157 223 290 348 406 477 545 585 640 2 4 5 8 11 12 13 14 15 16
9 6 60 122 175 224 289 353 391 444 492 551 2 3 6 10 14 16 17 19 21 22
9 7 54 118 168 235 290 342 409 482 534 592 3 7 8 9 10 13 15 18 19 20
9 8 61 131 180 227 276 358 431 493 560 627 3 4 5 8 9 12 14 14 17 17
9 9 61 117 171 219 255 305 372 419 460 497 2 4 5 7 8 10 13 13 14 15
9 10 56 116 162 226 278 331 385 440 495 546 0 0 1 6 7 8 10 12 12 15
10 0 60 112 188 248 317 368 447 507 561 613 2 4 11 13 16 18 21 21 26 28
10 1 92 142 210 272 336 403 472 516 571 637 1 4 5 7 8 9 10 11 12 13
10 2 73 138 205 269 357 415 481 553 610 683 3 8 8 10 10 10 11 17 18 19
10 3 74 136 198 252 328 392 445 516 576 642 4 8 8 9 11 12 14 17 21 22
10 4 61 103 172 229 297 352 410 473 534 599 2 3 4 9 11 14 15 15 17 18
10 5 61 121 191 256 325 401 460 522 584 628 1 2 5 5 7 13 14 14 17 19
10 6 70 141 206 269 298 354 425 462 526 601 4 5 7 9 11 14 15 15 17 20
10 7 69 135 187 224 276 326 383 442 474 551 0 4 5 5 7 7 7 8 10 12
10 8 73 162 227 284 363 427 489 561 608 668 0 0 6 10 12 13 19 21 23 25
10 9 75 137 225 288 349 422 475 546 610 658 7 10 15 18 18 21 21 24 25 26
10 10 61 130 202 261 329 373 429 486 552 610 2 2 4 5 8 9 12 12 14 16