0 0 9 18 34 38 48 56 66 73 87 93 2 3 3 3 3 4 4 4 4 5
0 1 13 24 30 36 51 64 71 79 84 93 1 2 3 4 6 6 7 8 9 9
0 2 9 27 34 38 46 60 67 80 87 100 0 0 1 1 1 3 3 4 4 5
0 3 10 21 29 39 49 56 69 83 91 102 2 2 5 6 7 9 12 13 13 13
0 4 7 15 23 31 44 50 56 63 72 83 1 1 2 2 2 3 5 6 7 7
0 5 6 16 26 35 44 51 63 71 80 89 0 2 4 4 6 7 9 9 9 10
0 6 8 16 21 28 41 54 65 76 84 91 1 3 4 5 5 5 9 9 10 10
0 7 8 13 24 29 36 43 52 62 69 73 0 0 0 1 2 3 3 3 4 6
0 8 10 24 34 43 54 63 70 86 94 101 1 1 5 7 9 9 10 10 10 10
0 9 12 27 32 38 45 58 66 78 84 95 1 2 2 2 2 2 3 4 4 5
0 10 5 15 28 37 44 56 63 71 78 85 0 1 1 1 1 2 2 2 3 4
1 0 11 17 24 32 43 50 61 73 79 86 0 1 3 4 5 5 7 7 7 7
1 1 8 18 26 34 45 60 71 79 93 106 1 1 1 1 1 2 4 5 7 7
1 2 10 17 31 41 45 55 66 71 76 81 0 0 0 3 3 4 4 4 4 5
1 3 7 17 25 35 42 49 57 68 81 86 0 2 2 2 2 3 3 3 6 6
1 4 9 21 30 42 48 57 61 71 80 91 0 0 0 0 0 2 5 6 9 11
1 5 8 13 27 39 46 55 64 75 83 92 1 2 3 3 3 3 5 5 5 6
1 6 6 13 26 38 46 56 65 73 82 86 1 2 5 7 7 7 7 8 9 9
1 7 10 17 24 36 46 52 59 69 78 84 1 1 1 3 3 3 4 4 4 7
1 8 14 25 30 38 46 56 68 75 86 95 4 5 7 9 9 13 14 14 15 15
1 9 10 20 27 39 51 59 69 77 91 98 2 2 2 2 2 2 3 4 6 7
1 10 11 24 31 38 46 50 58 63 69 80 1 2 3 3 3 3 3 3 3 3
2 0 13 19 29 34 44 47 57 65 73 78 2 2 3 3 3 3 4 4 4 4
2 1 7 17 25 35 45 53 62 72 78 84 1 2 4 4 4 5 8 9 9 9
2 2 6 11 24 32 41 48 57 64 71 78 1 1 2 3 4 8 9 11 11 11
2 3 7 12 23 32 38 49 59 68 72 79 1 1 1 1 2 2 4 4 4 4
2 4 15 20 27 34 42 53 64 74 86 94 0 0 1 1 2 3 5 5 5 7
2 5 10 14 23 32 40 46 53 62 70 77 0 0 1 2 2 4 5 6 6 6
2 6 5 11 18 30 38 49 55 62 75 79 1 2 2 2 4 4 4 5 6 8
2 7 11 21 34 46 56 60 70 81 90 100 0 1 1 2 4 4 6 6 7 8
2 8 6 18 30 39 52 59 70 75 81 89 1 1 1 2 2 4 5 5 5 6
2 9 11 24 32 45 52 58 67 74 81 92 0 0 1 2 5 8 11 11 13 14
2 10 6 18 29 40 49 57 68 78 85 93 0 1 5 7 10 11 12 12 12 14
3 0 6 15 23 29 35 45 56 62 76 81 0 2 3 3 4 5 5 8 9 9
3 1 6 15 26 30 34 40 48 58 67 74 5 7 10 13 13 14 14 14 14 14
3 2 8 12 26 33 40 46 56 69 77 82 0 1 2 2 3 3 5 6 7 7
3 3 7 15 19 25 38 47 52 64 71 76 0 2 2 2 4 4 4 5 5 5
3 4 8 17 25 33 42 49 66 76 84 93 1 2 3 4 8 8 8 8 9 11
3 5 5 16 20 28 38 44 50 57 67 72 1 2 3 3 4 4 4 5 5 6
3 6 10 22 30 39 50 57 64 69 78 88 1 3 3 4 5 6 9 10 10 11
3 7 10 16 24 30 35 44 47 54 66 78 4 4 7 8 9 10 10 10 12 13
3 8 6 11 21 30 43 53 61 65 73 81 0 1 3 3 3 5 5 6 7 7
3 9 12 23 34 47 55 68 76 83 88 94 1 1 2 2 2 2 4 5 5 6
3 10 12 24 31 36 46 54 64 73 83 94 3 3 6 6 6 6 7 7 8 8
4 0 13 18 24 34 46 51 58 70 73 79 0 0 0 0 0 1 2 3 3 3
4 1 5 10 17 20 33 43 48 54 64 76 1 2 3 4 6 7 7 7 7 7
4 2 7 15 27 37 52 61 70 81 88 100 1 1 2 2 5 5 7 9 10 10
4 3 10 16 23 31 34 43 55 64 73 84 1 3 3 3 3 6 6 7 7 7
4 4 8 18 27 38 48 61 67 73 82 92 1 1 3 3 4 7 7 8 11 11
4 5 7 14 22 33 41 51 62 69 77 87 1 1 1 1 1 2 2 6 6 6
4 6 4 10 16 26 34 43 54 66 73 84 0 0 0 0 4 5 7 8 9 9
4 7 9 15 22 26 39 47 55 65 73 85 0 0 2 4 4 4 6 6 7 7
4 8 5 12 22 30 36 42 54 60 66 74 2 4 4 4 4 4 5 6 7 7
4 9 11 19 30 35 42 54 64 74 80 87 2 2 3 3 5 5 5 5 6 6
4 10 6 18 28 35 43 48 54 59 70 76 0 0 0 0 0 0 2 3 3 3
5 0 9 16 23 33 44 61 69 78 90 103 0 0 0 1 2 2 2 4 4 5
5 1 6 13 19 29 41 47 52 62 71 80 2 2 2 2 3 4 6 6 7 8
5 2 6 13 20 28 39 53 63 73 82 86 3 3 6 6 6 6 6 7 8 9
5 3 8 20 30 41 50 55 67 72 80 88 1 1 4 5 7 8 9 9 11 12
5 4 8 19 23 37 48 60 65 73 81 93 0 2 2 3 4 4 6 8 8 8
5 5 11 20 31 44 52 61 71 77 87 97 5 6 7 7 8 8 8 9 9 9
5 6 8 20 28 34 42 53 65 74 83 93 1 2 2 3 3 6 7 7 11 14
5 7 6 14 24 33 38 47 55 63 67 74 0 1 2 2 3 3 3 3 4 4
5 8 9 14 25 35 41 55 60 67 75 87 0 0 0 2 3 3 3 3 3 3
5 9 9 20 30 36 45 55 66 73 83 88 0 2 4 4 5 6 6 6 7 9
5 10 9 21 31 39 52 59 65 78 83 90 2 3 3 3 4 6 10 10 11 12
6 0 5 17 27 33 37 47 53 61 71 81 2 3 4 4 5 5 6 7 8 8
6 1 7 14 24 35 42 53 59 70 73 82 1 2 2 3 5 6 6 7 7 8
6 2 11 18 24 34 43 47 56 64 75 84 1 1 1 1 3 3 3 3 6 7
6 3 9 15 28 33 42 47 56 62 68 82 2 3 5 7 7 7 7 7 7 8
6 4 5 14 29 34 43 53 68 79 85 97 1 1 1 2 4 5 5 6 6 9
6 5 8 15 21 30 38 44 49 56 66 74 0 0 0 0 0 1 1 2 4 5
6 6 8 16 21 31 44 53 62 74 81 92 1 2 2 3 4 5 6 7 7 7
6 7 6 18 28 37 44 55 67 77 85 90 1 2 2 2 2 4 6 8 8 8
6 8 6 16 23 28 36 46 55 63 71 82 0 0 1 2 2 3 3 4 4 5
6 9 10 13 26 36 49 57 63 70 77 82 0 1 2 2 3 4 4 5 7 7
6 10 8 14 21 31 37 42 50 60 65 75 0 1 1 3 4 4 6 7 8 8
7 0 16 23 28 40 48 57 64 72 82 92 0 2 2 2 4 4 4 4 6 7
7 1 13 19 29 41 49 59 64 74 86 93 1 2 4 5 7 7 7 8 10 10
7 2 9 20 26 40 47 59 65 73 81 89 1 1 1 1 2 4 4 4 4 4
7 3 6 19 26 34 41 47 52 65 73 75 1 2 3 4 4 5 6 6 7 7
7 4 13 23 28 43 53 60 68 75 83 89 1 1 2 2 5 5 5 5 5 6
7 5 7 18 26 37 43 53 59 64 76 85 0 3 5 5 7 8 9 10 11 13
7 6 7 17 26 30 41 52 59 67 77 86 1 1 2 3 3 5 6 6 6 7
7 7 10 21 29 35 43 51 57 62 68 78 0 2 3 3 3 4 4 5 6 8
7 8 8 15 23 36 45 56 63 69 80 93 1 3 5 7 7 7 8 8 9 11
7 9 9 16 27 32 41 48 51 61 66 72 0 0 0 2 2 2 2 4 5 5
7 10 8 16 25 33 43 50 58 66 72 80 1 1 5 5 5 5 6 6 7 7
8 0 6 13 18 26 32 39 49 59 69 78 2 2 4 4 7 7 8 8 8 8
8 1 11 22 28 35 48 59 65 78 87 94 1 2 3 3 3 4 4 7 7 7
8 2 5 14 20 32 36 44 50 57 62 73 2 3 3 5 5 8 8 8 8 8
8 3 14 24 34 44 54 63 68 75 83 93 1 2 3 5 9 9 10 10 10 13
8 4 7 15 27 32 41 51 61 70 81 89 1 2 2 2 3 5 9 9 11 11
8 5 11 22 32 41 46 52 62 75 85 92 2 3 3 3 3 4 5 7 7 9
8 6 7 15 22 32 41 50 55 62 67 72 1 1 1 1 2 3 5 6 7 7
8 7 8 14 22 32 37 51 58 62 66 74 0 1 1 3 3 3 3 3 4 5
8 8 5 18 27 41 49 59 69 81 87 94 2 2 2 3 3 3 3 4 4 4
8 9 10 15 20 28 36 44 51 62 69 77 0 1 2 2 2 4 4 4 5 6
8 10 8 19 25 34 37 44 49 56 60 68 1 2 2 3 4 5 5 6 7 9
9 0 7 11 20 27 33 40 48 56 67 76 0 1 4 4 4 6 7 8 8 8
9 1 10 19 30 39 48 56 68 79 85 89 2 2 3 4 6 8 9 9 10 10
9 2 5 14 27 33 45 52 57 59 68 79 0 0 1 1 1 1 1 1 2 2
9 3 8 19 31 39 48 56 66 77 85 93 0 0 2 3 3 4 4 6 6 8
9 4 7 14 23 33 38 51 58 69 75 82 1 2 3 4 4 4 4 5 6 8
9 5 6 15 25 33 51 60 67 74 85 97 0 1 2 2 4 4 5 5 5 7
9 6 9 16 26 37 45 55 59 65 70 76 2 2 5 5 7 7 7 7 7 9
9 7 5 12 21 29 39 46 57 62 71 80 0 1 3 4 4 4 4 7 7 7
9 8 2 12 21 26 36 49 58 66 75 87 1 2 2 3 4 5 5 5 6 6
9 9 9 18 24 32 44 55 65 76 91 99 0 1 1 1 2 3 4 4 5 5
9 10 10 18 29 38 48 57 65 72 78 88 1 3 3 5 5 8 8 8 9 10
10 0 9 19 25 32 42 50 58 68 78 90 1 1 2 3 3 3 3 4 4 5
10 1 9 18 28 38 44 51 61 70 79 87 1 2 3 4 4 4 5 6 8 11
10 2 5 17 26 35 44 55 62 68 75 82 2 2 3 4 4 6 7 9 10 10
10 3 8 17 25 32 41 48 56 63 72 79 1 1 2 2 2 3 5 5 6 6
10 4 11 21 30 36 41 50 59 69 72 78 1 1 2 2 2 3 3 4 4 4
10 5 9 19 25 32 36 43 48 59 68 72 0 0 1 2 2 2 4 4 6 6
10 6 10 20 29 37 51 58 65 72 80 85 0 1 2 4 7 8 8 8 8 8
10 7 6 15 24 38 46 52 64 73 85 94 1 1 1 1 1 2 2 2 3 4
10 8 6 17 27 40 45 54 57 66 73 81 1 1 1 1 1 2 3 5 6 6
10 9 5 13 23 32 39 46 56 69 80 91 3 4 4 5 6 6 6 6 6 6
10 10 5 15 23 30 38 44 51 59 70 75 1 3 3 3 3 4 4 5 8 9