0 0 84 148 221 281 335 402 467 542 607 665 4 7 10 18 18 19 21 26 28 32
0 1 63 139 208 254 331 394 456 532 598 664 1 5 10 11 15 16 21 21 21 25
0 2 75 135 192 260 332 393 457 526 597 660 3 3 7 8 12 14 16 20 22 28
0 3 51 138 213 282 359 438 506 596 662 729 1 3 8 8 12 13 16 19 20 23
0 4 78 135 196 252 306 382 443 515 578 634 3 5 7 10 10 10 12 15 16 21
0 5 54 118 183 248 305 371 437 492 546 600 4 5 7 9 10 13 15 17 18 20
0 6 74 142 200 277 358 419 484 552 631 701 1 2 4 5 6 7 8 9 9 10
0 7 59 136 199 279 348 390 439 514 575 635 5 9 9 13 15 18 22 24 26 28
0 8 81 150 199 263 321 396 462 538 592 643 6 9 11 11 14 17 20 21 22 23
0 9 74 131 202 273 326 387 447 515 577 634 3 7 8 8 10 11 12 13 16 20
0 10 74 148 205 263 323 381 440 499 566 629 4 7 10 10 15 16 19 21 23 25
1 0 70 126 185 248 295 357 420 482 558 625 1 2 5 7 9 11 12 14 17 19
1 1 73 132 184 254 321 376 437 510 583 633 1 3 7 11 14 18 18 18 22 24
1 2 61 128 189 253 311 362 431 499 566 633 3 4 7 7 8 11 13 15 20 22
1 3 72 122 168 228 295 354 412 454 492 557 2 4 7 8 10 10 16 20 22 26
1 4 74 131 189 262 297 360 418 476 539 620 2 4 7 9 10 10 11 12 12 14
1 5 70 134 211 263 324 389 471 524 580 626 4 7 8 10 11 15 19 20 21 22
1 6 58 113 178 234 273 342 410 476 551 601 9 15 17 21 22 22 24 27 28 30
1 7 58 130 209 290 356 424 484 549 622 679 3 3 5 8 9 11 14 16 18 19
1 8 68 142 210 268 321 382 456 524 590 655 0 5 8 9 9 11 13 15 16 18
1 9 60 121 174 235 304 376 449 528 595 660 4 7 9 10 11 12 15 15 19 22
1 10 67 139 201 256 316 372 427 479 537 599 0 2 3 4 7 10 12 14 15 17
2 0 77 160 210 255 326 383 428 499 543 612 1 7 11 12 15 21 21 23 23 27
2 1 78 134 209 274 338 399 471 521 585 628 3 5 7 10 17 18 20 22 24 27
2 2 82 149 216 287 340 411 453 506 548 602 1 6 8 12 15 15 16 18 21 23
2 3 57 122 180 236 311 378 417 466 518 585 1 3 10 14 16 19 20 21 22 26
2 4 63 149 216 304 376 456 509 576 635 703 0 2 3 5 8 12 13 15 19 23
2 5 72 153 212 295 351 413 475 548 598 659 3 6 8 10 13 14 17 18 21 22
2 6 66 133 209 265 320 381 447 504 569 612 1 3 5 8 8 9 10 11 12 14
2 7 82 141 191 266 326 385 444 500 559 617 4 9 11 13 14 16 17 18 18 19
2 8 70 139 201 279 330 393 474 529 602 661 2 4 6 8 9 12 13 14 18 18
2 9 66 144 198 265 335 410 465 535 596 639 5 9 10 13 15 18 19 22 22 23
2 10 70 150 219 288 353 412 469 527 577 619 2 4 5 9 11 11 13 13 13 17
3 0 70 140 209 287 358 427 496 560 623 674 3 5 9 12 14 16 19 21 21 21
3 1 59 133 206 269 325 394 464 517 589 652 2 5 6 7 8 10 11 17 19 22
3 2 58 116 174 248 315 366 413 462 520 579 4 6 6 8 9 11 13 15 15 15
3 3 63 123 185 257 327 386 451 523 574 620 2 5 8 13 19 23 26 30 33 36
3 4 71 141 186 229 280 343 408 483 542 618 2 4 5 7 9 9 12 15 18 19
3 5 64 142 213 269 337 384 432 488 551 605 3 5 5 6 7 7 8 8 8 11
3 6 72 115 175 247 297 353 434 492 533 587 3 3 6 8 8 9 13 13 15 15
3 7 62 128 195 248 300 367 430 494 559 620 0 0 3 5 5 8 12 13 13 14
3 8 51 106 171 235 304 361 434 482 529 583 2 6 6 9 13 18 19 20 20 23
3 9 76 143 197 273 349 412 468 533 577 646 5 6 7 8 10 12 13 16 18 19
3 10 64 130 194 256 322 381 433 472 512 567 1 2 4 7 8 9 10 10 11 11
4 0 82 143 207 277 350 427 489 552 606 677 3 3 5 10 12 13 17 18 19 19
4 1 82 141 211 268 336 397 456 525 593 650 5 5 9 11 14 14 15 18 20 23
4 2 63 130 186 248 312 376 434 483 540 605 1 5 10 11 12 13 13 13 15 16
4 3 77 141 214 267 335 392 447 509 579 643 2 3 4 7 9 11 11 15 15 16
4 4 75 117 176 236 287 347 430 502 566 621 0 1 5 5 9 12 14 14 16 19
4 5 84 140 195 260 311 357 423 468 524 557 3 6 6 7 8 12 12 13 16 17
4 6 63 142 190 243 307 369 438 491 552 611 2 6 8 11 12 13 15 15 20 21
4 7 76 141 211 284 345 408 471 533 579 640 5 7 10 12 13 14 16 17 18 18
4 8 62 126 193 255 332 392 447 498 564 629 2 4 4 5 6 7 9 11 12 12
4 9 63 132 176 238 290 354 407 437 480 558 1 2 5 10 11 13 14 16 18 20
4 10 80 138 195 251 304 332 385 453 513 556 3 6 7 9 12 15 16 18 19 20
5 0 72 134 186 254 325 397 448 476 530 576 3 4 5 8 10 11 14 15 16 17
5 1 67 136 191 239 308 380 442 509 577 624 1 3 3 7 8 9 13 16 17 20
5 2 75 143 218 260 318 390 455 504 557 629 1 4 5 5 6 6 9 10 10 14
5 3 73 133 210 282 338 409 476 516 587 651 4 6 11 13 14 15 19 20 20 22
5 4 87 156 210 271 336 392 459 510 551 625 4 8 11 13 14 18 22 22 22 22
5 5 65 124 204 276 317 366 415 482 550 600 7 10 15 18 18 19 21 22 25 29
5 6 69 133 200 271 335 387 442 495 568 631 0 4 5 5 9 12 13 15 15 15
5 7 60 144 193 258 293 341 395 461 525 561 2 2 4 5 7 9 12 15 17 17
5 8 55 123 173 231 285 350 407 472 538 589 4 5 6 8 13 16 17 17 17 19
5 9 81 126 187 233 289 350 400 457 503 555 6 7 8 8 9 10 12 12 12 14
5 10 90 150 214 270 320 372 449 503 543 596 1 3 7 8 10 10 11 15 16 16
6 0 74 131 185 261 317 382 444 513 566 625 2 4 8 10 13 14 15 18 18 19
6 1 70 121 195 253 316 380 461 526 580 641 0 3 4 6 11 11 14 17 18 18
6 2 61 120 182 233 299 373 443 503 567 628 2 3 7 7 9 12 14 14 16 16
6 3 63 126 188 242 308 364 424 480 535 599 7 7 12 12 13 14 16 18 20 22
6 4 66 133 199 253 321 375 433 491 545 599 3 4 4 5 6 8 8 9 12 14
6 5 73 148 215 268 335 403 473 529 593 659 4 6 10 11 11 13 15 16 17 21
6 6 67 116 180 249 293 364 428 494 579 619 1 1 2 2 4 5 11 13 14 16
6 7 66 120 190 252 320 382 445 508 560 623 7 11 14 18 18 21 21 22 22 25
6 8 79 150 215 284 351 418 473 526 566 614 5 9 11 13 17 18 18 19 20 20
6 9 68 113 178 227 285 337 396 454 497 538 3 5 9 11 12 15 15 17 23 23
6 10 51 112 171 232 299 358 414 467 545 597 2 4 7 8 10 11 11 11 12 13
7 0 66 146 211 277 350 403 451 518 576 640 3 5 5 6 6 9 11 12 16 19
7 1 67 144 210 260 323 378 444 512 568 628 4 7 10 12 13 14 16 17 17 18
7 2 72 119 174 223 270 336 422 471 524 588 2 4 5 6 7 11 14 16 18 21
7 3 57 119 175 240 289 351 414 464 522 568 1 1 1 4 6 9 11 14 15 16
7 4 70 140 195 258 320 380 453 498 561 646 3 4 8 9 11 15 20 22 24 25
7 5 75 134 196 261 341 402 443 486 532 589 3 3 3 5 5 8 12 14 15 18
7 6 76 141 194 267 313 362 402 441 509 553 4 11 14 15 15 17 17 18 22 23
7 7 53 123 190 243 300 353 429 487 541 593 4 8 13 14 17 17 19 20 22 25
7 8 65 118 163 226 297 366 434 493 547 580 2 4 5 7 8 9 9 12 15 16
7 9 73 116 176 244 300 357 424 479 539 601 2 5 6 7 8 11 11 11 12 13
7 10 77 132 185 250 308 358 407 446 504 542 5 6 7 7 7 8 9 9 11 11
8 0 56 133 198 258 320 383 434 489 564 636 2 5 5 7 10 11 12 15 15 17
8 1 70 152 230 282 342 398 464 507 576 627 2 4 10 10 12 13 14 16 18 22
8 2 71 143 187 247 322 386 450 502 576 631 2 6 6 10 14 15 17 18 19 20
8 3 71 139 193 236 288 330 393 444 507 560 4 5 5 5 8 9 9 10 10 10
8 4 72 138 192 264 310 357 400 467 539 608 3 9 11 14 17 19 19 20 23 24
8 5 63 120 179 243 297 336 393 467 518 558 6 8 10 10 10 12 16 16 17 19
8 6 105 172 242 309 370 418 484 539 587 647 5 6 7 11 12 13 17 20 21 24
8 7 74 151 226 293 342 395 449 507 563 632 2 4 4 6 7 8 9 9 11 16
8 8 78 138 183 241 311 378 433 498 530 584 2 9 9 10 11 11 12 15 18 20
8 9 70 130 190 245 313 357 422 491 543 590 4 7 8 10 11 11 14 14 15 15
8 10 75 139 191 251 324 383 420 456 517 563 1 2 5 6 10 11 12 13 13 15
9 0 74 139 211 273 331 373 428 464 511 569 3 6 7 10 11 12 12 12 17 20
9 1 75 140 211 270 330 383 451 518 592 650 6 10 13 14 15 17 20 23 25 27
9 2 63 127 207 269 336 395 459 521 592 639 6 11 14 15 18 20 20 23 27 28
9 3 59 126 192 257 291 372 435 503 552 617 3 5 7 11 11 12 13 14 15 17
9 4 73 137 205 262 312 374 433 483 557 604 4 5 5 11 18 23 26 26 27 28
9 5 63 136 182 255 327 404 455 525 591 648 5 8 9 10 12 14 15 17 18 18
9 6 80 133 180 242 300 359 413 461 500 578 6 6 6 6 6 10 11 11 12 12
9 7 68 149 210 268 322 381 442 500 554 595 0 4 5 9 12 12 14 14 16 20
9 8 74 124 195 247 297 352 407 458 519 557 0 2 6 7 8 8 12 13 15 15
9 9 81 148 202 249 313 347 411 456 513 573 2 4 4 7 9 9 9 9 12 12
9 10 59 145 215 274 328 393 450 506 552 600 4 6 8 11 14 16 18 23 27 29
10 0 66 128 198 260 323 378 444 494 555 606 0 1 5 7 9 13 17 23 25 26
10 1 77 146 204 260 330 387 454 507 571 647 4 6 7 12 13 13 13 15 15 19
10 2 75 137 189 244 318 380 442 503 560 624 4 7 8 10 12 14 16 19 19 22
10 3 63 126 181 246 296 339 390 461 513 567 2 2 4 6 7 7 10 10 14 18
10 4 59 106 181 245 293 363 423 469 530 598 4 5 9 9 10 14 14 14 14 18
10 5 89 138 193 268 328 380 430 483 542 594 4 4 6 7 8 11 11 12 15 15
10 6 68 137 196 247 310 356 427 478 540 588 2 6 6 8 8 11 14 16 22 23
10 7 62 112 180 234 283 334 399 471 535 598 3 6 6 8 10 12 16 18 19 20
10 8 72 132 196 269 312 373 465 528 582 639 3 6 8 10 11 12 12 12 13 14
10 9 64 101 132 173 223 266 337 391 429 466 2 3 3 4 8 8 9 11 13 15
10 10 74 137 211 283 340 380 442 493 546 600 2 4 5 7 10 11 13 13 14 14