0 0 58 119 180 254 341 414 480 548 612 670 3 6 9 11 14 16 19 21 24 25
0 1 79 125 176 226 283 350 422 485 535 604 7 10 11 14 15 17 17 20 22 26
0 2 74 144 202 273 351 407 476 534 595 671 3 5 8 10 13 16 17 21 22 25
0 3 73 152 229 297 373 442 520 576 650 717 2 5 6 7 9 11 13 14 16 20
0 4 77 129 179 226 307 365 409 475 533 597 2 8 8 9 12 15 16 17 19 21
0 5 71 135 187 249 295 369 424 509 566 638 4 5 6 7 7 8 9 11 16 19
0 6 75 148 212 263 318 376 442 502 569 624 5 6 6 7 9 10 14 15 17 19
0 7 58 128 204 270 337 397 457 514 581 635 0 2 3 4 6 9 13 16 16 17
0 8 72 119 171 232 293 363 411 466 512 596 3 4 5 11 12 14 16 17 20 23
0 9 66 136 215 269 342 393 454 523 591 665 4 6 11 11 14 15 16 21 26 28
0 10 61 132 195 258 311 382 435 502 565 616 4 10 12 15 23 26 27 35 36 37
1 0 82 144 208 291 350 415 471 532 600 654 5 8 11 15 17 21 24 26 30 37
1 1 73 137 207 284 340 404 477 550 623 674 6 7 10 12 12 16 18 22 23 25
1 2 68 109 148 199 262 321 374 432 494 556 4 5 6 6 8 11 13 15 18 20
1 3 83 170 241 308 366 431 487 564 642 688 7 10 12 17 19 25 26 27 31 31
1 4 62 135 200 265 325 383 429 487 559 618 2 7 10 12 15 16 16 19 21 22
1 5 75 133 184 244 302 369 442 500 586 646 0 2 4 9 10 12 15 15 18 18
1 6 76 145 215 275 330 386 443 494 567 616 1 5 8 10 12 12 15 16 17 21
1 7 73 135 202 266 338 399 456 500 579 648 5 6 7 9 10 13 17 19 21 23
1 8 100 166 218 288 358 404 475 541 608 682 3 3 6 7 7 8 9 10 11 13
1 9 50 121 177 256 321 384 450 512 570 628 3 3 4 6 8 12 13 15 15 17
1 10 86 142 209 264 315 365 422 470 532 586 2 2 5 7 10 10 12 12 13 14
2 0 67 115 199 266 339 401 474 531 574 636 0 2 2 6 11 14 21 25 26 29
2 1 80 138 184 252 316 365 439 515 578 643 4 6 8 9 9 12 13 15 18 19
2 2 75 128 198 265 343 423 487 537 613 679 1 4 5 7 10 10 13 13 17 19
2 3 80 154 207 252 312 378 446 501 562 636 1 4 5 7 10 13 15 16 18 18
2 4 55 107 171 228 283 330 393 458 519 579 3 4 5 6 6 9 9 9 10 11
2 5 77 148 209 263 324 384 442 511 566 623 0 2 4 5 5 7 10 11 11 13
2 6 64 148 204 288 346 404 471 521 577 657 2 2 5 10 13 16 21 24 27 29
2 7 79 145 213 291 349 403 468 530 572 634 4 8 8 10 15 17 21 23 23 26
2 8 72 151 219 293 373 445 517 569 635 690 2 5 5 7 8 8 9 9 14 15
2 9 72 142 192 251 314 364 420 449 506 582 0 2 5 7 10 12 13 16 19 20
2 10 70 142 193 245 319 384 442 507 576 628 3 3 3 4 6 7 7 9 10 13
3 0 72 145 198 270 328 395 444 513 570 634 2 4 10 10 10 10 12 14 15 17
3 1 70 140 207 263 326 385 450 510 561 604 2 3 4 4 4 7 8 10 10 11
3 2 67 128 194 277 348 402 445 514 573 628 3 7 9 14 14 15 18 19 19 19
3 3 60 113 178 245 305 386 456 533 602 647 4 5 6 7 10 11 12 12 16 19
3 4 67 133 197 247 319 397 463 525 581 643 4 7 10 10 12 15 16 18 19 20
3 5 69 126 184 255 309 361 421 499 553 601 4 7 11 13 14 15 17 20 22 23
3 6 61 123 168 228 297 360 440 503 559 629 1 3 6 8 12 15 20 21 21 22
3 7 69 116 173 242 310 372 432 491 565 645 0 1 4 6 7 7 12 14 18 22
3 8 81 138 206 277 337 406 461 540 599 675 6 9 15 18 20 20 21 25 26 29
3 9 53 122 193 262 324 396 442 511 574 624 2 5 7 8 8 8 9 11 13 15
3 10 66 122 175 221 267 311 353 405 442 507 2 2 4 6 10 11 12 12 14 15
4 0 72 128 178 253 312 371 438 495 554 623 0 1 1 4 5 7 10 10 11 13
4 1 82 155 224 307 373 432 492 565 616 680 4 8 10 12 15 17 18 21 24 26
4 2 73 144 218 291 360 413 476 545 613 668 3 3 4 5 6 7 9 12 14 15
4 3 49 108 184 234 298 352 410 472 527 599 3 8 11 12 12 13 16 18 20 20
4 4 75 123 181 231 301 359 440 507 558 605 2 3 4 5 8 9 13 14 15 18
4 5 67 140 206 264 318 379 449 523 560 610 2 5 6 9 9 11 12 14 15 15
4 6 69 124 197 273 328 371 405 459 523 573 1 4 6 7 9 9 10 10 11 14
4 7 71 127 200 255 318 370 421 489 537 577 3 3 3 4 5 6 12 13 15 15
4 8 52 108 163 221 281 342 402 461 518 585 3 4 4 6 6 7 8 9 10 10
4 9 73 156 198 269 328 370 420 472 542 596 3 6 8 8 10 10 13 15 15 16
4 10 49 104 169 232 292 350 400 455 514 567 2 3 9 13 13 14 15 15 16 16
5 0 65 123 169 223 273 326 388 469 539 599 3 4 5 10 11 16 19 22 24 27
5 1 76 120 167 226 287 343 408 470 538 592 3 6 8 10 11 12 13 14 16 20
5 2 74 139 203 270 324 381 442 504 565 616 1 4 7 8 11 14 15 17 18 20
5 3 65 137 212 279 326 397 461 517 579 651 4 6 6 6 9 10 11 11 11 13
5 4 83 149 204 262 323 389 440 506 550 605 4 5 8 12 13 13 13 17 18 19
5 5 65 119 185 255 313 356 399 440 514 573 1 1 1 3 3 4 5 6 7 10
5 6 71 145 223 284 354 426 478 532 612 662 4 8 9 12 12 14 14 15 17 17
5 7 61 133 192 245 305 354 410 466 534 586 3 5 9 10 13 13 14 15 16 16
5 8 83 154 226 301 371 414 463 524 577 639 2 4 7 8 9 11 11 14 15 17
5 9 87 140 205 257 328 395 438 491 554 612 2 2 4 5 6 7 9 11 12 14
5 10 64 141 213 267 331 382 451 497 547 581 4 8 9 11 14 15 17 18 18 19
6 0 76 113 172 227 301 371 434 501 560 627 5 5 7 11 14 18 23 24 25 27
6 1 71 139 202 262 304 368 419 475 529 570 1 2 2 5 6 7 8 10 12 16
6 2 76 132 196 248 303 359 412 463 517 578 3 5 9 11 13 13 16 16 17 20
6 3 55 121 181 264 314 359 421 476 548 607 1 3 5 8 8 8 10 12 16 17
6 4 59 126 179 250 313 378 431 482 544 599 2 3 6 7 13 14 14 15 17 22
6 5 84 145 214 275 363 413 476 529 590 653 2 4 5 5 6 9 11 12 14 17
6 6 67 130 205 290 350 405 461 502 555 607 5 8 12 19 20 21 21 23 26 27
6 7 73 141 197 264 319 385 439 503 550 599 6 8 9 10 10 11 14 14 14 16
6 8 67 136 193 255 326 401 461 507 575 639 3 4 5 5 7 9 14 15 16 16
6 9 91 156 222 265 321 377 413 482 523 545 1 2 5 7 8 11 12 12 13 13
6 10 69 125 191 238 310 371 435 499 561 615 1 4 7 8 11 14 15 15 16 18
7 0 91 148 199 259 303 358 410 467 537 585 8 10 10 11 13 13 16 18 19 22
7 1 85 160 225 285 368 433 510 579 634 686 4 7 8 10 12 13 18 21 21 22
7 2 61 131 203 268 331 392 456 500 554 603 1 4 7 8 9 11 13 15 16 17
7 3 75 154 224 283 321 373 421 495 545 620 2 3 5 6 6 7 8 9 12 12
7 4 79 159 213 263 319 390 446 501 563 616 3 6 8 11 12 15 16 20 25 25
7 5 67 117 177 252 324 373 415 464 505 561 1 2 7 9 14 15 16 19 19 22
7 6 82 138 201 269 319 374 441 501 564 622 3 4 5 6 8 8 11 13 14 14
7 7 62 132 175 227 274 331 386 452 510 551 6 10 12 14 15 16 21 21 22 25
7 8 66 141 197 248 286 350 405 459 528 581 4 8 11 11 11 17 20 24 26 26
7 9 60 126 199 267 319 381 425 484 524 574 5 10 13 15 15 19 19 21 21 23
7 10 73 129 182 227 289 359 407 466 519 572 4 6 9 10 11 11 11 11 11 12
8 0 72 130 183 236 308 383 464 517 593 670 3 3 4 4 8 10 11 13 15 20
8 1 67 116 174 240 292 351 410 473 528 594 4 4 6 9 10 10 10 10 12 15
8 2 53 111 174 228 282 351 400 455 486 551 1 3 5 8 8 10 12 13 13 16
8 3 61 118 181 242 305 378 418 483 531 582 1 5 9 9 10 10 10 13 15 16
8 4 78 138 193 241 304 359 408 471 527 602 2 6 7 10 11 14 15 17 19 23
8 5 68 129 205 270 334 377 443 522 569 636 3 6 10 11 12 12 15 17 19 23
8 6 72 138 221 296 348 393 455 519 593 656 1 3 6 6 8 10 11 12 13 14
8 7 87 162 237 300 363 433 492 535 578 644 1 1 1 3 4 5 8 9 10 10
8 8 69 119 185 243 303 354 418 470 507 561 2 8 11 13 13 13 14 14 14 14
8 9 80 147 216 268 322 384 439 485 528 593 3 5 7 10 10 11 12 12 13 14
8 10 59 126 192 254 314 375 436 496 544 598 0 2 7 10 11 13 16 16 17 18
9 0 57 107 142 194 251 319 388 454 511 579 1 4 4 5 8 13 14 14 17 20
9 1 86 159 239 306 372 422 499 569 620 677 6 7 10 14 17 21 24 28 31 33
9 2 80 135 200 272 330 394 464 522 576 636 0 1 4 8 8 9 14 14 20 21
9 3 71 131 185 243 299 349 427 484 556 618 2 5 6 11 15 18 18 19 21 22
9 4 80 147 204 273 339 393 430 472 541 611 7 9 9 11 14 15 17 17 18 19
9 5 82 134 205 259 322 371 436 491 552 629 2 3 3 8 11 11 14 14 16 18
9 6 80 142 229 278 338 386 448 490 546 591 1 4 5 7 9 9 9 12 12 18
9 7 60 126 186 240 299 351 425 472 522 556 2 6 9 10 12 13 15 17 17 17
9 8 68 142 205 257 294 364 426 470 530 572 3 7 10 11 11 13 15 15 18 18
9 9 63 127 178 260 296 345 395 441 481 542 2 4 5 9 11 12 15 19 20 22
9 10 65 146 203 254 303 360 421 470 527 584 2 5 7 7 8 9 12 14 14 16
10 0 77 128 209 280 349 414 457 514 574 640 3 4 4 5 7 10 11 13 13 13
10 1 57 98 170 219 280 331 392 452 513 572 1 3 6 9 10 10 13 14 14 16
10 2 85 151 203 265 302 353 412 495 560 627 3 4 6 7 10 10 12 15 16 16
10 3 75 140 188 246 304 354 402 462 532 603 8 9 11 13 14 16 19 19 21 22
10 4 79 153 234 308 376 436 498 567 623 679 4 6 9 10 10 10 11 13 14 17
10 5 83 147 203 273 341 400 453 518 585 648 0 4 5 6 8 10 10 11 14 14
10 6 66 127 194 254 311 369 432 473 535 582 1 4 7 8 9 9 11 15 18 19
10 7 59 121 173 223 266 323 389 458 521 586 2 4 6 8 10 10 13 14 16 16
10 8 60 129 179 239 286 327 404 448 512 577 1 2 4 7 9 10 13 14 16 18
10 9 54 126 162 204 248 306 372 422 484 533 2 4 5 5 5 8 9 10 10 12
10 10 59 134 188 246 315 362 396 438 508 553 6 7 9 12 13 15 17 17 18 20