0 0 73 150 216 262 327 389 460 518 564 622 2 5 8 9 11 13 14 17 17 19
0 1 71 129 211 259 327 387 454 509 577 651 1 5 8 14 22 24 27 31 34 38
0 2 77 141 206 260 331 386 446 521 581 647 1 5 8 8 9 11 13 15 16 17
0 3 70 139 200 271 345 394 469 529 594 664 3 4 6 8 8 9 10 12 13 15
0 4 89 167 234 282 350 416 497 561 636 708 3 7 11 12 15 17 19 21 23 27
0 5 50 113 171 232 297 362 426 484 553 616 1 3 4 7 8 12 13 14 16 21
0 6 69 144 196 270 345 406 472 526 582 641 3 7 10 15 19 20 22 22 22 24
0 7 66 147 217 267 326 371 443 520 589 653 4 5 6 9 15 16 19 21 26 31
0 8 52 120 189 238 308 389 456 534 601 662 2 3 8 9 9 11 12 14 15 16
0 9 74 121 181 239 306 376 419 477 541 601 3 7 7 10 13 13 15 17 17 18
0 10 70 139 208 277 322 400 477 535 592 648 2 5 7 8 8 11 14 17 21 24
1 0 57 135 194 265 322 392 450 507 567 653 2 6 8 12 14 16 19 19 22 26
1 1 74 140 203 279 354 416 485 552 632 695 2 3 3 8 9 14 15 16 17 20
1 2 68 144 198 262 324 378 436 511 577 637 1 2 3 4 6 8 10 11 13 14
1 3 67 120 174 225 306 378 440 498 557 612 0 1 1 3 5 9 11 13 13 18
1 4 76 147 199 246 319 364 416 471 542 612 2 4 7 7 9 14 14 18 19 20
1 5 62 127 190 252 331 394 452 512 572 616 2 7 8 9 11 12 12 14 16 17
1 6 85 137 210 277 329 405 444 499 551 594 3 7 11 14 17 19 19 19 21 23
1 7 77 150 221 269 336 412 469 536 596 662 3 5 7 10 12 15 18 21 24 24
1 8 64 129 186 246 298 359 437 498 548 617 6 8 13 13 14 14 17 17 20 22
1 9 51 119 181 236 279 340 405 475 530 590 1 1 2 3 3 6 9 15 16 19
1 10 72 151 214 264 327 376 443 502 559 616 5 6 8 8 8 10 12 14 16 16
2 0 66 122 192 260 343 410 463 519 587 648 1 3 4 12 15 19 19 22 25 29
2 1 73 147 205 265 332 393 456 526 585 642 6 8 14 17 20 22 24 25 25 28
2 2 53 103 187 252 321 387 452 511 578 629 6 10 15 16 21 21 27 30 33 36
2 3 73 135 213 279 341 393 471 542 629 707 5 8 13 15 18 21 23 23 26 27
2 4 69 118 172 237 298 355 422 486 547 608 1 3 5 5 7 9 12 14 16 17
2 5 70 134 187 237 312 385 442 504 556 601 3 5 6 8 10 11 12 13 16 17
2 6 76 137 199 256 315 384 417 464 518 554 3 4 6 6 7 10 10 13 14 15
2 7 58 143 214 273 330 385 439 483 532 588 2 4 9 12 12 14 17 20 22 24
2 8 50 109 184 244 300 353 404 467 521 558 4 9 11 12 14 18 19 21 23 24
2 9 67 129 178 234 284 346 398 453 505 570 5 8 8 11 12 12 13 14 15 18
2 10 67 132 193 262 319 391 448 514 562 603 1 3 3 3 3 5 8 9 13 15
3 0 64 120 179 245 300 385 454 515 580 638 2 2 4 6 7 9 10 11 11 13
3 1 80 133 182 239 306 363 427 491 552 635 3 5 5 5 7 10 10 12 14 18
3 2 50 95 164 220 280 349 397 465 509 552 2 3 3 5 7 9 11 14 15 17
3 3 58 110 173 246 302 354 410 477 550 615 5 9 11 11 12 14 16 19 20 23
3 4 69 140 200 247 311 346 401 468 534 612 1 4 5 8 9 10 11 12 13 14
3 5 78 140 204 255 296 359 422 484 540 603 2 5 5 7 8 9 10 12 13 15
3 6 76 136 198 272 324 406 454 499 567 637 4 7 9 10 12 14 15 16 20 25
3 7 66 121 195 251 327 392 437 498 553 603 3 4 6 8 10 11 14 17 18 22
3 8 85 134 204 275 326 374 428 487 546 598 3 5 6 7 7 10 13 14 14 19
3 9 84 152 201 258 340 391 454 506 569 638 3 5 6 8 10 11 11 13 14 16
3 10 72 154 210 273 335 384 461 517 585 647 3 4 7 12 15 16 16 21 23 25
4 0 63 118 180 241 308 361 410 467 536 611 5 8 11 11 11 12 12 13 18 20
4 1 67 123 190 259 292 357 428 491 539 585 2 6 6 7 8 11 11 14 16 20
4 2 70 134 196 252 321 378 454 522 589 647 3 6 9 9 10 13 16 18 20 21
4 3 70 120 184 251 309 387 437 502 591 646 4 4 5 10 10 11 12 16 19 21
4 4 76 162 235 294 368 442 507 568 618 679 4 7 10 11 13 15 15 17 17 17
4 5 80 137 201 241 297 363 397 448 506 568 4 8 8 10 11 14 15 17 20 25
4 6 67 129 208 272 336 399 476 542 606 669 3 5 6 10 12 16 18 20 21 22
4 7 76 137 195 258 332 403 459 519 561 608 3 4 7 7 11 14 18 19 23 24
4 8 70 135 205 271 345 394 450 500 583 647 3 6 10 12 15 15 20 21 26 29
4 9 82 144 210 281 343 412 482 556 597 656 4 4 5 8 10 11 14 15 16 18
4 10 55 110 169 226 270 327 379 439 492 542 1 1 2 2 2 2 2 4 5 6
5 0 53 106 168 240 307 383 457 510 594 645 1 2 2 5 6 9 11 12 17 20
5 1 75 131 178 227 286 361 429 493 555 613 4 5 6 9 14 14 18 20 20 21
5 2 74 141 209 273 330 391 450 509 563 612 5 7 9 13 14 14 16 19 19 19
5 3 78 142 190 257 322 403 464 520 577 637 3 5 6 7 11 14 16 16 18 20
5 4 58 114 166 225 284 335 395 459 519 565 6 11 12 15 18 21 22 23 25 25
5 5 79 145 224 280 345 410 469 524 586 636 3 6 9 10 10 13 13 17 20 20
5 6 82 139 193 247 304 352 410 460 520 561 3 5 5 6 6 10 11 13 15 18
5 7 83 141 197 258 321 395 457 523 573 635 1 1 1 4 6 7 9 9 10 13
5 8 63 143 200 263 348 413 472 527 578 639 1 4 5 5 5 6 8 9 9 12
5 9 65 121 205 260 324 414 445 501 545 627 5 9 10 12 12 13 13 13 15 16
5 10 66 144 205 262 312 366 410 490 558 629 2 4 6 11 13 16 16 20 22 26
6 0 66 128 180 256 317 380 432 493 563 624 3 4 5 6 9 10 12 12 13 13
6 1 64 135 206 250 299 358 426 485 543 606 2 3 5 6 6 9 13 16 16 19
6 2 73 142 197 266 332 385 440 499 556 622 3 7 8 13 13 18 20 22 23 25
6 3 77 153 206 256 299 370 445 522 584 663 4 8 13 13 13 15 16 19 21 22
6 4 69 123 192 240 307 368 418 469 524 582 5 6 9 9 11 12 15 18 19 21
6 5 80 136 192 264 325 382 451 505 571 622 1 3 7 9 9 9 10 10 11 12
6 6 78 147 209 254 314 360 425 491 550 596 3 4 7 8 8 9 10 10 10 11
6 7 56 127 184 232 283 327 380 437 501 561 5 5 8 8 11 11 11 11 12 12
6 8 72 138 201 254 293 343 414 470 537 591 4 7 9 11 12 14 16 18 19 21
6 9 77 142 214 265 313 364 393 439 490 560 3 4 6 7 9 10 10 14 16 17
6 10 77 142 201 262 326 362 412 485 534 580 3 5 8 10 11 11 11 12 13 13
7 0 72 137 197 262 313 381 446 509 560 622 2 6 9 11 12 12 14 16 20 24
7 1 62 126 191 255 317 386 466 525 567 630 3 7 7 10 10 13 15 20 21 24
7 2 56 138 201 271 320 371 448 523 598 652 2 3 5 6 10 10 13 13 16 16
7 3 69 135 197 250 321 383 440 483 558 610 3 6 7 8 8 8 10 10 12 16
7 4 78 143 198 254 324 383 417 463 505 562 3 7 7 9 11 15 15 18 18 19
7 5 57 122 187 236 308 352 411 469 543 593 1 3 5 7 10 10 14 17 20 21
7 6 73 142 201 268 321 379 441 497 554 625 2 5 5 5 7 7 7 7 8 9
7 7 78 135 189 227 279 322 391 426 483 545 5 10 13 15 15 16 17 19 20 22
7 8 61 117 191 245 305 355 392 435 485 537 4 5 7 8 11 11 15 17 17 18
7 9 76 142 200 275 357 427 479 540 588 619 5 6 6 8 11 12 14 16 23 25
7 10 71 127 171 219 255 306 363 424 494 560 2 6 7 8 9 12 13 15 16 17
8 0 63 139 202 267 341 397 467 538 590 655 3 5 7 10 11 14 14 18 19 21
8 1 73 135 187 262 320 386 448 497 565 624 5 6 6 8 11 12 12 12 16 20
8 2 67 129 190 248 309 373 466 519 598 633 4 6 10 10 11 14 16 18 22 25
8 3 63 132 180 250 311 374 440 508 564 618 4 7 8 8 10 12 13 15 17 17
8 4 68 125 182 261 302 382 440 504 548 614 1 5 7 7 7 8 9 11 14 14
8 5 77 133 189 234 287 342 421 479 537 589 4 5 7 7 9 12 18 22 24 25
8 6 83 159 217 275 338 383 456 498 566 626 4 7 11 12 16 17 20 23 27 28
8 7 79 151 204 270 346 412 460 507 567 633 5 7 12 13 13 15 15 15 17 20
8 8 63 124 192 258 321 380 409 461 518 573 2 3 3 5 5 6 8 11 13 13
8 9 62 141 183 239 301 345 408 459 495 546 4 4 5 6 8 11 13 14 14 16
8 10 72 131 191 253 301 352 410 470 525 577 1 3 5 6 7 10 12 13 16 18
9 0 44 132 208 280 342 396 450 518 580 639 2 7 8 14 15 17 17 17 20 20
9 1 73 129 185 249 310 371 434 513 579 641 4 8 9 10 12 18 24 26 31 33
9 2 81 142 197 254 314 386 452 521 593 671 1 2 5 10 10 13 15 18 21 24
9 3 75 143 192 267 318 360 416 491 556 619 1 1 4 6 8 10 12 16 17 18
9 4 63 138 184 252 304 357 401 452 508 565 1 2 4 7 12 12 12 13 14 14
9 5 62 133 196 271 319 368 434 501 544 598 2 4 6 10 11 13 15 17 19 19
9 6 74 132 169 230 287 330 400 467 497 528 2 3 4 5 7 8 11 12 14 15
9 7 62 132 193 260 307 381 438 499 551 617 2 4 6 8 8 9 10 12 13 15
9 8 87 143 200 252 319 368 430 493 547 603 4 5 8 10 12 13 14 15 15 20
9 9 83 142 192 246 302 367 419 467 520 557 1 3 4 6 9 10 11 13 14 14
9 10 95 163 223 273 330 385 445 490 523 585 5 7 9 10 12 13 16 18 18 20
10 0 77 144 218 271 325 380 418 485 549 613 2 4 6 7 10 13 14 15 15 16
10 1 81 131 195 244 304 367 431 494 546 598 1 3 3 7 11 14 16 18 19 20
10 2 82 125 181 240 295 354 415 473 553 614 1 3 5 6 6 6 8 9 13 14
10 3 68 139 214 268 331 389 436 503 566 636 4 4 8 9 15 18 19 23 23 25
10 4 63 126 185 250 303 355 407 471 526 589 6 7 8 10 10 14 17 17 17 17
10 5 89 161 218 278 312 379 438 498 556 594 3 5 8 9 9 10 13 14 15 15
10 6 70 138 208 265 328 402 455 519 590 647 1 2 4 5 7 9 11 13 17 17
10 7 57 118 195 258 319 368 430 498 553 614 5 8 8 11 11 12 16 17 22 22
10 8 79 146 204 253 303 381 437 493 531 571 2 6 6 8 8 12 12 15 20 21
10 9 64 126 193 279 345 405 440 481 543 598 0 2 2 5 5 6 8 9 11 11
10 10 71 116 169 238 295 352 411 459 513 578 2 5 7 9 10 12 14 19 21 21