0 0 71 135 192 255 319 391 452 502 568 641 5 7 7 7 12 14 18 22 29 32
0 1 71 145 214 287 353 420 472 526 596 671 7 13 13 14 17 18 20 24 24 28
0 2 68 146 206 283 365 434 483 551 615 661 4 7 12 16 16 17 20 23 24 25
0 3 70 126 193 263 318 395 471 547 622 696 3 4 8 9 10 10 13 15 17 20
0 4 77 141 191 248 314 367 436 505 557 625 2 3 4 5 7 8 12 12 14 14
0 5 77 141 198 245 303 379 443 519 581 627 2 2 2 4 5 8 10 17 21 22
0 6 74 132 192 242 293 375 462 510 587 657 2 2 5 7 9 11 14 15 20 23
0 7 68 128 185 247 319 381 432 520 598 687 1 1 3 3 6 7 10 16 19 21
0 8 74 132 209 260 333 388 458 529 579 651 4 7 8 10 14 20 21 22 23 29
0 9 57 114 184 249 320 378 431 508 591 663 6 8 9 11 12 13 13 14 17 20
0 10 75 142 183 240 292 366 426 503 557 618 4 9 11 13 13 17 18 19 23 25
1 0 78 138 210 268 348 427 483 541 605 654 3 4 4 5 7 7 9 9 11 11
1 1 45 100 160 228 301 374 430 507 564 649 4 8 10 14 16 16 17 21 23 23
1 2 68 134 195 268 335 408 487 562 619 682 1 3 4 6 8 9 11 13 15 16
1 3 51 129 196 276 340 388 441 507 554 632 4 4 5 8 11 14 17 17 18 19
1 4 78 160 232 282 335 404 465 543 605 665 3 5 6 7 10 12 12 15 15 16
1 5 68 122 196 276 344 426 492 554 613 675 1 2 2 3 4 6 7 8 12 18
1 6 59 138 209 276 348 396 455 507 576 621 5 9 10 12 12 12 12 13 13 13
1 7 75 127 196 282 329 384 438 475 531 581 6 11 14 17 18 18 19 21 24 24
1 8 65 121 201 281 352 403 469 545 616 685 6 6 8 8 9 13 18 19 20 20
1 9 74 146 190 253 318 369 439 503 561 614 5 5 5 8 9 9 10 13 14 15
1 10 55 95 164 238 308 381 455 508 565 630 4 8 13 15 18 21 22 24 27 31
2 0 62 134 199 254 328 399 467 528 603 667 1 3 4 5 6 13 14 14 16 19
2 1 61 121 179 255 309 382 450 514 572 619 0 1 2 4 5 8 10 10 11 12
2 2 85 147 207 278 347 402 451 503 562 639 2 2 2 4 7 7 9 13 15 16
2 3 74 129 195 247 311 371 447 508 575 636 2 5 7 8 11 12 16 20 20 21
2 4 79 128 194 280 357 418 482 548 600 663 1 6 8 9 12 12 14 15 17 20
2 5 74 143 203 267 329 388 435 498 555 603 4 6 7 11 13 13 13 15 18 19
2 6 67 140 206 268 328 364 421 488 547 608 0 1 6 6 8 8 9 10 10 10
2 7 87 155 230 305 372 433 481 540 589 649 4 6 8 12 13 15 16 16 17 19
2 8 80 136 196 278 341 422 484 540 594 658 2 5 5 9 10 11 16 17 17 21
2 9 77 150 223 282 346 411 474 525 593 647 5 9 12 16 21 25 26 26 26 28
2 10 75 154 233 303 342 423 487 544 603 659 5 10 12 12 13 15 16 18 22 24
3 0 75 128 183 230 295 357 423 495 553 615 0 2 6 8 12 13 16 16 18 23
3 1 63 130 184 247 294 352 406 459 521 577 4 5 5 6 10 14 14 15 16 20
3 2 52 101 151 219 266 322 375 450 512 571 2 4 5 5 6 9 11 16 19 19
3 3 67 138 205 274 339 405 454 498 556 631 2 3 9 12 13 14 16 17 19 20
3 4 77 146 192 267 337 400 455 528 581 637 1 3 5 8 11 12 15 18 21 23
3 5 85 140 214 268 324 387 451 534 590 649 3 6 6 9 11 12 14 15 17 17
3 6 80 137 192 258 301 377 439 483 561 622 6 7 7 10 12 13 14 15 22 22
3 7 70 133 197 273 328 393 455 512 569 616 3 3 4 5 6 6 8 11 12 13
3 8 67 130 186 255 307 365 437 514 578 623 3 4 7 11 12 14 16 18 19 20
3 9 78 128 193 253 326 362 412 460 522 585 4 5 7 8 9 10 11 13 14 16
3 10 78 135 181 244 296 366 424 490 528 585 1 4 6 9 10 10 12 13 14 15
4 0 71 130 202 267 310 369 419 484 549 608 4 7 10 12 12 12 12 14 17 18
4 1 61 118 178 241 297 349 405 469 540 592 0 2 7 9 10 11 12 14 18 18
4 2 73 130 183 236 303 363 411 480 561 619 3 3 8 8 14 16 19 20 23 25
4 3 68 125 200 271 338 414 473 550 613 678 4 8 11 13 16 19 21 23 24 29
4 4 83 145 209 271 331 392 448 518 567 627 1 2 5 8 12 14 18 20 21 22
4 5 65 146 196 270 327 388 454 499 550 589 7 11 13 16 17 18 22 23 27 28
4 6 77 128 191 269 332 395 464 508 559 627 0 3 4 5 6 10 12 13 13 14
4 7 79 148 193 255 324 379 430 485 527 573 2 3 3 5 9 11 12 14 14 14
4 8 78 138 201 258 316 364 427 494 553 616 3 3 6 6 6 7 7 7 7 10
4 9 75 153 219 278 329 399 457 501 556 603 5 7 11 12 13 14 14 16 16 18
4 10 93 157 221 282 335 402 458 516 580 627 4 7 8 8 12 13 15 18 18 21
5 0 75 139 199 268 327 389 440 504 577 628 2 4 8 11 12 12 13 19 20 21
5 1 58 123 186 266 319 387 447 518 586 662 5 10 15 21 24 25 27 29 30 31
5 2 60 112 170 215 281 323 385 422 484 539 3 7 8 9 10 13 14 15 15 16
5 3 72 119 171 220 272 317 365 440 500 568 0 3 4 4 4 4 5 5 5 5
5 4 55 138 189 257 316 387 447 502 552 637 2 5 6 7 8 9 10 11 13 16
5 5 61 123 202 251 308 369 424 467 529 587 2 2 4 4 9 11 12 13 14 16
5 6 77 146 219 274 328 384 438 479 530 594 2 5 8 9 13 15 16 19 20 21
5 7 61 133 191 248 307 375 428 473 528 601 3 4 7 9 12 13 13 14 14 15
5 8 58 129 191 246 314 387 441 508 562 635 1 3 4 4 9 12 13 14 17 17
5 9 81 122 183 244 295 361 426 465 513 588 3 4 10 13 13 16 18 22 22 26
5 10 59 108 165 227 288 355 406 450 494 574 2 4 7 9 10 12 13 13 13 16
6 0 59 122 196 236 291 354 428 488 557 620 4 5 5 5 5 5 7 10 12 14
6 1 58 130 192 254 315 374 433 498 556 616 2 5 7 7 10 14 16 16 16 18
6 2 65 154 222 291 345 423 496 554 603 663 4 6 7 7 10 11 13 14 19 21
6 3 64 139 196 260 314 383 433 498 540 600 2 4 6 7 8 9 10 14 14 18
6 4 87 148 209 283 342 406 458 501 570 629 4 7 8 9 11 12 16 18 21 22
6 5 64 110 183 233 298 371 440 513 577 643 2 4 7 8 12 15 15 18 19 22
6 6 57 102 156 235 293 349 416 481 543 596 0 1 3 4 5 5 5 5 6 7
6 7 83 148 205 250 308 363 410 455 514 584 4 8 11 12 17 19 21 23 25 25
6 8 67 132 202 269 334 376 418 498 560 615 5 8 9 11 12 13 13 15 17 18
6 9 68 129 193 265 314 376 450 505 559 609 1 1 2 4 5 6 9 10 12 13
6 10 65 118 177 233 301 342 400 469 521 567 3 4 4 6 10 11 12 13 17 20
7 0 68 144 221 267 324 397 459 524 577 626 3 4 5 8 12 14 15 16 24 28
7 1 61 127 187 248 321 380 453 513 573 627 3 5 8 8 11 13 13 16 19 22
7 2 68 135 210 276 323 391 457 534 576 643 0 2 5 7 10 12 12 15 18 21
7 3 73 157 218 278 322 386 452 523 561 612 1 2 3 5 9 11 12 12 13 15
7 4 77 135 209 254 310 363 413 469 530 582 2 3 4 9 16 16 18 20 23 24
7 5 57 122 178 239 292 355 413 461 511 553 1 4 5 6 6 7 9 9 12 13
7 6 61 110 167 237 294 342 407 460 532 589 4 4 5 7 11 14 15 17 19 20
7 7 71 142 197 259 321 388 430 495 564 626 3 4 6 9 10 11 11 13 15 15
7 8 70 141 212 273 320 382 440 485 534 581 2 8 10 13 13 15 16 18 19 21
7 9 62 106 175 240 299 362 420 484 538 600 3 5 5 7 7 7 7 11 11 12
7 10 62 128 190 244 310 359 414 477 549 593 2 3 5 6 10 11 12 12 16 19
8 0 71 134 197 267 323 393 472 534 597 670 4 4 5 7 8 10 12 15 16 19
8 1 73 121 186 247 299 363 429 502 554 610 2 6 7 8 9 13 14 18 21 23
8 2 80 135 191 254 305 370 429 488 550 594 5 6 8 9 13 14 18 21 24 24
8 3 80 139 198 257 308 372 437 500 552 608 3 8 9 14 15 19 22 25 25 30
8 4 50 119 197 246 309 363 417 469 529 597 3 3 4 6 6 8 10 10 10 13
8 5 60 116 169 217 265 312 383 453 518 583 4 5 7 9 10 13 16 18 20 23
8 6 64 116 171 214 284 335 389 459 520 591 0 2 3 3 3 3 4 5 6 9
8 7 46 122 184 232 280 326 374 423 475 518 1 4 5 6 6 6 7 7 8 8
8 8 68 149 205 269 327 385 434 499 577 653 3 5 7 10 10 12 12 16 16 16
8 9 78 149 223 272 334 382 449 505 568 634 1 3 7 7 7 7 11 13 14 14
8 10 40 119 180 251 311 362 431 495 568 613 1 5 6 6 7 7 8 10 11 11
9 0 73 135 199 265 320 383 453 540 612 671 6 9 10 11 15 21 24 27 30 32
9 1 75 124 181 242 307 365 431 486 541 606 3 5 5 7 9 9 10 14 14 20
9 2 71 131 195 250 323 393 446 496 568 618 8 10 10 16 17 17 21 22 23 23
9 3 85 141 192 274 340 396 457 520 594 657 3 4 6 10 13 16 17 18 21 25
9 4 72 127 188 240 302 347 419 479 540 594 3 5 6 8 10 12 12 14 15 16
9 5 54 127 184 247 310 377 433 491 560 613 4 7 8 11 12 16 18 18 18 21
9 6 59 120 202 256 335 392 454 525 599 667 5 5 10 13 14 14 16 18 22 23
9 7 74 129 178 211 267 320 385 440 505 550 2 4 5 8 9 10 12 14 14 14
9 8 66 123 180 225 294 368 416 470 526 582 4 6 7 7 8 11 14 15 17 18
9 9 57 120 188 236 283 331 380 434 476 520 1 2 4 4 4 5 6 8 9 10
9 10 60 111 178 253 299 332 389 432 476 552 2 3 4 6 9 10 10 12 14 15
10 0 72 127 187 246 322 386 451 521 584 648 2 2 4 5 7 10 11 14 16 19
10 1 56 112 177 237 311 384 431 486 546 615 3 5 6 7 8 9 10 15 15 16
10 2 48 103 151 221 281 331 384 452 496 550 1 3 3 4 4 4 4 4 8 13
10 3 66 126 205 271 337 392 452 516 576 631 2 4 5 5 6 10 10 10 10 10
10 4 70 115 165 206 271 328 397 439 505 568 5 10 12 14 16 20 20 21 24 25
10 5 65 131 191 255 304 350 396 464 529 579 1 3 6 7 9 10 13 13 16 17
10 6 89 160 221 272 325 372 432 464 508 560 5 5 10 12 13 14 15 16 16 17
10 7 71 149 212 259 308 366 409 473 533 586 4 5 8 9 10 13 14 16 21 21
10 8 77 164 226 286 336 389 455 503 541 608 2 4 8 10 12 14 15 15 15 17
10 9 67 143 202 267 329 396 437 488 549 597 6 8 9 10 10 12 12 15 17 17
10 10 66 139 192 241 299 351 407 469 552 602 3 3 6 7 7 9 10 10 12 15