0 0 72 142 219 283 352 414 487 556 644 712 3 5 7 8 12 13 14 18 22 24
0 1 68 125 199 272 336 404 458 533 585 634 5 7 7 9 11 17 20 22 25 26
0 2 76 142 219 274 341 408 449 511 574 654 2 3 6 7 9 10 11 12 13 16
0 3 76 158 227 274 319 383 455 538 599 676 3 4 5 6 8 8 11 13 15 16
0 4 77 149 214 266 349 427 485 553 619 674 4 8 8 9 13 14 14 16 16 17
0 5 90 146 205 261 322 394 457 501 566 634 2 3 6 10 13 15 17 18 21 27
0 6 58 115 186 256 318 386 438 502 574 655 0 1 4 5 9 12 13 14 18 20
0 7 62 146 205 268 328 398 449 520 586 644 1 5 10 12 14 16 16 18 21 22
0 8 70 134 195 250 310 380 448 495 570 630 5 11 14 14 14 18 23 25 32 35
0 9 56 121 187 252 299 388 460 522 580 633 3 5 8 8 10 14 15 16 18 21
0 10 64 134 210 262 336 410 471 516 591 647 2 4 6 8 10 10 10 11 11 12
1 0 76 144 198 253 326 376 443 503 566 617 1 3 5 7 10 14 18 21 21 24
1 1 80 154 230 301 354 417 487 545 615 676 4 5 8 11 16 20 21 24 25 28
1 2 69 138 206 262 320 386 451 504 571 640 6 7 8 11 14 16 19 25 28 31
1 3 70 128 191 246 325 398 451 526 588 642 4 7 8 8 9 12 15 17 20 23
1 4 76 143 205 276 316 376 436 493 560 629 3 4 5 12 14 16 20 23 26 27
1 5 74 140 209 296 357 426 490 561 626 695 3 7 9 12 13 14 17 22 25 27
1 6 67 136 198 269 328 383 448 518 578 643 3 4 9 10 11 11 14 14 15 19
1 7 80 135 197 255 313 350 404 458 530 596 5 9 10 12 13 14 16 19 21 23
1 8 70 146 211 262 323 389 444 503 558 638 3 7 10 14 15 16 19 20 20 20
1 9 74 129 181 242 293 370 433 518 574 625 4 4 5 8 10 14 14 15 19 19
1 10 83 154 232 304 366 414 482 540 603 660 4 8 9 9 9 9 11 13 13 13
2 0 75 127 179 233 302 366 426 489 553 630 3 5 7 8 14 14 16 20 25 30
2 1 66 139 207 269 321 382 437 506 566 638 2 5 6 9 9 10 11 16 18 20
2 2 83 148 226 270 330 400 468 522 567 649 2 4 6 7 9 9 10 11 11 14
2 3 53 134 194 255 337 402 459 521 583 644 3 7 8 11 11 12 16 23 23 26
2 4 83 152 222 295 345 411 472 544 606 678 1 3 6 7 9 9 12 13 14 14
2 5 68 125 191 259 335 406 472 530 580 650 4 4 9 11 14 17 19 20 22 25
2 6 69 142 209 261 322 404 458 521 577 639 0 2 2 6 9 12 14 16 18 21
2 7 61 122 172 244 329 387 434 499 565 622 2 3 4 4 8 9 9 10 13 14
2 8 60 124 181 250 310 391 455 524 569 627 3 8 10 10 12 17 20 21 22 23
2 9 65 124 183 247 297 346 406 451 518 578 4 6 6 9 14 18 19 21 22 26
2 10 73 137 188 261 344 403 479 543 594 648 2 3 4 6 8 10 12 13 13 14
3 0 41 118 196 261 319 383 447 517 594 657 2 3 4 7 7 8 12 16 18 18
3 1 61 105 157 216 264 316 367 422 461 504 5 5 7 7 8 12 13 13 14 15
3 2 65 114 179 241 291 359 418 481 542 610 1 3 5 7 12 13 13 16 18 18
3 3 80 154 236 322 381 458 522 590 636 697 4 4 11 14 14 19 22 24 25 26
3 4 84 155 222 284 356 408 484 548 618 681 2 3 5 7 7 7 10 15 15 15
3 5 71 137 207 266 337 385 442 510 591 647 0 1 1 2 6 8 10 11 15 17
3 6 77 157 208 268 329 378 419 480 529 588 1 2 7 8 9 10 10 16 18 18
3 7 65 119 192 265 318 377 447 502 568 623 3 4 6 8 13 15 16 19 20 21
3 8 75 145 195 246 298 368 417 472 523 570 2 4 6 10 12 14 16 18 18 21
3 9 61 117 191 246 319 371 418 480 552 602 5 6 7 7 9 9 11 13 15 15
3 10 74 138 198 257 317 371 427 484 560 611 2 2 6 8 9 9 12 14 17 19
4 0 69 123 174 244 329 401 452 519 586 632 3 4 5 7 10 13 13 15 16 18
4 1 79 142 197 275 341 396 465 534 576 635 3 6 8 11 13 14 20 24 26 26
4 2 68 128 186 256 313 378 437 498 562 618 5 6 10 11 13 15 17 17 18 19
4 3 70 122 181 229 292 358 427 497 559 632 4 5 8 12 15 17 20 20 22 23
4 4 64 134 200 251 306 368 430 474 533 596 4 9 13 13 14 15 16 18 19 20
4 5 73 134 198 270 330 389 457 494 544 606 1 3 4 4 5 8 12 13 15 16
4 6 61 127 194 271 328 383 468 530 584 648 2 5 8 9 11 15 15 16 17 18
4 7 67 127 188 237 276 324 381 414 474 530 4 7 10 13 14 16 19 20 22 26
4 8 72 125 194 269 340 412 460 527 575 627 3 4 5 5 5 5 5 7 11 13
4 9 66 124 191 263 316 382 458 514 547 593 1 4 5 9 11 12 13 15 15 16
4 10 49 121 172 221 277 332 401 445 498 546 1 3 5 6 8 8 10 10 10 12
5 0 66 145 203 256 301 366 430 509 573 615 1 2 3 3 5 9 10 15 16 21
5 1 78 154 223 302 371 427 491 548 613 683 3 4 7 8 10 10 12 15 18 20
5 2 80 154 234 285 348 417 466 527 592 655 3 3 4 5 6 8 9 12 12 13
5 3 63 133 199 261 331 386 452 524 583 639 5 7 7 9 10 12 12 14 16 16
5 4 69 120 176 234 304 371 407 480 547 614 0 1 1 3 5 6 6 10 10 13
5 5 68 118 179 249 297 356 426 490 559 628 2 3 3 5 6 7 10 12 14 16
5 6 74 141 222 298 364 417 483 549 603 661 2 7 9 16 18 18 22 24 26 26
5 7 83 144 194 269 335 405 456 492 568 635 1 2 2 5 7 9 11 13 13 14
5 8 71 148 206 280 337 403 457 516 567 627 1 3 4 7 9 11 13 17 17 18
5 9 80 144 220 298 344 399 462 512 563 617 6 7 9 10 10 12 12 13 14 16
5 10 66 121 170 231 273 338 393 468 515 568 5 7 9 10 12 15 15 20 21 22
6 0 60 115 179 251 302 355 419 489 565 652 3 4 5 6 8 10 12 15 17 23
6 1 79 143 209 268 326 375 426 479 543 595 0 0 2 3 5 8 10 10 14 16
6 2 91 158 222 277 314 381 439 497 558 611 8 9 11 12 13 14 15 16 20 21
6 3 59 116 191 255 320 374 423 491 547 608 2 4 4 6 10 12 12 12 14 15
6 4 85 144 188 258 312 375 422 481 533 608 4 4 5 7 9 10 11 11 13 15
6 5 70 133 194 249 305 361 408 464 512 574 1 1 2 2 3 5 7 7 8 9
6 6 81 149 215 271 326 372 440 506 574 648 3 6 9 11 13 14 18 19 23 27
6 7 95 160 230 278 336 397 451 510 567 630 1 2 3 3 6 7 7 8 10 14
6 8 67 111 171 243 305 364 424 493 556 621 3 3 3 4 5 5 5 6 8 11
6 9 83 134 189 250 314 376 438 498 546 587 3 4 4 5 7 8 11 16 17 18
6 10 81 146 208 263 323 378 438 485 568 619 4 5 9 12 12 14 18 19 21 24
7 0 74 141 214 274 341 398 482 529 590 645 7 8 11 14 16 19 19 20 22 26
7 1 60 126 196 258 300 364 429 481 548 599 3 6 9 15 19 21 25 27 29 30
7 2 68 126 199 275 338 423 490 537 593 643 2 5 8 12 14 17 19 21 22 22
7 3 74 154 208 275 337 403 477 555 606 672 5 8 10 13 15 15 15 17 17 20
7 4 53 112 190 253 330 394 440 498 558 609 2 6 7 8 11 16 18 20 22 24
7 5 64 131 201 267 331 384 441 489 535 598 5 8 9 13 15 15 18 19 22 25
7 6 60 128 195 252 308 370 425 488 554 615 3 4 4 6 7 7 7 8 11 14
7 7 53 116 174 218 294 364 420 477 543 618 0 1 6 8 13 16 17 17 17 19
7 8 69 117 191 256 310 366 425 464 512 556 1 3 7 10 11 13 14 14 14 18
7 9 78 148 205 262 311 370 432 506 564 605 4 7 9 10 11 11 11 11 14 16
7 10 60 130 186 236 303 371 431 489 548 602 0 2 2 3 8 9 13 15 16 17
8 0 53 118 173 243 300 363 411 473 554 613 0 4 4 9 12 14 15 20 21 22
8 1 78 142 203 252 301 346 400 466 536 599 0 2 3 6 9 12 12 13 16 20
8 2 56 114 174 218 271 343 404 442 499 559 3 7 10 10 10 12 14 18 19 20
8 3 86 147 202 269 326 385 438 515 557 621 3 5 11 15 16 16 17 19 19 19
8 4 82 143 204 273 338 398 447 503 565 626 5 7 8 9 12 13 15 16 20 20
8 5 75 135 195 260 329 393 448 510 581 640 6 10 14 15 16 16 18 23 25 26
8 6 78 143 218 287 341 386 440 495 549 614 1 5 8 9 10 14 16 18 18 20
8 7 61 124 185 233 300 351 395 453 501 555 4 10 13 15 15 17 18 18 20 23
8 8 63 122 173 230 285 327 374 420 488 538 0 2 5 7 8 8 10 11 13 14
8 9 89 155 221 271 327 375 429 486 550 601 6 9 12 12 13 16 19 22 22 23
8 10 79 118 194 236 313 375 426 466 530 588 2 3 3 4 7 10 10 13 13 18
9 0 63 141 209 276 346 397 473 529 582 647 2 3 5 9 12 15 15 15 15 16
9 1 66 122 180 237 297 348 415 464 533 588 4 5 9 13 13 14 17 18 20 21
9 2 68 136 197 246 313 366 408 464 533 586 3 6 9 10 11 13 15 16 19 22
9 3 65 121 170 238 287 344 403 466 544 608 1 4 5 7 8 10 10 13 13 16
9 4 72 115 181 241 312 378 443 504 576 637 1 3 5 5 7 7 10 10 10 13
9 5 79 156 209 266 323 395 445 513 563 611 5 9 11 11 14 16 16 17 19 21
9 6 88 151 224 296 361 430 490 550 617 675 3 6 10 10 12 12 13 15 17 18
9 7 90 140 205 266 324 375 429 496 559 621 3 9 11 11 11 12 13 14 14 16
9 8 75 132 183 236 281 319 370 422 485 531 0 0 0 3 4 4 7 9 13 14
9 9 73 139 195 271 333 391 440 477 534 587 1 4 7 9 9 10 10 11 13 14
9 10 75 143 198 247 309 364 419 471 523 580 2 3 3 5 6 6 6 7 7 10
10 0 76 138 194 252 323 379 435 508 543 599 1 2 3 5 7 9 10 11 12 15
10 1 73 136 201 263 330 397 446 512 552 611 0 8 9 11 15 16 20 22 26 29
10 2 90 163 225 292 359 421 482 554 620 674 1 4 9 12 16 18 19 22 23 25
10 3 65 131 178 241 294 357 424 478 544 616 4 7 7 8 10 10 11 14 15 18
10 4 76 136 195 248 291 349 406 447 517 554 4 5 6 7 8 8 12 14 15 15
10 5 56 132 191 243 267 308 365 445 507 566 2 5 6 7 7 10 10 13 16 17
10 6 74 129 181 250 302 346 404 463 521 585 4 4 4 5 10 14 14 18 19 19
10 7 72 136 194 236 301 377 430 483 552 614 3 4 5 6 6 9 9 10 13 15
10 8 54 119 158 214 289 361 410 465 527 593 3 6 7 9 10 11 13 14 15 17
10 9 77 140 204 266 317 361 425 473 529 586 3 5 6 10 11 11 16 16 18 20
10 10 68 144 200 256 319 393 456 503 561 606 3 5 9 12 15 18 20 24 26 26