0 0 79 142 214 268 329 400 468 545 596 672 2 3 5 7 9 11 12 14 17 25
0 1 68 146 209 263 322 394 470 544 607 673 3 8 12 15 18 20 23 23 27 28
0 2 87 154 210 278 351 414 467 526 579 641 0 3 4 5 7 10 10 13 14 17
0 3 59 129 189 242 309 383 453 525 569 643 3 7 9 13 14 14 19 21 23 26
0 4 78 164 239 301 351 423 489 557 623 687 3 7 11 13 14 16 16 19 19 21
0 5 65 137 180 239 304 372 450 503 562 618 2 4 4 4 7 8 11 15 20 20
0 6 79 153 221 281 354 428 495 570 628 688 5 8 11 15 18 21 22 26 27 29
0 7 85 149 218 281 347 414 460 536 592 671 1 3 7 12 16 16 16 17 18 24
0 8 72 151 212 269 340 411 466 533 585 642 4 7 9 9 12 13 15 18 21 23
0 9 64 122 172 231 322 373 437 503 565 631 1 4 8 10 10 14 19 21 22 25
0 10 60 120 183 257 336 394 466 546 595 639 5 8 9 12 13 15 20 26 30 31
1 0 75 139 179 227 295 358 430 506 558 622 4 4 6 6 6 8 11 16 21 25
1 1 73 123 192 262 319 379 431 490 538 607 3 4 8 9 10 10 10 10 11 17
1 2 64 141 213 252 305 370 433 493 549 621 4 8 12 13 15 20 20 20 21 23
1 3 76 146 189 252 322 380 442 506 570 629 3 5 7 7 8 9 9 13 14 19
1 4 73 141 194 254 318 381 428 475 546 602 3 5 6 8 11 15 16 19 21 25
1 5 64 126 184 257 316 361 437 505 561 622 3 7 10 10 17 20 22 22 24 27
1 6 66 122 187 231 292 346 399 454 516 585 1 2 3 4 7 7 10 14 15 17
1 7 62 136 201 266 329 393 463 509 582 646 2 2 6 7 9 10 13 15 18 18
1 8 72 115 184 242 299 351 414 470 551 600 1 1 2 4 10 11 13 13 15 15
1 9 69 118 186 262 338 403 452 510 587 655 3 5 6 6 8 11 11 12 15 16
1 10 69 142 211 270 336 399 454 528 594 653 2 4 6 10 15 17 17 18 20 20
2 0 67 116 175 229 290 337 410 473 514 578 4 5 6 6 6 6 6 9 12 15
2 1 74 140 201 244 300 358 422 484 550 622 3 6 9 9 9 9 9 9 9 12
2 2 60 132 198 242 287 345 398 460 519 573 2 3 3 4 6 9 10 10 11 13
2 3 63 120 175 243 317 362 418 481 560 615 2 6 8 10 16 19 21 24 25 27
2 4 90 166 215 276 327 378 441 507 567 635 1 3 4 6 9 10 13 13 13 14
2 5 92 148 211 294 356 414 463 522 576 635 3 4 7 10 12 16 16 19 19 20
2 6 71 111 178 244 316 381 454 536 583 651 8 8 8 10 12 13 13 16 17 18
2 7 85 145 202 268 318 368 432 482 545 602 2 3 6 8 10 11 15 16 19 22
2 8 70 123 165 221 269 332 403 472 545 599 2 3 5 5 8 8 10 11 13 13
2 9 69 135 204 258 327 374 428 475 524 578 3 6 10 14 15 15 17 17 19 22
2 10 72 142 214 282 325 392 455 498 551 617 3 9 12 12 14 17 22 23 23 23
3 0 68 136 202 274 323 376 424 476 545 617 2 6 8 9 12 12 15 20 23 23
3 1 69 131 195 273 343 401 456 525 595 649 2 3 7 12 16 18 19 22 22 22
3 2 74 122 185 259 305 367 417 480 532 606 1 2 4 6 7 10 13 15 18 18
3 3 52 136 196 261 334 401 467 504 560 603 1 3 4 5 9 13 15 15 17 19
3 4 66 118 192 259 334 392 442 507 551 616 4 8 10 18 21 21 25 26 28 28
3 5 82 148 222 280 342 419 478 527 567 611 2 5 7 8 9 10 10 14 15 15
3 6 67 123 181 239 309 373 432 498 566 634 2 4 4 8 10 12 14 16 17 18
3 7 98 139 200 263 329 381 433 502 582 640 4 5 6 8 11 18 18 21 24 27
3 8 72 132 196 237 293 375 439 501 557 605 4 6 8 9 10 12 13 15 16 17
3 9 76 130 198 256 303 364 422 487 549 610 1 3 6 8 9 12 14 14 14 14
3 10 58 127 195 259 337 397 455 512 572 625 1 3 7 8 8 11 12 13 13 13
4 0 65 124 178 221 276 346 411 480 533 578 2 7 10 11 14 16 17 18 19 20
4 1 67 136 190 249 312 374 429 485 539 593 2 2 4 6 7 7 9 10 11 16
4 2 75 134 191 261 326 367 439 499 551 606 9 10 11 13 17 17 20 23 30 32
4 3 72 137 210 250 312 370 423 483 546 597 3 4 9 10 12 16 18 19 20 20
4 4 67 130 206 266 333 398 467 545 595 663 3 4 6 7 8 12 15 18 19 21
4 5 79 133 200 272 336 405 464 516 570 630 1 3 4 9 12 12 15 17 17 18
4 6 75 138 198 269 334 413 475 532 587 649 3 5 5 7 8 10 14 15 17 17
4 7 70 107 159 237 289 337 412 483 510 576 3 6 6 7 7 9 10 11 12 15
4 8 66 123 180 248 287 334 374 458 500 532 5 7 8 10 10 11 11 15 19 19
4 9 67 135 195 255 302 360 431 485 544 594 4 6 8 9 9 11 13 15 17 20
4 10 73 138 196 254 333 398 452 518 567 634 0 3 4 5 9 13 13 15 17 18
5 0 92 155 210 271 326 387 451 496 571 615 5 7 9 12 13 14 15 15 16 16
5 1 67 149 218 286 362 431 479 536 595 665 4 8 11 15 16 16 18 21 21 24
5 2 73 132 202 282 360 417 472 541 604 674 4 5 5 5 5 6 9 11 11 14
5 3 75 141 217 278 338 393 456 506 574 650 3 5 7 11 13 13 13 14 15 19
5 4 65 136 194 264 318 377 435 497 564 623 2 3 4 6 6 9 11 11 14 20
5 5 78 143 216 266 327 392 461 526 587 649 1 4 5 6 9 12 16 17 21 23
5 6 62 138 200 266 342 398 457 513 583 635 0 2 4 8 9 11 13 15 15 15
5 7 87 158 218 284 342 385 432 483 547 618 6 6 7 9 9 12 12 13 16 18
5 8 58 101 159 222 286 344 406 446 521 587 0 2 2 4 6 7 9 9 10 10
5 9 70 133 183 256 311 376 433 485 545 602 5 7 10 12 15 15 17 18 23 25
5 10 70 120 183 245 279 321 356 395 463 507 3 4 5 8 9 9 12 13 13 15
6 0 75 142 206 269 316 393 468 531 600 654 3 4 6 8 10 14 14 16 19 20
6 1 68 132 202 281 326 386 454 514 577 643 3 7 7 11 13 16 20 24 28 31
6 2 72 158 215 280 348 406 470 522 563 617 4 5 7 8 10 14 14 17 19 20
6 3 73 133 190 254 312 377 460 536 606 650 3 4 7 8 9 12 12 15 16 16
6 4 76 131 185 249 291 361 418 455 513 569 3 5 5 9 9 9 9 10 10 10
6 5 72 141 200 261 314 394 454 499 543 592 4 5 6 8 8 11 11 13 14 18
6 6 56 119 165 222 277 339 396 448 490 541 7 9 11 11 12 15 17 20 21 23
6 7 59 139 217 272 342 404 441 489 557 625 1 3 8 8 9 13 17 18 19 21
6 8 62 133 191 253 314 380 435 484 527 590 2 3 6 8 11 11 12 13 13 16
6 9 78 141 183 247 322 365 407 459 509 563 4 6 7 8 9 11 14 15 18 21
6 10 62 131 165 213 268 312 365 420 466 532 2 5 6 7 8 9 13 16 17 19
7 0 76 144 199 271 343 388 445 511 570 630 5 5 5 6 7 8 9 10 11 11
7 1 73 128 191 254 307 370 434 501 564 627 2 4 7 7 9 10 12 14 17 17
7 2 60 121 169 228 301 351 417 474 534 613 1 3 3 3 4 5 7 9 10 11
7 3 63 112 157 225 278 342 407 451 493 552 5 5 7 10 11 11 13 13 13 14
7 4 66 124 180 255 321 383 450 522 587 644 1 2 5 5 9 10 11 11 12 12
7 5 47 92 157 227 275 322 378 439 504 558 2 3 6 9 11 11 12 13 14 15
7 6 65 130 196 246 296 338 397 474 529 597 3 5 9 12 12 12 13 14 15 18
7 7 62 130 200 260 313 374 423 474 519 578 3 4 8 8 8 9 11 11 11 12
7 8 87 166 234 305 351 401 449 508 555 601 3 4 7 11 13 16 18 18 19 19
7 9 62 111 185 248 316 373 432 479 530 584 6 6 11 12 12 13 13 16 18 19
7 10 67 123 185 245 297 345 409 468 524 598 5 7 9 11 13 14 14 15 16 20
8 0 79 147 210 278 332 377 433 488 562 613 1 1 1 1 2 4 5 5 5 5
8 1 69 148 217 263 324 398 461 531 579 631 2 5 6 6 9 16 19 19 22 25
8 2 62 135 201 253 314 368 426 499 564 630 3 5 8 9 12 14 14 15 19 21
8 3 62 132 174 238 308 380 441 502 561 611 1 3 5 7 7 9 11 13 14 14
8 4 79 147 203 258 312 373 455 522 574 621 2 5 5 7 9 14 16 17 19 22
8 5 56 119 181 246 305 356 417 499 542 609 1 3 6 9 10 10 10 12 13 14
8 6 47 105 154 211 270 326 374 432 483 522 2 5 5 5 7 10 11 12 13 13
8 7 82 138 197 250 314 375 445 493 558 610 3 6 10 12 15 15 19 24 25 25
8 8 73 127 183 241 289 334 383 452 511 564 4 5 8 11 11 12 14 14 15 15
8 9 69 126 175 236 295 337 379 436 494 552 8 10 10 12 14 15 16 16 17 19
8 10 61 139 206 278 343 392 441 507 577 635 1 5 6 8 8 8 9 11 13 15
9 0 77 126 203 266 326 403 460 519 581 641 5 6 6 8 9 9 10 14 14 14
9 1 81 165 240 300 378 439 495 566 623 684 5 6 9 10 13 17 18 20 21 24
9 2 57 120 185 259 330 403 468 519 578 640 1 1 2 5 7 9 9 13 14 15
9 3 69 133 195 251 308 359 400 462 523 565 1 1 5 8 8 11 11 12 14 15
9 4 77 141 213 296 351 420 480 533 606 665 5 6 10 11 11 12 14 15 16 16
9 5 72 133 196 259 316 372 446 516 580 639 2 4 6 9 9 10 13 14 14 14
9 6 81 153 211 263 318 395 448 514 583 648 1 4 5 6 8 10 11 12 14 14
9 7 64 137 190 267 327 382 442 498 556 616 5 8 8 11 15 17 20 20 21 23
9 8 63 123 185 237 304 361 411 462 501 570 4 6 9 9 11 13 15 16 17 17
9 9 81 150 223 254 307 371 424 503 555 613 4 7 8 9 10 11 13 14 15 18
9 10 65 119 173 219 293 351 418 476 516 591 2 5 7 9 9 9 11 15 15 17
10 0 69 124 209 272 330 400 442 501 583 651 3 6 8 8 9 12 14 14 17 22
10 1 71 141 212 271 348 420 489 546 611 684 1 6 8 10 14 14 17 19 19 24
10 2 71 118 189 257 311 372 444 499 545 595 2 3 5 9 14 18 19 21 23 24
10 3 76 146 217 256 319 379 447 496 554 618 1 3 5 5 6 7 10 12 14 16
10 4 81 128 188 263 330 394 458 509 582 638 3 3 5 7 8 9 10 13 13 14
10 5 57 120 173 245 302 356 406 452 501 554 0 4 6 12 13 14 14 17 18 19
10 6 58 121 163 223 296 339 407 468 522 572 3 5 6 9 11 13 15 17 19 23
10 7 70 127 170 235 299 350 389 445 502 551 4 5 8 9 12 13 15 16 17 17
10 8 73 142 214 268 328 396 455 517 558 611 1 6 9 13 16 17 17 19 19 22
10 9 66 125 190 241 294 351 406 452 513 572 1 2 5 7 10 11 12 14 15 16
10 10 81 148 200 266 312 378 424 479 544 590 5 9 11 12 13 16 16 19 20 21