0 0 69 141 201 262 333 396 464 531 596 655 4 7 12 13 18 18 22 24 25 28
0 1 70 155 220 291 358 433 482 549 639 710 5 6 8 14 15 18 21 27 29 32
0 2 87 160 226 301 352 413 473 549 613 667 5 6 8 10 11 12 14 15 19 24
0 3 51 106 162 211 278 347 403 460 528 578 3 7 10 11 13 14 15 20 23 25
0 4 60 124 190 289 346 427 481 536 601 660 1 1 3 6 8 13 14 18 19 22
0 5 61 125 196 264 342 417 482 534 599 677 6 9 9 10 12 13 15 15 17 20
0 6 76 117 178 241 299 364 432 506 572 612 4 7 9 11 11 14 17 18 22 24
0 7 77 131 193 254 311 380 444 492 551 615 4 4 7 8 11 17 18 20 21 23
0 8 92 160 221 304 364 415 477 536 598 686 4 4 6 9 12 13 17 23 24 26
0 9 68 140 185 246 316 364 421 489 557 623 4 5 7 9 10 10 12 15 18 20
0 10 58 117 189 266 326 383 435 505 571 640 2 6 6 10 10 12 14 15 19 19
1 0 65 135 192 253 302 370 427 492 552 605 7 8 11 15 16 18 19 21 22 25
1 1 47 104 173 242 292 369 435 501 546 617 0 2 4 4 5 8 9 9 12 16
1 2 71 143 188 246 304 355 427 483 535 599 4 5 6 11 12 13 14 16 16 20
1 3 66 131 196 270 325 399 476 537 595 652 4 4 8 9 11 13 16 17 17 20
1 4 81 146 217 289 352 434 499 576 643 709 3 6 9 9 13 20 20 22 23 27
1 5 75 150 223 273 345 409 456 510 586 636 3 8 9 10 10 11 12 12 15 21
1 6 69 131 191 264 326 379 443 505 577 653 2 6 7 8 9 9 11 12 16 18
1 7 72 150 215 287 338 389 446 498 564 626 2 3 4 4 7 8 8 8 8 10
1 8 70 133 186 249 320 369 424 470 533 583 3 5 10 11 15 15 16 16 17 19
1 9 71 134 187 257 327 371 426 486 532 617 5 7 8 9 14 14 15 19 21 23
1 10 71 125 195 271 334 402 461 528 597 648 4 7 7 8 8 10 11 14 16 17
2 0 64 133 193 255 317 372 460 514 563 617 2 3 3 6 7 9 9 9 12 14
2 1 61 110 175 224 279 334 384 430 487 533 2 4 5 7 9 12 15 19 21 23
2 2 74 139 205 268 347 386 452 508 578 632 4 6 7 11 13 14 17 21 22 22
2 3 78 160 224 276 344 396 453 514 574 644 2 5 7 9 10 11 12 14 16 21
2 4 52 98 145 205 257 315 388 447 497 565 1 2 3 5 7 9 9 12 12 13
2 5 52 131 195 254 308 387 448 506 556 606 8 8 9 12 14 15 15 16 20 21
2 6 77 162 217 286 334 373 433 477 548 610 5 7 8 9 9 10 10 11 13 14
2 7 61 126 186 264 336 393 456 516 563 617 2 4 6 8 10 10 13 16 17 20
2 8 77 147 213 274 322 386 459 524 593 643 2 6 8 9 9 9 11 13 15 16
2 9 61 112 174 253 333 386 445 513 565 623 5 6 7 10 11 13 15 18 18 19
2 10 83 148 212 265 314 384 443 503 572 628 1 3 3 6 11 14 18 20 23 24
3 0 66 117 187 244 311 372 434 492 559 627 0 2 5 5 6 8 10 10 10 11
3 1 85 152 214 303 358 419 493 545 596 682 3 4 4 8 9 13 14 17 18 21
3 2 64 132 186 255 314 376 426 494 544 599 2 3 5 7 10 12 13 15 15 22
3 3 66 136 187 241 302 367 422 481 536 594 5 8 9 12 18 19 21 23 26 28
3 4 66 114 169 224 288 343 406 447 517 592 2 3 4 8 8 11 15 15 17 20
3 5 67 133 197 270 342 407 470 531 590 655 3 5 6 7 8 8 11 13 15 17
3 6 68 135 192 266 329 372 435 496 565 628 5 6 6 12 12 13 16 17 20 21
3 7 87 158 232 288 339 391 448 508 552 600 3 3 7 9 9 12 12 13 13 14
3 8 51 94 160 216 274 327 369 424 500 555 1 3 6 7 9 10 11 11 11 12
3 9 80 161 200 265 311 375 421 473 542 590 0 2 4 4 4 4 5 7 8 9
3 10 67 135 206 262 319 370 439 501 547 613 7 8 11 14 14 16 17 19 19 21
4 0 77 158 220 301 365 427 488 562 630 692 3 4 4 8 8 9 12 12 13 15
4 1 67 130 184 256 313 381 438 492 561 617 8 11 15 17 18 20 23 25 27 29
4 2 74 152 212 274 329 390 451 508 561 626 4 5 6 10 14 16 17 19 20 21
4 3 85 153 209 271 317 392 467 515 568 638 6 6 9 12 15 17 19 19 22 23
4 4 68 122 184 251 315 381 447 498 542 607 2 5 8 10 11 12 14 16 17 20
4 5 55 127 211 274 338 405 466 501 579 635 3 3 5 6 8 10 12 14 16 18
4 6 74 146 209 280 338 394 443 510 558 606 2 3 6 7 7 8 9 10 14 16
4 7 82 136 193 253 307 350 397 451 505 561 0 4 7 7 7 7 8 10 10 12
4 8 71 145 211 251 295 354 436 503 567 627 3 4 4 4 7 8 11 16 19 20
4 9 78 155 196 265 326 388 443 502 564 614 6 6 9 14 15 16 16 17 19 21
4 10 68 134 194 254 323 386 424 468 508 561 6 6 7 7 8 9 11 14 16 21
5 0 77 138 207 275 327 389 437 488 550 615 1 3 5 8 10 10 10 14 15 17
5 1 75 149 216 268 345 413 480 529 609 662 3 6 11 12 15 16 16 17 17 17
5 2 78 136 202 245 295 357 416 462 538 616 2 7 8 10 11 11 12 13 19 22
5 3 76 130 192 267 327 386 453 516 582 642 2 5 7 10 10 13 14 16 20 21
5 4 63 147 197 254 314 378 448 511 566 635 4 8 10 16 20 20 21 22 23 23
5 5 71 142 201 245 309 380 440 498 552 600 3 6 10 13 15 15 17 19 21 25
5 6 64 120 167 234 284 328 399 455 517 550 3 4 5 8 11 11 12 15 18 19
5 7 57 122 186 235 314 365 417 498 561 612 3 5 7 8 11 12 14 15 16 17
5 8 85 139 208 279 348 403 442 510 577 653 4 6 7 8 12 14 14 20 22 25
5 9 75 142 189 238 311 372 421 489 540 604 3 5 8 11 12 13 16 20 20 22
5 10 66 108 166 225 273 329 372 429 486 541 2 2 4 8 8 9 10 13 14 19
6 0 73 116 179 256 319 378 444 496 565 619 2 6 6 6 8 10 13 13 14 17
6 1 68 141 191 278 346 409 450 510 566 638 3 6 6 8 10 12 12 13 14 18
6 2 75 140 194 257 321 382 438 494 554 627 3 6 8 10 14 14 15 17 19 19
6 3 60 114 177 226 307 372 434 520 582 641 2 2 5 11 12 13 14 17 17 19
6 4 62 114 174 224 282 346 405 470 510 575 3 6 9 11 13 15 17 18 18 22
6 5 70 136 204 257 337 398 469 535 585 658 3 4 5 6 10 12 13 13 13 17
6 6 72 143 212 276 334 405 476 527 580 646 3 4 9 11 12 15 16 17 17 17
6 7 81 144 221 288 355 410 471 508 565 622 3 4 6 7 11 11 12 14 17 19
6 8 65 136 185 259 318 404 480 550 613 684 4 7 7 8 9 11 13 15 18 20
6 9 71 129 172 235 278 339 383 450 516 549 2 4 5 7 9 11 11 11 14 14
6 10 80 161 231 281 353 403 456 510 563 612 4 6 8 9 9 10 10 13 16 18
7 0 72 134 196 254 304 377 426 487 541 607 7 8 10 12 14 17 22 24 24 28
7 1 69 146 221 293 346 416 471 547 602 657 4 5 7 7 10 13 15 18 20 22
7 2 69 123 192 262 336 403 447 510 569 636 2 4 5 7 11 11 12 14 16 17
7 3 64 115 194 282 345 416 482 525 593 660 3 4 10 11 13 15 16 17 23 24
7 4 59 124 189 264 310 389 453 529 592 642 2 4 4 6 7 7 10 10 10 11
7 5 77 126 183 238 305 351 409 468 526 570 8 10 11 12 14 15 17 18 18 18
7 6 65 120 188 252 327 389 446 507 577 645 0 4 7 11 13 15 17 21 22 26
7 7 75 133 187 240 317 374 441 507 574 618 1 2 2 2 5 9 11 12 13 14
7 8 65 131 191 238 294 343 391 447 484 550 3 5 6 8 8 9 9 10 11 14
7 9 80 150 201 256 320 362 425 489 539 598 3 6 8 9 11 12 15 15 15 15
7 10 75 137 202 262 313 367 417 476 510 555 5 6 10 11 11 14 16 19 20 20
8 0 61 120 183 245 308 365 418 465 528 584 2 4 5 8 9 10 11 13 14 15
8 1 68 128 203 262 327 390 448 519 583 632 2 4 4 7 7 10 11 12 14 15
8 2 72 143 193 234 289 358 430 498 577 657 5 9 11 11 13 19 19 24 27 32
8 3 70 122 199 251 318 391 440 503 568 613 2 2 4 5 7 8 9 12 13 15
8 4 68 148 205 271 326 381 448 504 565 606 3 7 8 12 13 13 16 19 24 25
8 5 83 130 194 257 318 371 428 488 546 598 3 6 10 10 12 12 15 18 21 23
8 6 55 105 188 249 329 388 461 497 544 604 3 4 5 8 10 10 14 16 18 19
8 7 57 107 173 231 290 348 408 462 505 570 0 4 9 10 10 10 12 13 16 17
8 8 78 146 200 286 349 390 459 510 580 645 1 3 5 6 7 7 8 10 13 16
8 9 69 127 176 231 290 366 415 473 516 572 2 2 3 4 6 10 12 13 14 15
8 10 69 131 199 246 298 348 409 443 490 548 1 1 5 8 10 12 18 18 19 19
9 0 69 134 216 278 328 391 449 527 596 655 3 3 3 6 6 8 9 13 18 22
9 1 58 124 173 248 321 377 436 504 568 631 3 6 7 8 8 11 12 17 19 19
9 2 69 129 180 248 313 368 445 518 568 614 2 4 4 4 5 5 7 7 8 9
9 3 82 146 203 276 357 406 449 508 567 615 2 5 6 7 9 11 15 16 17 18
9 4 81 164 224 296 370 439 507 596 650 712 9 12 12 12 13 15 19 26 27 29
9 5 59 117 186 242 290 358 424 472 522 584 2 4 5 5 6 6 9 12 13 16
9 6 57 111 181 233 294 348 409 461 498 548 3 4 8 11 13 15 16 19 20 20
9 7 71 125 187 250 314 362 418 474 533 585 6 7 10 13 17 18 19 20 27 29
9 8 73 138 208 279 345 400 458 523 586 657 6 8 10 11 11 14 17 20 22 25
9 9 71 116 171 240 296 364 416 483 523 587 2 2 4 5 7 9 9 10 11 13
9 10 62 128 189 250 308 349 371 420 477 533 0 3 5 5 6 6 6 9 10 11
10 0 65 128 174 223 297 379 422 493 539 611 4 6 7 8 10 13 15 16 18 18
10 1 70 128 193 254 311 370 432 499 562 621 3 5 6 6 6 9 14 17 19 19
10 2 53 115 189 253 312 375 445 506 559 615 0 2 4 4 4 8 9 10 14 15
10 3 71 133 193 248 316 378 435 491 548 613 2 2 2 3 7 10 11 11 12 12
10 4 66 132 197 267 324 383 449 509 568 620 3 8 8 10 15 17 18 21 21 22
10 5 65 116 177 241 301 357 430 486 559 629 2 3 6 8 10 12 13 19 19 21
10 6 69 135 190 274 331 389 452 508 565 597 5 9 10 11 13 17 18 20 20 20
10 7 76 149 209 250 306 369 431 485 549 607 0 3 4 8 12 12 13 16 18 19
10 8 72 128 171 213 263 322 382 444 497 556 3 5 6 6 6 6 7 8 8 9
10 9 63 136 191 241 304 356 406 450 489 540 2 4 5 9 11 12 14 16 18 19
10 10 75 141 192 258 333 396 440 491 550 605 4 11 13 17 19 20 21 26 26 26