0 0  775 1676 2326 3309 4351 4886 6039 6994 7523 8377
0 1  588 1527 2323 3071 3933 4851 5667 6561 7270 8628
0 2  1181 1736 2703 4122 4680 5704 6727 7369 8267 8979
0 3  844 1225 1735 2377 3516 4216 4748 6473 7147 7754
0 4  939 1699 2511 3474 4335 5613 5962 7405 8158 8699
0 5  1669 2669 3378 3932 4705 5524 7055 7919 8784 9857
0 6  1294 2262 2904 3763 4630 5220 6065 6500 7223 7987
0 7  356 871 1396 1715 2203 2695 3607 3946 4530 5187
0 8  1181 1832 2909 3523 4449 5494 6304 7431 7727 8351
0 9  1052 1657 2599 3840 4273 5016 5741 6956 7820 8859
0 10  807 2363 2921 3465 4213 4883 6070 6866 7892 8912
1 0  850 1545 2190 2401 2814 3264 3636 3865 4261 4723
1 1  535 1296 1890 2243 2647 2942 3162 3654 4026 4354
1 2  520 1256 1695 2343 2620 2870 3271 3542 3842 4058
1 3  1330 2074 2450 3021 3283 3626 3998 4209 4484 4804
1 4  1435 1839 2380 2696 3209 3624 3947 4241 4351 4657
1 5  910 1728 2149 3000 3288 3857 4517 5020 5522 5954
1 6  1534 2501 2952 3508 4084 4545 4836 5181 5529 6095
1 7  1113 1788 2176 2568 3011 3689 4137 4432 4899 5353
1 8  647 1138 1856 2497 2636 3084 3584 4234 4709 5149
1 9  1331 2194 3056 3748 4324 4841 5572 6329 6759 7743
1 10  256 1681 2779 3279 3612 4166 4916 5234 6166 6648
2 0  729 1401 1908 2774 3292 3813 4557 5097 5631 6109
2 1  1720 2291 2525 2883 3373 3760 4186 4494 4835 5065
2 2  1322 1916 2420 3008 3394 3758 3982 4411 4768 4964
2 3  800 1431 1976 2553 2928 3286 3840 4162 4471 4704
2 4  1112 1634 1852 2259 2627 2974 3278 3744 4239 4473
2 5  1190 1964 2472 3158 3611 3987 4360 4719 5126 5560
2 6  1318 1947 2517 2782 3177 3464 3823 4306 4703 5239
2 7  1202 2069 2776 3316 3734 4235 4833 5298 5501 5878
2 8  2002 2764 3420 4056 4660 5060 5761 6179 6694 7046
2 9  922 1502 2147 2664 3528 4247 4602 5168 5894 6575
2 10  1513 2200 2900 3432 3919 4654 5051 5762 6207 7032
3 0  1063 1644 2638 3518 3959 4321 4779 5222 6015 6707
3 1  975 1692 2042 2971 3444 3853 4194 4655 5205 5475
3 2  1437 2100 2500 2988 3441 3781 4018 4238 4382 4680
3 3  708 1323 2008 2465 2857 3133 3588 4022 4246 4630
3 4  1455 2254 2623 2955 3547 3822 4156 4406 4833 5232
3 5  812 1385 2427 2835 3174 3504 3726 3944 4135 4371
3 6  1137 1620 2309 2894 3811 4219 4490 4753 5362 5694
3 7  1377 2926 3619 4122 4389 4778 4953 5376 5782 6247
3 8  835 1459 2377 3496 4352 4733 5354 5948 6560 7030
3 9  535 1038 2054 2364 2755 3069 3827 4263 4676 5057
3 10  750 1362 1892 3144 4021 5066 5858 6653 6973 7760
4 0  743 1534 2409 2899 3373 3800 4278 4864 5468 6156
4 1  696 1178 1853 2314 2904 3276 3899 4362 4699 4907
4 2  1038 1835 2796 3178 3526 4312 4839 5158 5474 5807
4 3  369 928 2121 3036 3679 4126 4492 4948 5273 5536
4 4  1812 2447 2717 3397 3838 4389 4625 5316 5516 5807
4 5  1583 2551 3007 3271 3784 4440 4717 4969 5266 5640
4 6  456 1246 2002 3207 3505 3979 4381 4762 5295 5626
4 7  989 2182 2889 3261 3669 4124 4702 5132 5643 5758
4 8  811 1531 1954 2361 2770 3619 4032 4679 5257 5615
4 9  816 1319 2293 3337 4541 4937 5626 6384 6767 7476
4 10  1721 2493 3985 4745 5109 5702 6726 7599 8649 9010
5 0  1416 2159 3302 3897 4862 5414 5751 6325 6815 7340
5 1  318 1451 2413 3092 3943 4344 4819 5199 5449 5763
5 2  817 1754 2331 2705 3297 3928 4423 4865 5425 5758
5 3  580 878 1383 2140 2529 2916 3352 3651 4109 4390
5 4  1081 2085 2788 3260 3627 3916 4350 4768 5209 5535
5 5  1856 2719 3203 3611 3920 4329 4502 4922 5253 5607
5 6  791 1566 2136 2421 2962 3285 3776 3982 4381 4666
5 7  1280 2436 3313 3887 4280 4795 5230 5630 6279 6569
5 8  1399 1964 2392 2774 3476 4478 4792 5811 6841 7695
5 9  1829 2749 4243 4732 5584 6118 6819 7367 7726 8597
5 10  1486 3632 4399 4955 5833 7286 8706 9706 10592 11652
6 0  1001 2233 2934 3638 4734 5207 5828 6630 7148 7471
6 1  668 1592 2022 2543 3134 3720 4602 5003 5710 6462
6 2  871 1548 2113 2478 2992 3350 3609 4121 4463 4764
6 3  1048 1537 2163 2662 3206 3706 3992 4299 4607 5174
6 4  1012 1666 2232 2859 3204 3601 4309 4870 5341 5958
6 5  1051 1786 2601 3053 3385 3865 4255 5122 5386 5995
6 6  1028 1538 2179 2544 2851 3311 3562 3801 4106 4521
6 7  1103 2055 2906 3416 3986 4465 4743 5235 5827 6364
6 8  1897 2852 4018 4613 5679 6243 6691 7190 7588 8246
6 9  725 1792 3487 4684 5489 6466 7414 8236 9001 10020
6 10  2432 3739 5433 7101 7900 8501 9778 10372 10942 11819
7 0  719 1705 3097 4205 5167 5960 7176 7829 8446 8954
7 1  1173 2449 2923 3367 3749 4106 5032 5493 6261 7040
7 2  1891 2374 2632 3217 3836 4529 5107 5659 6187 6741
7 3  692 1319 2048 2460 3204 3826 4376 4844 5263 6022
7 4  642 1236 1959 3124 3609 4122 4687 5445 6028 6812
7 5  1021 1704 2902 3736 4300 4661 4968 5241 5536 5702
7 6  567 2510 3256 3739 4041 4620 5051 5430 5884 6292
7 7  1284 2288 3214 3965 4394 4889 6236 6880 7580 8307
7 8  1389 3292 3981 4309 4780 5747 6400 7016 7441 7888
7 9  535 1955 2707 3107 3925 4738 5323 5838 6393 7312
7 10  1430 2697 3604 4768 5298 5912 6528 8211 9575 10035
8 0  767 2065 2731 3686 4598 5179 7228 8869 9254 9988
8 1  2246 3145 3557 4219 4718 5549 5969 6553 6955 7406
8 2  973 1914 2681 3710 4446 5005 6105 6451 6869 7631
8 3  397 976 1661 2097 2733 3298 4389 4828 5364 5921
8 4  912 2078 3210 4110 4680 5393 5750 6568 7318 7646
8 5  854 2327 3223 3913 4652 5184 5787 6171 6789 7289
8 6  1012 2004 2876 3475 3734 4094 5215 5677 6429 6928
8 7  706 2257 2898 3535 4468 6009 6713 7644 8707 9401
8 8  635 1380 2021 2827 3358 3907 4740 5883 6345 7198
8 9  1074 1933 2483 3350 3833 4218 4905 5403 6330 6889
8 10  1743 2797 3855 4518 5245 6545 7415 8258 8928 9236
9 0  309 2385 4143 5309 6244 7566 8228 9530 10140 10589
9 1  856 1910 2641 3083 3631 4160 4840 6062 6545 7454
9 2  924 1645 2325 3134 3527 4231 5707 6788 7296 7952
9 3  1215 1946 2776 3564 4409 5312 6356 7035 8087 8748
9 4  615 1251 2108 2974 3440 4022 5215 5473 5970 6468
9 5  1112 2003 3224 3998 4393 5091 5952 6472 7271 8174
9 6  911 1728 2413 3761 4595 5245 6065 6717 7368 7680
9 7  1263 2303 3140 4659 6234 7104 7377 7833 8635 9129
9 8  872 2297 3591 4178 5115 5974 6806 7356 7789 7958
9 9  2552 4201 5109 5811 7077 7364 8101 9123 9568 10373
9 10  1625 2741 4348 5831 6791 8437 9684 11269 12402 14191
10 0  1181 1975 2499 3353 4094 5188 6250 6762 8370 9914
10 1  1330 2710 3501 4503 5482 6272 6807 8305 9970 11342
10 2  675 1735 2683 3662 4553 5600 6570 7366 9017 10832
10 3  1983 2536 3760 4770 5613 6712 7535 9740 10502 11408
10 4  1137 1848 2678 3419 3993 4806 5505 6533 8078 9560
10 5  1175 1870 2908 3757 5275 6546 7337 8036 8685 9583
10 6  978 2363 3270 3732 4301 5209 5986 6785 7479 9174
10 7  1620 2669 3643 4249 4530 5084 6329 7436 8287 9037
10 8  1669 2606 5211 6232 8622 9461 10243 11289 12615 13628
10 9  1267 2448 3550 4675 5400 6011 7252 7985 8927 10988
10 10  2377 3991 5423 7404 8441 10067 11267 12566 13620 14007
