0 0  1039 2320 3098 4124 5047
0 1  747 1109 1432 2008 2985
0 2  1299 1842 2998 3499 4144
0 3  464 1194 1717 2414 2739
0 4  881 1810 2444 3187 4069
0 5  833 1687 2155 2475 2937
0 6  567 1780 2311 3158 3846
0 7  1125 1933 2806 3817 4245
0 8  730 1770 2609 3524 4327
0 9  598 936 1702 2424 3023
0 10  1082 2256 3116 4113 4955
1 0  1012 1835 2355 2898 3235
1 1  861 1621 2139 2608 2845
1 2  839 1617 2419 2908 3358
1 3  865 1923 2457 2958 3331
1 4  1144 1919 2225 2638 3044
1 5  1137 1517 1858 2788 3035
1 6  1129 1790 2285 2708 3060
1 7  1406 1983 2630 3190 3551
1 8  1446 1872 2637 3043 3357
1 9  386 1653 2903 3952 4689
1 10  1488 2594 3588 4423 4910
2 0  594 1111 1691 2251 2876
2 1  979 1569 2343 2772 3291
2 2  1387 2063 2699 3088 3550
2 3  1128 1955 2335 2716 3196
2 4  965 1503 2222 2913 3352
2 5  886 1649 2245 2836 3104
2 6  632 2039 2389 2686 3127
2 7  834 1295 1763 2278 2401
2 8  1051 1677 2704 3226 3838
2 9  880 1843 2396 3382 3809
2 10  1132 2050 2777 3320 3761
3 0  755 2017 2730 3566 3804
3 1  1355 2372 2793 3259 3656
3 2  1469 1932 2955 3465 3878
3 3  1410 2052 2577 3134 3367
3 4  1041 1650 2328 3111 3406
3 5  776 1288 1639 2098 2535
3 6  499 1394 1914 2670 3459
3 7  1098 1681 2240 2583 3224
3 8  1628 2040 2791 3149 3707
3 9  748 2017 3269 4165 4652
3 10  1337 3003 3791 4978 5792
4 0  924 1676 2824 3344 3961
4 1  396 1110 1559 1992 2579
4 2  416 1244 1855 2247 2502
4 3  1296 1698 2110 2287 2654
4 4  790 1511 1992 2602 3229
4 5  1190 2413 2904 3397 3801
4 6  818 1583 2123 2387 2766
4 7  1144 1803 2081 3044 3636
4 8  995 2183 2528 2916 3569
4 9  1400 2006 2874 3783 4443
4 10  1081 2051 3086 3975 4496
5 0  979 2031 3374 4138 4557
5 1  791 2300 3015 3550 3888
5 2  1220 2207 2624 3068 3977
5 3  627 1224 1574 1821 2286
5 4  547 1592 2387 3014 3661
5 5  641 1728 2227 2553 2938
5 6  680 1077 1581 2436 2869
5 7  761 1414 1908 2583 3035
5 8  1787 2478 2875 3327 4156
5 9  1169 3258 3890 4571 5672
5 10  2080 2752 3457 4042 4753
6 0  1087 1996 2626 3627 4746
6 1  1069 1985 2547 2844 3120
6 2  1086 1685 2364 2954 3597
6 3  944 1540 1974 2552 2894
6 4  724 1547 1813 2372 3083
6 5  458 1163 1790 2274 2667
6 6  913 1251 1803 2482 2854
6 7  834 1557 2265 3074 3486
6 8  1805 3248 3673 4495 5019
6 9  1673 2332 3416 4060 4657
6 10  936 1725 2413 3116 4123
7 0  1477 2072 2657 3531 4053
7 1  1006 1448 1923 2231 2722
7 2  785 1731 2338 2946 4532
7 3  1662 2384 3043 3544 4429
7 4  668 1400 2207 2816 3193
7 5  723 1224 1790 2270 2749
7 6  1022 1808 2273 3043 3581
7 7  2174 3321 3995 4516 5592
7 8  573 1776 2565 3101 3682
7 9  876 1705 2483 3450 4328
7 10  1974 3412 4958 6935 8025
8 0  679 1731 2567 3492 4436
8 1  902 1766 2312 3308 4214
8 2  859 2108 2557 3262 4216
8 3  983 1663 2242 3026 3862
8 4  795 1377 1850 2527 3219
8 5  1041 2196 2858 3742 4228
8 6  1181 1779 2581 2892 3301
8 7  805 1897 2480 3191 4390
8 8  1041 1768 2621 3705 4595
8 9  2425 3913 5941 7554 8742
8 10  1769 3303 4808 5986 6856
9 0  790 2350 3524 5496 7195
9 1  1189 1914 3356 4364 4767
9 2  963 1544 2507 3841 4559
9 3  1019 2130 2756 3090 3783
9 4  669 1838 2405 3030 4262
9 5  746 1738 2579 3069 3525
9 6  705 1580 2369 3508 4153
9 7  852 1511 2456 2936 3350
9 8  1432 2882 5499 6718 7758
9 9  1278 1805 2463 3618 4567
9 10  1604 3943 4795 5704 6752
10 0  1115 3336 4628 5642 7471
10 1  819 1678 2514 3898 4737
10 2  815 1885 4206 5455 6910
10 3  597 1495 2453 3161 3907
10 4  988 2021 2756 3832 6285
10 5  1344 1843 3059 3582 4339
10 6  986 2221 2839 4250 5273
10 7  945 1675 2445 2921 4539
10 8  747 2159 4029 5077 5958
10 9  1453 2894 3777 4829 5504
10 10  1530 3045 4396 5511 6784
