0 0  984 1982 2844 3593 4291 5602 6518 7355 8263 8530
0 1  827 2591 3910 4680 5194 6367 7441 8170 9040 9439
0 2  1673 2424 3103 4345 5190 6317 7104 8159 8841 9534
0 3  887 1302 1887 2254 2884 3115 3561 3969 4583 5232
0 4  502 1137 1449 1855 2365 2805 3336 3721 4474 5210
0 5  624 1440 2429 3371 4353 5012 5584 6611 7722 8369
0 6  989 2137 2625 3901 4757 5759 6114 7166 7566 8572
0 7  786 1494 2493 3122 4202 4805 5406 6576 7686 8869
0 8  994 2059 3506 4772 5310 5834 6665 7388 8470 9171
0 9  919 1748 2415 3145 4141 4755 5821 6397 6878 7615
0 10  877 1817 2821 3469 4387 5138 5617 6885 7636 8629
1 0  656 1213 1826 2149 2378 3012 3314 3847 4397 4657
1 1  1128 1801 2181 2753 2995 3237 3493 3786 4077 4465
1 2  753 1264 1738 2030 2400 2699 2957 3379 3562 3846
1 3  766 1492 2106 2389 2766 3161 3356 3778 4203 4658
1 4  1225 1767 2338 2759 3334 3905 4151 4465 4951 5298
1 5  1102 1952 2615 2948 3428 3804 4065 4515 5082 5712
1 6  1033 2177 2579 2906 3231 3492 3839 4273 4647 5017
1 7  710 2157 2546 2968 3490 4190 4482 5005 5317 5772
1 8  1068 1729 2333 2994 3745 3917 4475 4771 5176 5519
1 9  580 1189 1773 2220 2688 3275 3674 4080 4511 4896
1 10  1010 1827 2145 2658 3279 4277 5499 5854 6210 6581
2 0  484 938 1481 2382 2705 3242 3486 4014 4575 5334
2 1  845 2034 2687 3181 3711 4199 4517 4787 5088 5390
2 2  1370 1985 2464 2922 3184 3512 3978 4252 4577 4720
2 3  733 1634 2055 2568 3035 3412 3780 4096 4526 4781
2 4  1000 1717 2144 2607 3099 3371 3653 3909 4055 4321
2 5  1353 2066 2321 2750 3092 3319 3714 4275 4733 5148
2 6  686 1446 1743 2642 3032 3608 4005 4322 4807 5279
2 7  1065 2633 3346 4239 4567 4866 5376 5753 6016 6887
2 8  1612 2219 2701 3415 3783 4485 5290 5761 6056 6234
2 9  1307 2668 4093 4888 5774 6755 7416 7876 8527 9248
2 10  2101 2514 3247 3411 3932 4225 4725 5058 5868 6089
3 0  844 1919 2749 3284 3697 4034 4661 5228 5503 5791
3 1  885 1410 1776 2284 2612 3089 3703 4226 4677 5026
3 2  789 1351 2055 3087 3537 3876 4155 4467 4818 5085
3 3  1162 1843 2227 2739 3091 3582 4040 4475 4743 4963
3 4  946 1502 1866 2359 2627 3005 3254 3461 3760 3914
3 5  1011 1874 2455 2855 3239 3800 4140 4427 4826 5112
3 6  586 1082 1795 2024 2458 2963 3255 3815 4362 4691
3 7  476 1307 1861 2372 2735 3131 3706 3931 4563 4935
3 8  1475 2207 3546 4403 4885 5189 5662 6064 6753 7318
3 9  1165 1857 3348 4317 5139 5511 5827 6483 7077 7702
3 10  1579 2286 3605 4595 5195 5640 6347 7292 8546 9449
4 0  1436 1875 2377 2812 3236 3648 4033 4475 4845 5480
4 1  658 1229 1783 2547 2979 3584 4123 4608 5121 5433
4 2  319 1033 1551 1925 2367 2874 3395 3891 4565 4850
4 3  817 1460 1828 2246 2693 3185 3498 3751 4051 4309
4 4  1196 1632 2139 2605 2823 3043 3346 3820 4072 4357
4 5  1060 1985 2609 3152 3967 4320 4702 4990 5319 5547
4 6  940 1931 2698 3299 3666 3933 4308 4641 5112 5469
4 7  1509 2170 2689 3291 3740 4353 4729 5146 5594 5836
4 8  707 1722 2308 2838 3317 3744 4489 5117 5571 6114
4 9  1291 2449 3390 4450 5014 6039 6523 7605 8138 8909
4 10  1003 1777 2996 3682 4106 5262 6769 7543 8508 9393
5 0  356 898 2442 2943 3382 3898 4348 4875 5246 5835
5 1  701 1258 1834 2316 3097 3936 4317 4683 5050 5602
5 2  614 1604 2093 2726 2961 3666 4212 4471 4945 5445
5 3  890 1374 1717 2636 3041 3423 4002 4468 5005 5163
5 4  738 1601 2103 2757 3121 3515 3798 4115 4559 4927
5 5  974 1710 2131 2320 2680 3131 3376 4115 4410 4743
5 6  604 1033 1491 2249 2746 3560 3978 4245 4788 5235
5 7  1055 2273 2706 3112 3687 4163 4806 5846 6295 6629
5 8  1232 1566 2255 2600 3252 3888 4397 4772 5129 6075
5 9  1041 1648 2903 3308 4156 5064 5524 6235 6920 7443
5 10  1168 2773 3055 3545 3909 4472 5217 5578 6130 6725
6 0  1548 2384 3249 3927 5082 5866 6248 6946 7867 8354
6 1  459 837 1492 2669 3197 3513 3863 4134 4763 5534
6 2  526 934 1431 1863 2415 3392 3834 4383 5140 5572
6 3  948 1669 2099 2571 2890 3356 3799 4232 4528 4698
6 4  1576 2148 2834 3611 4045 4574 5009 5862 6637 6952
6 5  596 955 1839 2371 2777 3530 4116 4495 4890 5464
6 6  1365 2438 2799 3839 4365 4954 5231 5885 6230 6641
6 7  1467 2216 3200 3609 4048 4365 4881 5404 5926 6257
6 8  1316 2110 3013 3741 4196 4887 5395 6311 7299 7604
6 9  745 2108 3495 4624 5789 6434 7087 7282 8136 8678
6 10  2011 2516 3423 4228 5117 6652 7629 8309 8806 9476
7 0  1110 1741 2435 2874 3710 5027 5714 6464 7506 8936
7 1  898 1906 2362 2698 3598 4339 4996 5451 6105 6875
7 2  1208 2345 3192 3880 4525 5041 5712 6229 6809 7782
7 3  859 1887 3016 3556 3855 4376 4839 5606 6264 6658
7 4  677 1512 1937 2189 3181 3814 4488 4956 5493 6066
7 5  947 2283 3054 3495 4158 4750 5210 5560 6018 6508
7 6  714 1502 2047 2508 2791 3421 4176 4521 5127 5414
7 7  1191 2275 2810 3408 3966 4400 4764 5239 5697 6273
7 8  1128 2300 2788 4105 4975 6121 7987 8685 9067 9593
7 9  1557 2195 2958 3870 4656 5381 6141 7031 7744 8854
7 10  877 2070 3408 3896 4425 5433 6776 7730 8249 8960
8 0  1350 1920 2826 3835 4158 4712 5171 5872 6609 7615
8 1  1141 1961 2448 3556 4443 5563 6253 6690 7323 8193
8 2  1603 2612 3598 3802 4857 5350 5590 6209 7106 7887
8 3  1078 2035 2845 3573 4373 4923 5820 6416 6883 7381
8 4  510 992 1785 2529 3426 3886 4419 4947 5619 6195
8 5  1728 2334 3326 3935 4301 5762 6555 7332 7868 8478
8 6  1144 1782 2372 2898 3816 4072 4367 4736 5143 5521
8 7  752 1656 2366 2834 3420 4770 5356 5838 6119 6719
8 8  1179 1630 2367 2839 3616 4204 4653 5102 5515 5975
8 9  1039 2489 3905 5072 5634 6251 6590 7218 8076 8595
8 10  709 2120 3681 4205 5530 6472 7094 8652 9596 10285
9 0  1684 2796 3609 4897 5414 6448 7667 8865 9690 10957
9 1  977 1933 2512 3530 4913 6642 7660 9003 10548 11763
9 2  811 1846 2782 3427 4262 4943 5784 6828 7812 8917
9 3  490 1000 1659 2322 2781 3463 3814 4227 4921 5574
9 4  870 1744 2537 3298 4308 5159 6009 6636 7115 7588
9 5  927 1570 2335 3743 4451 5076 5433 6182 7182 7936
9 6  640 1446 2247 2590 3151 4196 4655 5255 6491 7008
9 7  844 1787 2853 3615 4357 4858 5407 5738 6036 6492
9 8  1042 2161 3572 3965 5137 5670 6503 6869 7677 8662
9 9  1631 2269 3792 4685 5840 6481 7513 8698 10240 11173
9 10  1459 3160 4200 5913 6571 7302 8945 10911 11751 12290
10 0  1162 2566 3051 3872 4761 6488 7531 8590 9213 9998
10 1  753 2115 2861 4060 4770 6123 7876 8715 9018 10257
10 2  865 1682 2878 4036 4898 5859 7066 7947 8819 10716
10 3  873 1665 3211 3837 4660 5657 7080 7687 9119 9835
10 4  683 2534 3332 4638 5164 5760 7022 7957 8725 10592
10 5  1210 1929 2925 3794 4530 6266 7478 8095 10186 11279
10 6  580 1388 2612 4115 5579 6574 7842 9564 10317 11648
10 7  1012 2025 2835 4134 5274 6315 7548 7931 8770 9536
10 8  1573 3195 4476 6067 7579 8832 9883 11210 12519 13251
10 9  1109 2440 3974 7738 10009 11081 12252 12777 14002 15016
10 10  1870 3731 5467 7305 8123 9509 10817 12642 14092 15504
