0 0 1094 2041 2629 3962 4784 5396 6084 6523 7698 8680
0 1 802 1259 1807 2186 2752 3295 4036 4499 5089 5529
0 2 1234 2174 3233 3891 5214 6601 8052 8604 9712 10342
0 3 1357 2013 2747 3886 4518 5439 6179 7565 8170 8780
0 4 1384 2487 3427 4403 5496 6421 7126 7442 8238 9151
0 5 1285 3062 4536 5147 5735 6263 6919 7813 8437 8940
0 6 1332 2168 3165 4319 5060 5762 7370 8336 8907 9768
0 7 645 1394 1924 2471 2836 3423 3818 4329 5248 5898
0 8 1402 3006 3613 4533 5344 6314 7249 9151 9723 11449
0 9 787 1890 2880 3701 4411 5213 5751 6658 7181 7941
0 10 560 949 1451 1986 2661 3124 3710 4265 4875 5445
1 0 918 1726 2541 2775 3329 3729 4615 5111 5442 5796
1 1 775 1113 1413 2112 2499 2794 3186 3577 4066 4366
1 2 1471 1884 2502 2973 3376 3650 4168 4588 4736 5165
1 3 458 1253 1575 2080 2329 2577 2850 3505 3805 4138
1 4 941 1491 1960 2302 2501 2853 3282 3519 3813 3991
1 5 1871 2557 2846 3205 3742 4051 4502 4920 5292 5772
1 6 796 1782 2287 2857 3337 3747 4443 4741 5183 5616
1 7 541 1260 1937 2226 2478 3200 3780 4008 4413 4750
1 8 791 1733 2676 3321 4057 4365 4861 5430 6055 6245
1 9 1300 2204 2480 2743 3155 3504 3971 4378 4651 5013
1 10 935 1532 2138 2836 3370 3882 5173 6146 6831 7336
2 0 1134 1637 2404 2836 3452 3915 4202 4423 4914 5235
2 1 897 1547 2001 2707 3096 3459 3903 4135 4420 4848
2 2 1006 1529 2351 2639 3015 3306 3758 4384 4637 4987
2 3 793 1419 1886 2392 3104 3536 3743 4137 4546 4939
2 4 1236 1913 2431 2929 3408 3879 4229 4532 4900 5252
2 5 1170 2326 2698 3029 3637 3956 4034 4344 4779 5060
2 6 986 1815 2283 2711 3003 3412 4070 4308 4655 4940
2 7 518 1117 1696 2336 2794 3183 3722 3993 4427 4894
2 8 1043 2786 3529 4624 5216 5800 6197 6968 7280 8000
2 9 1310 1996 3381 4227 5374 5855 6344 6933 7538 8226
2 10 1112 2133 3156 3803 4456 5252 5860 6651 7355 8360
3 0 584 1200 2210 2985 3472 4271 5082 5409 5862 6447
3 1 477 989 1613 1927 2383 2791 3189 3577 3798 4075
3 2 620 1146 1422 1888 2613 2954 3223 3762 4048 4216
3 3 1208 1929 2247 2668 2992 3322 3700 4039 4297 4547
3 4 1607 1914 2595 3106 3704 4035 4338 4592 4901 5226
3 5 1192 1680 2125 2436 2952 3222 3809 4219 4527 4752
3 6 1496 1719 2270 2573 2934 3084 3323 3657 4086 4333
3 7 794 1958 2350 2943 3673 4043 4511 5035 5577 6224
3 8 922 1754 2131 2775 3489 4034 4358 5010 5403 6298
3 9 1088 1479 2114 2776 3917 4815 5535 6700 7367 7973
3 10 968 2625 3657 4342 5016 5684 6532 7093 8051 9251
4 0 2047 3147 4250 5029 5532 6157 6664 7078 7501 7719
4 1 602 1050 1510 2121 2506 2798 3042 3336 3628 3921
4 2 771 1123 1935 2279 2623 2778 3065 3559 3788 4157
4 3 633 1296 1983 2304 2903 3316 3762 3981 4363 4671
4 4 668 1965 2765 3182 3629 3858 4080 4317 4735 5082
4 5 978 1563 2204 2641 3122 3433 3750 3931 4246 4495
4 6 838 1543 1939 2337 2921 3318 3733 4293 4772 4918
4 7 1194 1728 2256 2781 3432 3953 4170 4427 4984 5478
4 8 1066 1885 2731 2984 3459 4019 4393 4715 5256 6075
4 9 940 1421 2892 3807 4139 4803 5521 6088 6754 7572
4 10 1270 2624 3985 4749 5536 6366 6859 7376 7929 8589
5 0 402 1511 2350 3410 3988 4761 5045 6006 6929 7283
5 1 772 1333 1899 2712 3139 3760 4176 4685 5090 5489
5 2 593 2604 3076 3406 4017 4758 5090 5531 5868 6107
5 3 511 1346 1933 2369 2720 3018 3473 3786 4286 4559
5 4 1361 2136 2760 3105 3645 4007 4766 5201 5451 5632
5 5 1383 1949 2517 2937 3404 3720 4204 4552 4766 5027
5 6 649 1704 2192 2729 3109 3480 3811 4106 4351 4814
5 7 1202 2012 2424 3257 4002 4328 4863 5297 6016 6353
5 8 1108 2084 3048 3546 3832 4814 5498 5806 6598 7118
5 9 540 1085 1849 2968 4216 4780 5642 6369 7644 9251
5 10 1561 2580 4138 4777 5098 5514 5813 6502 7665 8384
6 0 1411 2063 2826 4158 4509 5469 7188 7789 8577 9279
6 1 1101 2585 3278 3782 4648 5113 5791 6145 6755 7197
6 2 726 1207 1530 2109 2580 3006 3435 3993 4514 5301
6 3 527 1320 2324 2997 3706 4248 5094 5822 6353 6714
6 4 889 1595 2439 3078 3475 3857 4428 4871 5277 6137
6 5 765 2031 2944 3501 3829 4240 4602 4934 5225 5550
6 6 1028 1586 1974 2139 2521 2783 3212 3542 4019 4351
6 7 914 1271 1892 2521 2929 3413 3707 4163 4745 5278
6 8 737 1241 2195 2855 3305 4158 4675 5362 5776 6346
6 9 1394 2518 3378 3914 4535 5175 5911 6474 7142 7896
6 10 2440 3751 5441 7169 8087 9317 10614 11144 11751 12415
7 0 652 1274 1951 2555 3098 3897 4842 5478 6653 7245
7 1 848 1727 2391 3244 3928 4705 5223 5900 6478 7139
7 2 596 1192 2122 2457 2724 3745 4201 4811 5553 5970
7 3 857 1659 2296 2670 3007 3442 3736 4178 4641 5304
7 4 1071 1495 2002 2763 3569 4494 4840 5232 6236 7446
7 5 575 1277 1899 2553 3417 4158 4572 5199 5885 6423
7 6 1460 2207 2590 2906 3237 3672 4469 4747 5169 5443
7 7 454 1866 2943 3304 3633 4194 4498 4993 5481 5854
7 8 477 1449 1965 2637 2972 3547 4287 5068 5379 5950
7 9 958 2644 3751 4584 6147 7190 8264 9358 10238 11323
7 10 1185 2711 3926 4868 6164 7166 8977 9624 10538 11141
8 0 1543 3941 5273 5946 6512 7476 8221 9354 10808 11709
8 1 1542 2871 4399 5176 5723 6560 7583 7990 8369 8905
8 2 1088 1674 2430 3172 3877 4555 5249 6011 7154 7913
8 3 732 1649 2407 2927 3468 4057 4397 5005 5740 6424
8 4 670 1478 2722 3457 4075 4596 5269 6038 6696 7326
8 5 560 1204 2395 3089 3649 4423 5105 5838 6163 6664
8 6 937 1946 2347 2721 3544 4142 4382 4955 5446 5870
8 7 634 2119 2610 3509 4285 4907 6638 7112 8106 8598
8 8 807 1669 2784 3509 4306 4881 5436 6088 6640 7349
8 9 679 2076 3419 4550 5392 6342 7188 7998 8993 10534
8 10 869 2456 3082 4173 4611 5188 6166 7079 7770 8453
9 0 1067 1416 2637 3922 4466 6094 7042 7723 8553 9297
9 1 991 1871 2931 3670 4854 5503 6688 7826 8842 9325
9 2 1238 2538 3241 4088 5292 6149 6533 7642 8869 9519
9 3 802 1760 2411 2916 3486 4042 4460 5091 5649 6109
9 4 853 1600 2232 3082 3908 4300 5143 6089 6979 7972
9 5 360 1434 2510 3403 4005 4589 5172 5507 6103 6875
9 6 619 1910 2486 3489 4140 5159 5729 6579 7050 7586
9 7 629 1297 2428 2917 3600 4190 5106 6046 7013 7916
9 8 1479 2586 3350 4381 4979 5550 6749 7365 8267 9041
9 9 1032 2419 3644 5196 6208 6835 7956 9625 11678 12711
9 10 1395 2323 3650 4373 4987 5528 7437 8424 9233 10159
10 0 1425 2531 4587 5635 7007 7538 8955 9500 10694 11540
10 1 741 1677 2494 3512 4659 5549 6380 7618 8719 9665
10 2 782 1618 2625 3155 4449 5194 7576 9254 10419 11744
10 3 1313 3751 4838 6300 6725 7936 8964 9451 10508 11616
10 4 1056 2300 3410 4694 6022 6786 7697 9553 10623 11557
10 5 832 2106 3131 4582 5396 7311 8794 9810 11095 12125
10 6 1152 2382 3067 3988 5219 6861 7690 8647 9798 10897
10 7 368 1598 2822 4452 5195 6496 7630 8603 9268 10834
10 8 958 1781 3634 4766 6431 7860 8995 9729 10848 11569
10 9 961 2995 4053 4847 6180 7714 8853 9861 10875 12661
10 10 2012 4401 6161 7731 10706 13147 14258 14793 15662 18520
