0 0 685
0 1 681
0 2 718
0 3 722
0 4 669
0 5 677
0 6 687
0 7 678
0 8 740
0 9 677
0 10 679
1 0 701
1 1 716
1 2 702
1 3 686
1 4 731
1 5 657
1 6 696
1 7 663
1 8 679
1 9 713
1 10 717
2 0 721
2 1 699
2 2 684
2 3 666
2 4 737
2 5 683
2 6 713
2 7 703
2 8 694
2 9 737
2 10 685
3 0 697
3 1 743
3 2 671
3 3 720
3 4 719
3 5 708
3 6 721
3 7 662
3 8 658
3 9 659
3 10 718
4 0 669
4 1 677
4 2 714
4 3 674
4 4 648
4 5 676
4 6 744
4 7 681
4 8 697
4 9 703
4 10 725
5 0 708
5 1 732
5 2 613
5 3 704
5 4 689
5 5 728
5 6 702
5 7 698
5 8 714
5 9 708
5 10 713
6 0 685
6 1 716
6 2 711
6 3 685
6 4 730
6 5 702
6 6 730
6 7 727
6 8 677
6 9 720
6 10 673
7 0 718
7 1 688
7 2 681
7 3 707
7 4 690
7 5 668
7 6 686
7 7 663
7 8 688
7 9 686
7 10 707
8 0 699
8 1 729
8 2 685
8 3 694
8 4 693
8 5 734
8 6 704
8 7 717
8 8 717
8 9 699
8 10 734
9 0 682
9 1 676
9 2 682
9 3 740
9 4 670
9 5 686
9 6 731
9 7 676
9 8 718
9 9 663
9 10 713
10 0 695
10 1 659
10 2 761
10 3 684
10 4 697
10 5 704
10 6 702
10 7 650
10 8 663
10 9 681
10 10 690
