0 0 9 0
0 1 10 0
0 2 9 0
0 3 6 0
0 4 11 0
0 5 3 2
0 6 5 0
0 7 13 0
0 8 9 1
0 9 8 0
0 10 8 0
1 0 8 0
1 1 7 0
1 2 9 2
1 3 7 0
1 4 8 1
1 5 7 0
1 6 12 0
1 7 5 0
1 8 5 1
1 9 4 0
1 10 10 0
2 0 8 0
2 1 9 0
2 2 7 1
2 3 4 2
2 4 8 1
2 5 11 0
2 6 8 0
2 7 6 1
2 8 10 1
2 9 17 1
2 10 14 0
3 0 6 1
3 1 15 0
3 2 11 0
3 3 5 0
3 4 8 0
3 5 9 1
3 6 6 0
3 7 3 0
3 8 14 0
3 9 5 0
3 10 6 0
4 0 6 1
4 1 8 1
4 2 7 0
4 3 6 0
4 4 10 0
4 5 9 1
4 6 5 0
4 7 6 1
4 8 9 0
4 9 3 0
4 10 7 0
5 0 8 0
5 1 8 0
5 2 7 1
5 3 10 0
5 4 4 0
5 5 8 0
5 6 5 0
5 7 6 0
5 8 8 0
5 9 9 1
5 10 12 0
6 0 9 0
6 1 2 0
6 2 12 1
6 3 3 0
6 4 4 1
6 5 3 0
6 6 9 1
6 7 5 0
6 8 6 2
6 9 8 2
6 10 6 0
7 0 7 1
7 1 10 0
7 2 5 0
7 3 10 0
7 4 11 1
7 5 12 2
7 6 6 0
7 7 7 0
7 8 6 0
7 9 10 1
7 10 9 1
8 0 8 1
8 1 5 0
8 2 10 0
8 3 9 0
8 4 1 2
8 5 7 1
8 6 6 0
8 7 7 0
8 8 11 0
8 9 9 1
8 10 10 1
9 0 9 0
9 1 10 0
9 2 4 0
9 3 9 0
9 4 2 0
9 5 9 0
9 6 8 0
9 7 7 0
9 8 4 0
9 9 7 0
9 10 12 0
10 0 8 2
10 1 10 0
10 2 13 1
10 3 8 0
10 4 5 3
10 5 7 0
10 6 7 0
10 7 5 0
10 8 7 0
10 9 8 0
10 10 7 1
