0 0 5 0
0 1 9 0
0 2 6 1
0 3 5 0
0 4 6 0
0 5 6 1
0 6 11 0
0 7 6 1
0 8 9 0
0 9 9 0
0 10 11 0
1 0 7 0
1 1 5 0
1 2 8 0
1 3 7 0
1 4 6 0
1 5 11 0
1 6 8 1
1 7 7 0
1 8 7 0
1 9 8 1
1 10 7 0
2 0 10 0
2 1 12 0
2 2 2 0
2 3 8 0
2 4 8 1
2 5 10 0
2 6 3 0
2 7 6 1
2 8 10 0
2 9 3 0
2 10 5 0
3 0 10 0
3 1 5 1
3 2 9 0
3 3 10 1
3 4 8 1
3 5 8 0
3 6 6 0
3 7 6 1
3 8 9 2
3 9 6 0
3 10 8 0
4 0 7 0
4 1 6 1
4 2 10 0
4 3 8 0
4 4 14 0
4 5 12 1
4 6 11 0
4 7 7 1
4 8 9 0
4 9 12 0
4 10 11 0
5 0 7 0
5 1 11 1
5 2 8 2
5 3 8 1
5 4 9 1
5 5 9 0
5 6 5 0
5 7 14 0
5 8 9 0
5 9 8 2
5 10 6 1
6 0 8 2
6 1 7 1
6 2 8 0
6 3 3 0
6 4 14 1
6 5 8 0
6 6 5 3
6 7 6 0
6 8 11 0
6 9 8 0
6 10 8 1
7 0 2 0
7 1 8 0
7 2 4 0
7 3 11 1
7 4 5 1
7 5 6 0
7 6 7 0
7 7 9 0
7 8 12 0
7 9 9 0
7 10 6 0
8 0 8 0
8 1 4 0
8 2 5 2
8 3 8 0
8 4 6 0
8 5 8 1
8 6 8 0
8 7 5 1
8 8 8 0
8 9 5 1
8 10 9 0
9 0 2 2
9 1 11 0
9 2 4 0
9 3 8 1
9 4 8 0
9 5 3 1
9 6 8 1
9 7 13 0
9 8 8 0
9 9 6 0
9 10 12 1
10 0 11 0
10 1 7 0
10 2 4 1
10 3 10 0
10 4 5 2
10 5 9 1
10 6 4 0
10 7 5 1
10 8 2 1
10 9 5 1
10 10 8 0
