27 19 29 25
0 30 38 32
0 24 34 42
14 15 13 58
15 39 33 13
16 30 32 22
21 20 20 39
0 12 20 68
0 18 22 60
11 26 26 37
0 22 31 47
0 16 45 39
2 23 24 51
3 19 38 40
6 26 28 40
25 30 43 2
23 31 33 13
13 13 41 33
10 18 10 62
15 29 18 38
7 29 22 42
9 14 34 43
13 19 34 34
11 21 25 43
9 21 32 38
10 17 28 45
10 17 35 38
8 24 29 39
13 18 30 39
9 18 30 43
11 19 29 41
9 20 32 39
10 22 29 39
10 19 30 41
9 20 31 40
10 21 29 40
10 24 33 33
12 16 33 39
6 18 30 46
15 23 15 47
9 32 20 39
10 18 30 42
14 18 23 45
15 20 24 41
18 35 31 16
3 28 48 21
8 22 30 40
25 7 23 45
17 33 29 21
18 12 47 23
12 16 38 34
0 17 30 53
4 33 28 35
12 17 36 35
11 17 36 36
4 18 29 49
5 30 29 36
10 18 35 37
10 18 34 38
5 19 29 47
5 27 30 38
11 20 31 38
7 20 34 39
7 21 29 43
8 23 29 40
12 16 31 41
10 18 32 40
9 20 29 42
9 23 33 35
12 18 30 40
12 21 31 36
10 19 32 39
19 30 11 40
11 26 13 50
8 23 23 46
8 18 34 40
17 23 23 37
12 24 24 40
8 21 25 46
12 11 40 37
11 21 29 39
13 13 29 45
12 14 32 42
9 16 34 41
12 21 30 37
14 19 29 38
9 19 29 43
9 19 34 38
11 22 29 38
11 21 29 39
9 19 29 43
9 21 31 39
11 20 30 39
10 20 30 40
9 19 31 41
10 19 31 40
12 21 28 39
10 22 29 39
9 20 30 41
9 20 31 40
10 20 30 40
14 10 30 46
14 14 31 41
28 27 15 30
16 24 21 39
8 15 35 42
12 17 22 49
13 21 24 42
12 25 24 39
8 17 36 39
9 17 24 50
16 20 25 39
12 22 27 39
10 17 33 40
9 17 30 44
12 20 27 41
12 21 28 39
10 18 33 39
9 18 29 44
12 20 29 39
10 19 31 40
10 21 30 39
9 19 30 42
12 20 29 39
9 22 30 39
10 20 31 39
11 19 30 40
9 20 30 41
12 21 26 41
9 22 30 39
11 19 27 43
12 21 28 39
9 20 31 40
10 20 30 40
9 20 30 41
11 13 32 44
14 18 28 40
24 27 32 17
13 27 38 22
10 24 35 31
7 19 29 45
13 24 32 31
11 24 34 31
10 22 34 34
8 19 29 44
12 24 30 34
13 23 30 34
9 20 34 37
10 19 29 42
11 21 30 38
10 21 31 38
11 20 31 38
9 19 29 43
11 21 30 38
12 19 31 38
9 22 30 39
9 20 30 41
12 29 13 46
13 21 18 48
12 22 26 40
11 11 34 44
10 19 28 43
11 22 28 39
8 22 30 40
10 19 32 39
9 21 28 42
10 21 29 40
11 20 30 39
10 19 31 40
10 20 29 41
11 21 29 39
8 19 31 42
9 21 31 39
11 20 29 40
10 20 30 40
10 19 30 41
10 20 30 40
9 20 31 40
12 22 33 33
9 21 31 39
17 27 12 44
19 18 15 48
14 21 22 43
10 21 30 39
12 21 25 42
13 18 27 42
8 21 30 41
9 20 32 39
11 22 27 40
13 18 27 42
10 19 29 42
10 20 31 39
10 20 30 40
9 19 31 41
10 21 29 40
10 20 30 40
9 21 31 39
10 20 29 41
10 20 30 40
11 20 30 39
11 10 37 42
11 13 33 43
11 20 30 39
10 16 29 45
8 16 32 44
10 17 32 41
10 22 29 39
10 18 31 41
10 19 32 39
9 21 30 40
9 21 29 41
12 19 29 40
10 19 30 41
10 19 31 40
15 22 31 32
9 20 31 40
12 23 33 32
11 22 34 33
13 26 25 36
9 20 29 42
12 21 30 37
9 20 34 37
13 17 29 41
11 18 31 40
10 21 31 38
10 20 30 40
10 20 31 39
10 19 29 42
10 20 29 41
7 22 31 40
9 19 33 39
13 19 29 39
9 20 31 40
10 20 29 41
9 22 29 40
11 19 31 39
10 20 29 41
9 21 31 39
10 21 29 40
10 19 30 41
10 21 29 40
9 19 31 41
10 19 32 39
10 21 29 40
10 21 29 40
10 19 30 41
12 19 29 40
10 19 31 40
18 28 31 23
12 25 34 29
4 22 37 37
6 19 30 45
11 21 30 38
9 20 33 38
12 23 20 45
9 24 25 42
12 19 31 38
11 23 26 40
9 22 29 40
10 19 31 40
11 20 31 38
11 19 30 40
11 20 29 40
9 21 31 39
10 20 31 39
9 21 29 41
12 19 30 39
11 19 30 40
9 20 30 41
10 20 30 40
10 19 31 40
9 20 30 41
13 22 25 40
9 19 31 41
17 28 28 27
11 21 32 36
11 20 29 40
10 21 31 38
11 19 30 40
10 21 31 38
9 20 31 40
12 20 29 39
9 21 30 40
11 20 30 39
10 20 29 41
11 15 30 44
11 18 32 39
10 21 30 39
12 20 29 39
8 19 32 41
11 20 29 40
10 20 29 41
8 22 30 40
9 19 31 41
9 19 31 41
11 20 29 40
11 21 29 39
9 21 30 40
9 19 31 41
11 20 30 39
11 19 30 40
10 19 30 41
10 20 30 40
9 21 29 41
10 20 30 40
10 20 30 40
12 21 34 33
10 19 33 38
9 20 29 42
11 21 30 38
11 20 31 38
10 20 31 39
10 21 29 40
11 20 29 40
10 19 29 42
7 23 30 40
7 19 31 43
9 20 31 40
10 22 29 39
11 19 30 40
9 21 31 39
10 20 30 40
11 19 30 40
9 21 30 40
10 20 30 40
9 20 29 42
9 20 31 40
11 19 30 40
17 24 33 26
13 23 30 34
9 22 31 38
12 22 22 44
11 21 29 39
9 20 30 41
11 17 32 40
10 20 30 40
13 17 31 39
10 19 30 41
9 21 30 40
12 21 25 42
11 23 27 39
11 19 29 41
9 21 29 41
10 19 32 39
11 19 30 40
9 19 31 41
10 21 30 39
9 21 29 41
9 20 30 41
13 19 29 39
9 20 31 40
10 20 31 39
9 22 30 39
12 19 30 39
10 20 29 41
10 21 29 40
10 19 30 41
10 20 29 41
10 19 32 39
9 21 30 40
10 19 31 40
10 20 31 39
11 21 29 39
9 20 30 41
9 20 30 41
12 19 29 40
9 20 31 40
11 19 30 40
10 21 29 40
9 21 30 40
10 20 29 41
13 22 32 33
11 21 31 37
10 19 30 41
12 19 31 38
11 21 30 38
10 20 30 40
12 19 29 40
6 21 32 41
9 20 32 39
11 19 29 41
10 21 30 39
9 19 32 40
11 20 30 39
10 20 29 41
11 19 30 40
9 21 30 40
10 19 29 42
11 20 30 39
9 20 30 41
9 21 30 40
9 19 31 41
11 20 30 39
11 20 30 39
9 22 29 40
9 19 33 39
10 19 31 40
9 20 30 41
10 21 29 40
12 19 30 39
9 21 29 41
9 19 32 40
9 21 30 40
11 19 30 40
10 21 30 39
9 20 29 42
10 19 32 39
9 19 31 41
9 20 31 40
10 19 30 41
10 20 31 39
9 21 29 41
10 21 29 40
10 19 32 39
10 22 29 39
9 20 31 40
10 19 30 41
10 20 30 40
9 22 29 40
12 19 29 40
9 21 31 39
10 20 30 40
10 19 30 41
10 21 30 39
10 20 29 41
9 20 29 42
10 20 30 40
10 20 31 39
9 20 29 42
11 19 29 41
9 19 32 40
10 20 30 40
11 20 30 39
11 20 30 39
9 19 30 42
10 21 30 39
11 19 30 40
10 20 31 39
11 21 28 40
10 21 29 40
10 19 31 40
9 20 29 42
12 20 29 39
10 20 30 40
10 21 30 39
9 19 30 42
11 20 30 39
10 20 31 39
11 19 30 40
10 20 30 40
10 19 30 41
10 21 29 40
9 20 32 39
11 19 31 39
10 21 29 40
11 20 29 40
11 20 29 40
10 20 31 39
9 20 30 41
11 19 31 39
9 20 31 40
9 21 30 40
9 20 31 40
10 20 30 40
11 19 30 40
10 20 29 41
10 20 30 40
10 22 30 38
9 20 30 41
11 20 31 38
9 19 31 41
11 21 30 38
11 22 27 40
10 21 30 39
10 22 28 40
10 19 29 42
9 20 31 40
9 21 31 39
12 19 29 40
11 20 29 40
9 19 33 39
10 21 29 40
11 19 29 41
10 19 29 42
10 20 30 40
9 22 30 39
11 21 29 39
9 19 31 41
9 21 31 39
10 20 30 40
9 19 31 41
10 21 30 39
10 20 29 41
11 19 31 39
10 22 29 39
10 19 29 42
12 19 30 39
10 19 31 40
11 20 30 39
9 19 32 40
10 20 30 40
9 22 29 40
9 20 31 40
10 20 29 41
9 21 30 40
11 20 29 40
11 20 30 39
9 20 30 41
11 20 30 39
10 17 31 42
10 19 32 39
10 20 31 39
9 19 31 41
9 20 32 39
9 22 27 42
9 20 30 41
11 20 28 41
10 21 30 39
10 21 30 39
11 21 28 40
11 19 30 40
9 21 29 41
11 19 30 40
9 21 30 40
10 21 29 40
12 19 30 39
11 19 29 41
10 19 31 40
9 19 31 41
10 20 31 39
9 22 29 40
10 20 30 40
10 21 30 39
10 20 30 40
10 20 29 41
10 19 30 41
10 21 30 39
11 19 31 39
9 20 30 41
10 19 31 40
11 20 29 40
9 21 31 39
11 19 29 41
10 20 30 40
11 21 29 39
10 19 30 41
10 19 29 42
9 21 30 40
10 20 31 39
10 19 30 41
9 20 32 39
9 21 31 39
10 19 31 40
11 19 31 39
12 19 30 39
12 20 28 40
9 20 30 41
12 20 28 40
9 20 29 42
10 21 29 40
9 20 32 39
10 20 29 41
9 19 30 42
10 20 30 40
11 20 30 39
9 22 29 40
9 19 30 42
10 19 31 40
10 20 31 39
10 20 30 40
9 20 31 40
11 20 29 40
10 20 31 39
9 20 32 39
10 21 30 39
10 20 29 41
11 17 31 41
10 21 29 40
12 17 31 40
13 18 30 39
9 19 31 41
10 21 30 39
11 19 29 41
9 21 30 40
9 20 30 41
10 21 30 39
10 19 29 42
10 20 31 39
10 20 31 39
10 22 29 39
9 21 31 39
9 19 30 42
11 19 30 40
9 21 31 39
12 19 30 39
9 19 29 43
11 20 30 39
9 20 29 42
10 19 30 41
10 19 30 41
10 20 31 39
10 21 29 40
10 20 30 40
11 20 30 39
11 20 30 39
10 20 31 39
10 20 30 40
7 23 30 40
10 21 29 40
9 17 32 42
11 20 30 39
10 19 32 39
12 19 29 40
9 20 31 40
9 20 31 40
10 21 29 40
11 19 31 39
10 20 30 40
9 21 31 39
10 21 29 40
12 19 29 40
9 19 31 41
11 20 30 39
10 20 30 40
10 19 29 42
11 20 30 39
9 19 31 41
9 23 29 39
9 19 32 40
9 21 30 40
11 20 30 39
10 19 31 40
10 20 30 40
11 20 29 40
9 21 31 39
9 20 31 40
10 20 30 40
10 19 30 41
11 19 30 40
9 21 30 40
12 20 28 40
11 20 30 39
10 20 31 39
10 22 28 40
11 21 29 39
10 20 31 39
10 21 30 39
9 20 29 42
10 14 34 42
9 18 33 40
10 21 30 39
12 19 30 39
10 21 30 39
10 20 29 41
10 20 30 40
11 19 31 39
9 20 29 42
9 19 32 40
10 21 29 40
10 21 30 39
10 20 30 40
9 21 30 40
11 20 29 40
9 20 31 40
9 20 30 41
10 20 30 40
9 20 30 41
12 17 33 38
9 18 31 42
10 19 32 39
10 20 30 40
11 23 26 40
13 19 27 41
12 19 29 40
9 20 31 40
10 19 31 40
11 19 31 39
10 21 29 40
9 20 30 41
12 20 29 39
9 22 30 39
9 19 31 41
11 19 29 41
10 20 30 40
9 19 31 41
10 19 31 40
11 20 30 39
9 23 29 39
11 20 29 40
9 20 29 42
9 19 32 40
9 20 30 41
10 22 29 39
11 21 29 39
9 21 30 40
11 20 30 39
11 20 30 39
9 20 31 40
10 20 30 40
10 18 30 42
11 18 30 41
11 18 32 39
11 21 29 39
10 18 30 42
10 19 29 42
12 19 29 40
8 23 30 39
10 20 30 40
10 19 30 41
10 19 32 39
8 20 32 40
9 21 30 40
9 20 30 41
9 20 30 41
12 20 29 39
10 21 29 40
11 19 30 40
10 21 29 40
10 19 31 40
11 19 30 40
11 20 30 39
9 20 31 40
9 20 30 41
10 21 30 39
10 20 29 41
9 19 31 41
10 20 30 40
11 20 29 40
10 21 30 39
10 19 30 41
11 19 30 40
10 20 31 39
10 20 30 40
9 20 30 41
11 21 29 39
9 19 32 40
10 20 29 41
9 20 31 40
12 19 30 39
10 21 30 39
11 19 31 39
9 21 29 41
12 19 30 39
10 20 31 39
9 19 31 41
10 20 30 40
11 20 30 39
9 22 30 39
10 21 30 39
10 20 28 42
9 21 28 42
10 19 31 40
9 20 31 40
12 19 28 41
10 21 30 39
11 19 29 41
10 20 29 41
9 21 31 39
9 20 32 39
11 21 29 39
9 21 31 39
13 19 29 39
10 19 30 41
9 21 30 40
11 19 29 41
12 19 29 40
11 19 30 40
10 20 31 39
9 21 30 40
9 22 30 39
10 19 29 42
10 20 29 41
11 21 29 39
10 21 30 39
10 21 29 40
9 19 31 41
10 20 29 41
11 20 30 39
9 19 30 42
10 21 29 40
10 20 30 40
10 20 31 39
10 20 29 41
10 21 30 39
11 19 30 40
10 21 30 39
9 21 29 41
9 21 30 40
10 21 29 40
10 19 30 41
10 19 30 41
11 19 30 40
9 19 30 42
9 21 31 39
10 19 32 39
10 19 30 41
11 20 29 40
9 19 31 41
11 20 29 40
10 20 30 40
9 22 29 40
10 19 30 41
10 21 30 39
9 21 29 41
10 20 29 41
10 19 31 40
9 20 30 41
9 19 30 42
9 21 31 39
9 20 30 41
11 21 29 39
10 21 29 40
11 20 29 40
11 19 29 41
9 19 30 42
9 20 30 41
10 20 30 40
10 19 29 42
10 21 30 39
10 20 30 40
10 20 30 40
9 22 29 40
9 20 32 39
10 20 30 40
10 21 30 39
10 20 29 41
10 19 32 39
10 20 30 40
10 19 30 41
11 20 29 40
9 22 29 40
9 20 29 42
10 20 30 40
10 21 29 40
10 19 31 40
9 21 32 38
11 20 29 40
11 20 30 39
10 19 31 40
9 22 30 39
9 20 30 41
11 20 30 39
11 19 30 40
9 21 30 40
11 19 29 41
10 21 30 39
10 20 30 40
11 20 29 40
10 19 30 41
10 22 29 39
9 20 31 40
9 22 29 40
10 20 30 40
11 20 29 40
9 19 31 41
10 20 31 39
12 20 29 39
10 22 29 39
10 19 31 40
10 21 29 40
9 19 30 42
9 20 31 40
10 20 30 40
9 20 30 41
11 20 29 40
9 20 31 40
9 21 31 39
10 20 29 41
10 20 29 41
11 20 30 39
12 18 31 39
13 18 29 40
9 20 31 40
10 19 31 40
9 21 30 40
10 19 30 41
11 20 29 40
9 20 31 40
11 20 30 39
10 21 29 40
10 19 31 40
11 20 30 39
10 21 29 40
10 19 29 42
11 20 29 40
10 20 30 40
8 22 30 40
9 19 30 42
10 19 32 39
11 21 29 39
9 21 30 40
10 19 31 40
10 19 30 41
10 20 30 40
9 19 29 43
9 21 30 40
9 19 32 40
11 19 31 39
10 21 30 39
9 21 31 39
11 19 30 40
11 19 30 40
10 19 31 40
9 23 27 41
11 21 29 39
11 19 31 39
11 19 30 40
9 20 31 40
10 20 31 39
9 20 31 40
10 19 31 40
12 19 29 40
11 19 30 40
10 19 30 41
9 20 32 39
11 20 30 39
10 21 30 39
9 21 29 41
11 19 30 40
11 21 29 39
10 20 30 40
10 19 30 41
12 19 30 39
9 19 33 39
10 20 29 41
9 21 31 39
10 20 31 39
10 20 30 40
10 20 29 41
11 20 30 39
12 19 29 40
9 21 31 39
10 20 30 40
9 21 30 40
9 20 31 40
11 20 30 39
10 20 29 41
10 19 29 42
9 21 30 40
10 19 31 40
9 21 30 40
9 21 29 41
11 21 29 39
9 22 29 40
9 20 32 39
11 19 31 39
10 19 30 41
10 19 29 42
10 21 29 40
10 20 30 40
10 21 30 39
9 22 30 39
10 19 30 41
11 21 29 39
9 21 30 40
9 20 30 41
10 20 30 40
10 20 30 40
10 19 30 41
9 20 31 40
9 19 31 41
10 21 29 40
9 22 30 39
10 20 31 39
10 20 30 40
9 20 31 40
9 21 31 39
10 21 29 40
10 20 30 40
10 21 30 39
10 18 31 41
9 21 29 41
11 18 29 42
11 19 29 41
10 21 30 39
10 19 32 39
9 19 31 41
11 20 29 40
11 20 29 40
9 21 30 40
9 22 29 40
11 21 29 39
9 20 31 40
9 21 30 40
10 21 29 40
10 20 30 40
9 20 30 41
10 21 29 40
11 16 31 42
13 22 34 31
13 21 30 36
10 18 30 42
9 20 32 39
11 19 30 40
11 19 31 39
11 20 29 40
10 19 31 40
11 20 29 40
11 19 29 41
9 22 30 39