0 0 1143 1933 2634 3630 4899 5697 7026 7932 8609 9669
0 1 945 1535 2199 2703 3549 4250 5241 6027 6867 7701
0 2 1604 1926 2586 2839 3639 3980 4409 4773 5164 5988
0 3 1378 2154 2982 3826 4733 5581 6504 7226 7915 8642
0 4 796 1811 2595 3275 4184 4988 6047 6768 7205 7920
0 5 1072 1963 2605 3491 4589 5358 6145 6839 7584 8395
0 6 1298 2137 2636 3321 3903 4603 5037 5478 6246 6754
0 7 561 1425 2163 2626 3387 4079 4508 5133 5661 6286
0 8 594 1327 1823 2729 3486 3910 4606 5084 5764 6434
0 9 609 1347 2040 2744 3102 4240 5068 5713 6604 7596
0 10 937 1681 2644 3650 4865 6416 7713 8507 9818 11196
1 0 1149 1555 2307 2723 3094 3499 3777 4151 4496 4772
1 1 1113 1985 2292 2547 2924 3318 3685 3916 4131 4477
1 2 1303 1867 2261 2708 3065 3651 3982 4194 4490 4844
1 3 1707 2816 3329 3894 4459 4887 5293 5627 5750 5889
1 4 885 1698 2200 2783 3294 3440 3803 4285 4507 4940
1 5 1307 1814 2093 2890 3499 3978 4256 4731 4927 5266
1 6 1426 1965 2271 2632 3162 3609 4163 4600 5151 5590
1 7 1366 2210 2578 2805 3054 3491 3806 4075 4492 5051
1 8 1059 1633 2169 2674 3190 3601 4031 4538 5242 5637
1 9 817 1524 2454 3371 3997 4358 4819 5382 5801 6263
1 10 1054 1762 2639 3242 3651 4083 4147 4582 4854 5812
2 0 688 1588 2254 2714 3196 3702 4216 4516 4841 5207
2 1 1540 2026 2580 3042 3218 3703 4131 4375 4724 5030
2 2 1028 1469 1665 2109 2535 2875 3226 3632 4043 4537
2 3 638 1413 1970 2369 2676 3009 3469 3828 4118 4327
2 4 1052 2399 3017 3470 3843 4201 4425 4719 4950 5334
2 5 528 1312 1897 2601 2833 3044 3418 4069 4406 4792
2 6 1391 1829 2021 2417 2827 3313 3658 4055 4298 4592
2 7 748 1893 2351 2801 3014 3303 3804 4241 4716 5079
2 8 790 1728 2245 2704 3378 3954 4503 5373 5981 6397
2 9 1382 2169 2415 3160 4256 4900 5449 5883 6285 7080
2 10 862 2244 3038 3782 4743 5463 6587 7381 8370 9119
3 0 894 1230 1711 2285 2910 3402 3790 4157 4683 5069
3 1 631 1539 2150 2689 3007 3287 3603 3832 4412 4759
3 2 829 1414 1643 2205 2580 3221 3426 3782 4058 4404
3 3 651 1100 1433 1867 2107 2500 3047 3330 3713 3981
3 4 379 856 1554 2425 2737 3236 3643 3928 4228 4502
3 5 1310 2114 2863 3606 4147 4724 5181 5765 5978 6398
3 6 1231 2594 2889 3169 3560 4045 4322 4617 4924 5396
3 7 596 1912 2382 2792 3381 3890 4125 4678 4963 5445
3 8 703 1394 1863 2022 2669 3312 4040 5057 5712 5895
3 9 1306 2663 4190 4644 5270 6027 6906 7784 8329 8777
3 10 912 1808 2406 3812 4401 5379 5964 6547 6906 7644
4 0 1090 2371 2790 3290 3609 4344 4683 5659 6006 6880
4 1 1108 2198 3288 3770 4129 4431 4913 5420 5668 6356
4 2 614 1206 1707 2346 2841 3204 3494 3857 4289 4694
4 3 983 1481 2023 2726 3127 3454 4257 4649 5374 5800
4 4 981 1360 1869 2362 3267 3605 4098 4443 4748 5107
4 5 866 1545 2231 2511 2738 3289 3746 4481 4818 5190
4 6 1239 1462 2090 2472 2703 3082 3387 3676 3878 4364
4 7 1016 1582 2497 2681 3210 3655 4045 4651 5113 5410
4 8 671 2351 2927 3740 4357 4887 5656 6047 6655 7261
4 9 1648 2122 2894 3902 5240 6083 6476 7330 8002 8796
4 10 990 2190 2966 3383 4274 4608 5286 5765 6119 6762
5 0 732 1480 2358 2910 3238 4042 4347 4683 5740 6819
5 1 693 1002 1294 1754 2573 2865 3213 3520 4187 4275
5 2 573 1174 1597 2063 2806 3122 3631 3962 4386 4965
5 3 886 1618 2139 2554 2846 3161 3719 4325 4801 5148
5 4 673 1423 2088 2603 3104 3287 3567 4139 4502 4868
5 5 765 1100 1519 2018 2654 2892 3215 3396 3797 4089
5 6 853 2077 2424 2808 3317 3707 4069 4538 4968 5242
5 7 1416 2592 3012 3892 4346 4830 5127 5707 6254 6753
5 8 889 2073 2971 3826 4469 4996 5629 6240 7127 7728
5 9 737 1444 1955 2697 3505 4844 5740 6622 7483 7979
5 10 1314 1903 2543 3129 4374 4891 5127 5543 5907 7059
6 0 1467 2247 3314 3904 4749 5634 5927 6202 6586 7901
6 1 740 1078 1515 1812 2609 3395 4005 4467 4724 5140
6 2 615 1351 1749 2545 2926 3808 4255 4649 5015 5514
6 3 1654 2802 3456 3927 4495 4717 5257 5732 6122 6683
6 4 955 1337 2377 2883 3401 3892 4252 4604 5097 5461
6 5 1739 2291 2906 3264 3453 3755 4102 4387 4817 5096
6 6 978 1997 2744 3203 3587 4366 4885 5216 5578 5759
6 7 648 1694 1955 2736 3079 3900 4423 4929 5562 6093
6 8 971 1566 2333 2708 3513 4061 4630 5084 5796 6180
6 9 1353 2473 3481 4547 5985 6348 7234 8049 8941 9626
6 10 1458 2933 4230 4734 5022 5918 6847 7372 8183 9214
7 0 657 1305 2543 3382 4503 4877 5501 6539 7357 7921
7 1 936 1648 2310 3830 4423 4875 5110 5563 5944 6439
7 2 800 1675 2200 2837 3982 4674 5561 6342 6711 7333
7 3 1156 2227 2963 3564 4854 5263 5879 6474 6970 7687
7 4 1090 1704 2187 2457 2755 3364 4336 4997 5192 5860
7 5 1282 2343 3317 4146 4798 5597 6129 6402 6972 7292
7 6 1189 1874 2529 3384 4026 5052 5596 5935 6653 7187
7 7 1438 2120 3452 4446 5375 5894 6640 6978 7202 7529
7 8 1323 1825 2712 3616 4663 4998 5959 6988 7914 8615
7 9 581 1925 2794 3528 3871 4643 5287 5927 6282 6532
7 10 1746 3275 4139 4850 5377 6073 6545 6955 7655 8223
8 0 1315 2371 3541 4366 5348 7156 8376 9168 10585 11910
8 1 847 1526 2188 3439 5121 6073 6776 7377 8187 8680
8 2 1126 1881 2851 3499 4493 5004 5865 6320 6865 7255
8 3 968 1525 2275 3133 3812 4292 5391 5899 6706 7241
8 4 485 1618 2120 2850 3500 5086 6324 6731 7130 7712
8 5 795 1429 1814 3018 3618 4191 4682 5786 6297 6731
8 6 1254 1679 2200 2512 3408 4194 4738 5259 5494 5867
8 7 776 1837 2227 2627 3636 3897 4699 5630 6161 6675
8 8 916 1550 3111 4399 5627 6800 7289 8201 8583 9041
8 9 1582 3133 4213 4914 6333 7578 8221 8983 9677 10472
8 10 1197 2585 3344 3954 4523 5440 6413 7580 8608 9050
9 0 1089 2031 3217 4091 4769 5633 6899 7851 8978 9975
9 1 1997 3036 3908 4758 5783 6697 7762 8701 10184 12206
9 2 1258 2596 3170 3803 4300 5530 6525 7431 8050 8525
9 3 1459 2455 3084 3783 4201 4848 5417 6886 7679 8689
9 4 700 1718 2499 4019 4734 5175 5527 5980 6730 7218
9 5 979 1533 2366 3268 3871 4454 5268 5912 6310 6941
9 6 700 1754 2515 3294 3852 4347 4783 5666 6271 6766
9 7 1256 2032 2677 3535 3917 5107 5903 6366 7522 8851
9 8 664 1904 2971 3922 5042 5669 6213 6683 7352 8057
9 9 1450 3202 4947 6087 7355 7912 9813 11158 11908 12494
9 10 1182 2873 3595 5129 5814 7124 8117 9465 10043 11201
10 0 689 1653 2676 3373 4303 5527 6399 7101 8494 9592
10 1 877 1892 3203 3826 4358 5742 7109 7972 8542 9501
10 2 1195 2229 4489 5830 6805 7790 9016 9814 10926 12274
10 3 1093 2584 3341 4424 6062 6847 8051 8817 10591 11973
10 4 1522 2512 3714 4448 5042 5793 6576 7160 7746 8429
10 5 1455 2096 3725 5017 5823 6872 8491 9237 10774 11681
10 6 1236 2033 2797 3543 4746 5523 7356 8181 9621 10586
10 7 805 2468 3139 4227 5036 5869 7035 8135 8603 9154
10 8 655 1831 3290 5058 6303 7356 8311 9358 9890 10737
10 9 2147 2932 4557 4944 6691 8200 9187 10569 11833 13101
10 10 1392 3718 5722 7586 9741 11219 13060 13654 14577 15665
