0 0 6 14 25 39 48 60 71 81 92 100 2 2 2 2 2 3 3 3 4 5
0 1 14 23 29 39 46 54 67 76 84 93 0 1 1 2 2 2 2 3 4 5
0 2 8 16 27 35 42 52 59 67 78 85 0 0 0 1 3 4 7 7 7 8
0 3 11 19 26 31 38 50 61 68 78 86 2 3 3 5 5 5 6 6 6 8
0 4 8 16 23 26 37 46 54 62 66 72 2 4 5 6 6 6 6 6 6 6
0 5 5 14 22 31 45 51 62 70 76 82 1 1 2 2 2 3 4 5 5 6
0 6 6 18 27 41 49 57 68 77 89 97 0 1 1 3 5 5 5 5 5 6
0 7 13 25 37 49 62 70 77 83 89 99 1 1 1 2 3 3 3 3 3 3
0 8 10 19 31 40 46 53 67 78 87 94 1 3 3 5 6 6 7 7 7 7
0 9 6 16 35 45 56 65 75 84 90 102 1 1 2 2 2 2 2 3 4 6
0 10 12 20 24 29 40 50 58 70 80 90 0 1 1 1 2 3 4 5 5 5
1 0 7 15 25 29 39 50 54 62 71 84 1 5 5 5 7 7 7 7 8 8
1 1 7 15 25 34 42 49 58 64 69 76 4 5 5 5 6 6 7 7 8 8
1 2 12 18 24 29 35 40 47 59 68 79 0 0 1 3 3 3 3 4 5 7
1 3 9 15 22 29 39 46 57 67 87 93 0 1 2 3 4 4 4 4 5 6
1 4 9 17 27 33 37 47 55 63 65 75 0 3 3 4 4 4 5 7 7 8
1 5 11 21 30 38 45 52 62 71 79 91 1 1 1 2 3 3 4 5 6 7
1 6 7 14 25 33 45 52 59 67 75 80 1 1 2 2 2 3 4 4 4 4
1 7 7 16 28 36 44 50 56 65 74 84 1 5 7 7 8 12 12 13 13 14
1 8 7 16 27 34 40 47 57 65 73 84 2 4 5 5 5 5 7 7 8 9
1 9 10 22 30 41 51 58 66 72 84 91 4 7 7 7 7 7 7 8 8 10
1 10 11 17 29 37 45 51 58 69 75 81 3 6 6 6 7 7 9 11 13 14
2 0 9 16 23 31 39 53 61 68 75 82 1 3 3 3 3 3 3 3 6 6
2 1 12 23 36 47 54 61 64 72 81 85 0 0 1 3 5 6 6 6 7 8
2 2 7 14 23 31 39 48 53 60 71 85 0 0 3 6 7 8 8 8 9 11
2 3 6 16 19 27 34 42 53 62 66 76 0 2 2 4 4 5 7 8 8 9
2 4 8 16 23 30 43 52 66 74 85 91 2 2 2 2 2 2 3 6 8 9
2 5 5 13 26 36 43 52 62 74 83 88 0 2 3 4 4 5 5 6 7 7
2 6 6 16 24 33 41 48 53 59 71 78 1 2 2 2 4 5 6 6 6 7
2 7 15 21 33 40 51 58 67 76 83 96 0 1 2 4 4 5 6 7 7 8
2 8 12 27 35 47 56 67 72 79 86 90 0 0 0 0 0 0 0 2 3 3
2 9 12 24 33 41 50 61 73 78 88 97 0 1 2 2 3 4 4 4 5 5
2 10 7 18 24 36 41 51 58 68 79 93 1 2 2 3 3 4 6 7 10 11
3 0 10 17 25 35 43 52 64 71 83 89 1 2 2 2 3 3 4 4 5 6
3 1 5 17 28 37 48 53 61 64 73 79 1 2 2 4 5 5 5 5 8 9
3 2 6 15 20 31 46 55 67 79 85 96 1 2 3 4 5 5 6 7 8 8
3 3 6 14 28 30 37 47 54 61 72 83 0 1 1 1 1 2 3 4 4 5
3 4 9 21 31 40 48 59 70 76 82 89 2 4 4 4 4 4 4 4 4 6
3 5 8 18 30 37 48 54 60 68 78 87 1 1 3 6 6 7 7 7 7 9
3 6 6 18 26 34 45 51 61 69 80 88 0 0 2 2 2 2 3 4 4 5
3 7 10 19 26 35 39 52 59 66 75 88 1 1 1 1 3 3 3 3 6 7
3 8 11 21 27 36 48 56 60 68 80 92 2 2 2 2 2 3 4 6 9 9
3 9 11 24 29 33 42 50 63 74 81 89 0 1 1 1 2 2 2 3 5 5
3 10 9 18 25 32 41 50 61 72 77 83 0 0 0 0 1 2 2 2 2 3
4 0 9 16 24 31 44 52 57 67 73 82 1 1 2 2 3 3 4 4 4 4
4 1 11 22 30 40 45 58 63 70 75 85 1 1 1 1 1 1 1 1 4 5
4 2 9 15 27 30 35 42 51 57 64 70 0 1 3 3 4 4 4 4 4 6
4 3 7 21 31 38 50 57 66 76 83 92 3 4 5 5 6 6 9 11 13 13
4 4 11 22 29 39 55 64 66 74 76 91 0 0 1 1 2 2 2 3 3 4
4 5 10 20 25 31 36 43 52 57 64 71 0 1 1 3 4 6 8 10 10 10
4 6 8 16 23 30 39 48 54 59 67 73 0 0 1 1 1 1 1 2 4 5
4 7 6 14 22 36 41 48 55 68 72 78 0 0 0 0 0 0 0 0 1 1
4 8 10 18 21 33 38 45 54 62 70 80 0 2 2 3 4 4 4 5 6 6
4 9 9 18 27 33 40 50 57 61 68 74 1 2 3 4 5 6 6 7 7 9
4 10 9 18 24 35 45 53 63 69 76 82 0 0 0 0 2 3 4 4 6 7
5 0 11 20 31 37 45 50 58 69 81 93 2 2 4 4 4 5 5 7 8 9
5 1 10 19 30 41 52 58 64 73 82 90 1 2 6 6 10 10 11 11 11 11
5 2 11 19 25 32 41 49 57 66 75 85 1 1 1 1 3 3 3 4 5 5
5 3 9 19 26 36 42 50 55 64 75 83 0 0 0 1 1 1 1 2 3 5
5 4 7 15 24 31 43 50 60 65 73 84 0 1 1 3 4 4 4 4 5 5
5 5 12 20 34 42 50 63 73 81 90 95 1 1 1 1 2 2 2 2 2 2
5 6 12 25 33 38 50 55 60 67 74 81 0 0 1 1 4 5 5 6 6 8
5 7 11 19 27 35 41 46 52 57 65 73 1 1 1 2 2 2 4 5 8 8
5 8 8 14 27 34 40 46 55 64 70 82 0 2 2 2 2 2 2 2 2 3
5 9 11 23 29 40 51 58 66 74 83 91 2 2 3 4 4 4 4 4 4 5
5 10 6 17 23 31 43 49 56 66 73 81 1 1 2 3 3 4 4 6 7 7
6 0 5 13 25 36 42 48 59 64 74 85 1 2 2 2 3 3 5 5 6 6
6 1 9 21 29 37 46 55 59 65 76 81 0 2 2 3 3 4 4 4 5 5
6 2 10 22 32 38 45 47 56 65 72 79 1 2 2 4 5 5 6 6 7 8
6 3 10 17 27 33 46 55 67 80 88 96 0 1 3 4 5 6 10 10 10 11
6 4 9 20 30 38 48 57 72 81 91 98 0 0 1 1 1 3 4 4 6 6
6 5 8 15 27 38 47 59 68 77 81 88 1 3 3 4 5 7 7 9 9 10
6 6 8 15 24 33 39 46 52 58 69 80 1 2 2 4 5 6 7 8 9 9
6 7 7 21 31 39 46 58 66 73 80 85 1 1 2 2 4 5 5 5 5 5
6 8 15 26 33 43 50 63 79 85 91 97 0 0 0 1 1 2 3 3 3 5
6 9 8 19 31 37 47 54 64 69 78 88 0 1 1 1 2 2 3 3 3 3
6 10 2 7 21 29 38 47 55 63 68 72 0 1 3 3 3 4 4 4 5 8
7 0 6 12 17 26 36 47 55 60 68 72 0 1 2 2 5 6 6 6 6 9
7 1 9 13 21 31 44 59 67 72 83 90 3 3 3 4 4 5 6 6 7 9
7 2 8 16 20 23 31 37 41 45 53 66 1 1 3 3 3 5 5 5 6 7
7 3 6 15 22 28 38 48 57 64 74 86 0 0 0 1 1 2 2 4 4 6
7 4 6 11 14 24 34 41 43 54 64 72 2 3 4 4 5 5 6 6 7 7
7 5 10 22 30 41 50 59 63 73 80 90 0 2 2 4 4 5 5 5 6 6
7 6 7 15 28 36 43 49 55 61 66 72 3 4 4 4 5 6 6 8 8 8
7 7 10 19 27 35 42 48 59 68 75 87 0 2 2 2 3 6 7 7 11 11
7 8 8 15 20 26 36 44 51 60 69 78 1 2 3 4 4 5 6 6 8 8
7 9 10 18 31 37 43 50 61 75 85 91 0 1 1 1 2 2 2 4 4 5
7 10 6 12 23 34 43 53 61 66 75 84 1 3 3 3 4 4 4 4 5 7
8 0 11 19 34 39 46 55 62 73 79 86 0 0 0 1 2 2 3 3 3 4
8 1 9 16 27 35 46 52 59 64 70 74 0 1 2 2 5 6 7 7 7 7
8 2 11 16 29 38 48 58 64 72 79 83 1 2 3 3 3 4 6 6 7 7
8 3 11 22 29 37 41 48 58 65 70 81 0 2 2 2 2 4 6 6 6 7
8 4 5 15 22 31 38 50 60 68 74 83 0 0 1 2 3 3 3 3 4 4
8 5 13 18 22 30 41 45 51 62 78 85 0 0 1 2 2 2 2 2 2 2
8 6 6 18 25 35 39 45 51 62 67 78 0 1 1 4 5 5 5 5 5 6
8 7 9 17 30 43 49 62 68 76 85 92 0 0 2 3 3 3 3 5 5 6
8 8 11 19 28 33 39 49 52 59 67 75 1 2 4 4 5 5 6 8 8 8
8 9 11 17 25 29 40 45 48 57 68 76 0 0 2 3 3 4 4 4 4 4
8 10 6 15 25 38 41 51 62 69 81 91 1 2 2 4 5 5 7 7 8 11
9 0 10 18 27 37 48 55 69 82 89 97 1 1 1 1 3 4 4 5 5 5
9 1 10 20 34 39 51 53 61 70 82 90 2 2 3 5 6 6 6 7 7 8
9 2 7 12 23 29 40 49 55 62 69 74 2 2 3 3 4 5 6 6 6 7
9 3 3 12 21 29 39 49 52 63 77 84 0 0 2 3 3 4 5 9 11 11
9 4 10 19 22 30 36 43 53 61 74 81 2 2 2 2 3 4 4 5 6 6
9 5 4 9 18 21 30 39 48 57 67 73 0 2 2 2 2 2 2 4 4 4
9 6 6 16 22 25 35 48 60 66 78 82 1 2 2 2 3 3 4 4 5 6
9 7 9 18 29 37 44 55 65 77 87 88 0 1 1 2 2 4 5 5 5 5
9 8 6 12 23 30 36 42 53 57 67 75 0 0 2 2 2 2 4 5 5 5
9 9 12 18 25 38 46 53 59 68 77 85 2 4 5 7 7 7 7 8 9 9
9 10 9 20 33 40 48 55 62 67 78 88 0 2 2 2 2 3 5 5 7 7
10 0 8 17 29 44 50 62 66 75 85 91 0 0 0 1 1 2 2 4 5 6
10 1 10 16 25 33 47 53 65 75 80 89 2 4 4 5 7 8 8 8 8 9
10 2 8 17 21 27 38 52 61 72 85 93 1 2 3 4 5 5 5 6 6 7
10 3 10 24 32 41 48 64 70 81 89 96 0 0 1 1 3 3 4 4 4 5
10 4 8 15 24 33 38 43 52 59 72 78 0 3 3 4 4 4 4 5 5 5
10 5 9 23 33 40 47 56 62 69 76 84 1 2 5 6 6 6 8 8 9 9
10 6 7 15 30 43 46 58 65 75 84 89 1 2 3 3 3 3 3 4 4 5
10 7 9 20 29 39 46 59 62 75 81 88 1 2 3 5 6 6 8 8 8 8
10 8 6 15 26 36 44 54 61 74 82 90 1 3 3 4 5 7 8 9 10 11
10 9 11 22 30 36 46 51 56 60 65 77 0 1 4 4 4 4 5 5 5 7
10 10 9 16 26 34 39 44 55 66 77 85 0 2 2 3 3 3 4 5 6 7