0.9873419328164925 0.9493677312659744
0.9851568970931446 0.9406275883725851
0.9856900474821195 0.942760189928481
0.986489113146606 0.9459564525864246
0.9852099436112554 0.9408397744450263
0.9876990601659179 0.9507962406636744
0.9848811272960685 0.9395245091842734
0.9894786893204893 0.9579147572819604
0.9868471730126309 0.9473886920505266
0.990394646881748 0.9615785875269961
0.9886059963457029 0.9544239853828147
0.9913894972033133 0.965557988813256
0.9895373379950623 0.9581493519802481
0.9894575373025718 0.9578301492102861
0.9922794678628373 0.9691178714513495
0.9906229070846797 0.9624916283387197
0.9876705037709883 0.9506820150839534
0.9915447084541126 0.9661788338164484
0.9913909871299967 0.9655639485199851
0.9931743555126129 0.9726974220504506
0.9912978124661025 0.9651912498644126
0.9909017106103382 0.9636068424413538
0.9922270225448673 0.9689080901794682
0.9921707012984836 0.9686828051939355
0.9898959838112387 0.9595839352449586
0.9921177847369842 0.9684711389479376
0.9905770553782063 0.9623082215128248
0.989739315059782 0.9589572602391231
0.9921614642949138 0.9686458571796578
0.9904112529860927 0.9616450119443706
0.9899152589589634 0.9596610358358608
0.9916451267978188 0.9665805071912765
0.9906873937318316 0.9627495749273256
0.9887349521969632 0.9549398087878537
0.9915675600950276 0.966270240380111
0.992615144382948 0.9704605775317915
0.9908093287571902 0.9632373150287619
0.9917148537077819 0.9668594148311268
0.9893635071244515 0.9574540284978067
0.9875705872769214 0.9502823491076833
0.985439419601117 0.9417576784044678
0.9906831923196016 0.9627327692784085
0.9925933317720663 0.9703733270882645
0.990946851289148 0.9637874051565944
0.990373314913356 0.9614932596534221
0.9888183820144844 0.9552735280579392
0.991278815322694 0.9651152612907765
0.9908056042248279 0.9632224168993114
0.9931125077137106 0.9724500308548382
0.9902276201102231 0.9609104804408952
0.991980549632787 0.9679221985311506
0.9899497823902976 0.9597991295611915
0.9907394585740893 0.9629578342963585
0.9889195044000008 0.9556780176000054
0.9906252617558101 0.9625010470232392
0.9913302547052464 0.9653210188209855
0.9905476376621652 0.9621905506486589
0.9890548183399664 0.9562192733598668
0.9919212006787596 0.9676848027150371
0.9913620283180238 0.9654481132720953
0.9894936366270484 0.9579745465081951
0.9921441719806656 0.9685766879226658
0.9899973334764173 0.9599893339056718
0.9932559208177487 0.973023683270996
0.9913099826483114 0.965239930593245
0.9933959733426069 0.9735838933704272
0.9915007569782394 0.9660030279129592
0.9895659653111659 0.9582638612446649
0.9895863542234866 0.9583454168939488
0.9915981647573564 0.9663926590294235
0.989800370496934 0.9592014819877384
0.9924483085935577 0.9697932343742339
0.9923656766483993 0.9694627065935945
0.9904470414638049 0.9617881658552223
0.9931516366292445 0.9726065465169791
0.992564190948608 0.9702567637944327
0.9939496278883649 0.9757985115534624
0.9933009435517228 0.973203774206894
0.9944200313769185 0.9776801255076759
0.9933540863667851 0.9734163454671434
0.9918678443499561 0.9674713773998266
0.9899438751329154 0.9597755005316625
0.9915817029030958 0.9663268116123848
0.9893778351711952 0.9575113406847823
0.9898678089933084 0.9594712359732313
0.9922957852473654 0.9691831409894618
0.992050616290525 0.9682024651621024
0.9926379280852122 0.9705517123408496
0.9926875264166476 0.9707501056665914
0.991467779350481 0.9658711174019268
0.9937556458686823 0.97502258347473
0.9922239576478108 0.9688958305912403
0.9938533977318609 0.9754135909274474
0.9930812493087608 0.9723249972350426
0.994293693950972 0.9771747758038892
0.9930434600916137 0.9721738403664539
0.9918225927390251 0.9672903709561047
0.9938564334999754 0.9754257339998997
0.9928120669875038 0.971248267950014
0.9906287333210363 0.9625149332841446
0.9934033613325445 0.9736134453301797
0.9924270543493211 0.9697082173972841
0.9939277194416469 0.9757108777665867
0.9917887861696679 0.967155144678671
0.9915605972462646 0.9662423889850591
0.9930768759073599 0.9723075036294389
0.9902686696544303 0.9610746786177242
0.9878264434695004 0.9513057738780037
0.9876884769150504 0.9507539076602036
0.9907508374001981 0.9630033496007934
0.9906668865982323 0.9626675463929285
0.9916284065076418 0.9665136260305682
0.9918910542451194 0.9675642169804801
0.989062077955894 0.9562483118235753
0.9879720476739305 0.9518881906957248
0.9914046577548041 0.965618631019218
0.9897674790577421 0.9590699162309697
0.9892444513886329 0.9569778055545316
0.9880771895977187 0.9523087583908766
0.9919788570554235 0.9679154282216967
0.993006896997792 0.9720275879911672
0.9930716612482644 0.9722866449930554
0.9905040105657738 0.9620160422630936
0.9897090748176819 0.9588362992707299
0.9922049870931979 0.9688199483727923
0.9918155432441944 0.9672621729767776
0.9934901031475101 0.9739604125900403
0.9932465622617309 0.9729862490469249
0.9912658046815555 0.9650632187262249
0.9890667771383869 0.9562671085535428
0.9904622517077011 0.961849006830804
0.990941068307295 0.9637642732291783
0.9887694027306414 0.9550776109225669
0.9882621992761432 0.953048797104571
0.9914288415310214 0.9657153661240871
0.9913268782965324 0.9653075131861353
0.9902357212860645 0.96094288514426
0.9927928636374732 0.9711714545498965
0.9910203660084648 0.9640814640338594
0.990824358702615 0.9632974348104589
0.9889859626805696 0.9559438507222761
0.9913118454931792 0.9652473819727195
0.989484079882261 0.9579363195290449
0.9928603653558853 0.9714414614235423
0.9916260735450889 0.9665042941803548
0.9895515379671137 0.9582061518684553
0.9912706872894365 0.9650827491577485
0.9915264255035564 0.9661057020142259
0.9905909291950695 0.9623637167802795
0.9891030910763292 0.9564123643053201
0.9878510662762956 0.9514042651051867
0.9915877427924435 0.9663509711697725
0.993193872717571 0.9727754908702818
0.9928395959461653 0.9713583837846615
0.9913367728578962 0.9653470914315816
0.993641693543564 0.9745667741742593
0.9921694824272586 0.9686779297090335
0.994613443415241 0.9784537736609668
0.9924770110828464 0.9699080443313833
0.993433118764166 0.9737324750566656
0.993564894793081 0.9742595791723253
0.9938731522963086 0.975492609185234
0.9943183729894725 0.9772734919578909
0.9931632781681985 0.9726531126727915
0.9909721823554736 0.9638887294218944
0.9936019334864947 0.9744077339459822
0.9938911721320356 0.9755646885281417
0.9931229061508969 0.9724916246035855
0.9911180352240725 0.9644721408962893
0.9897664600850762 0.9590658403403074
0.9926653988094575 0.9706615952378347
0.9903761958099087 0.9615047832396351
0.9929709827805646 0.971883931122259
0.9925999650761893 0.9703998603047546
0.9908125798501065 0.9632503194004284
0.9936989622363848 0.9747958489455435
0.9943520361370148 0.977408144548059
0.9920497270412845 0.9681989081651373
0.9919774052565661 0.9679096210262641
0.9929666097276922 0.9718664389107653
0.9929316897186842 0.9717267588747379
0.991226926862382 0.9649077074495302
0.9889133854896185 0.9556535419584784
0.9904564431404946 0.961825772561978
0.9906975438537813 0.9627901754151255
0.9899588357295364 0.9598353429181422
0.9922488112128827 0.9689952448515332
0.991030553745805 0.9641222149832199
0.989112216368454 0.9564488654738184
0.991452009679658 0.9658080387186345
0.9904410443376677 0.9617641773506709
0.9884273508230482 0.9537094032921946
0.9916452755110078 0.9665811020440318
0.9906826657352499 0.9627306629409957
0.988355670346855 0.953422681387421
0.9913795247686232 0.9655180990744905
0.9913535143759996 0.9654140575039961
0.989023447130426 0.9560937885217048
0.9880753036398792 0.9523012145595158
0.9913461227362711 0.9653844909450869
0.9906593978244337 0.9626375912977354
0.9892445858929836 0.9569783435719362
0.9871013646848623 0.9484054587394483
0.9917156046608661 0.9668624186434633
0.9894431745675984 0.9577726982703947
0.9901123711669101 0.9604494846676402
0.9907718588144834 0.963087435257935
0.9894508174069475 0.9578032696277906
0.991865655862499 0.967462623449995
0.9908135059507844 0.9632540238031367
0.989382581058411 0.9575303242336417
0.9912733880113827 0.9650935520455304
0.9918526524013468 0.9674106096053866
0.9929032921250346 0.9716131685001401
0.9922240152288381 0.9688960609153506
0.9899974013710088 0.9599896054840378
0.9874219612317348 0.9496878449269368
0.9902377663085069 0.9609510652340278
0.9876488754222394 0.9505955016889654
0.987815090648088 0.9512603625923507
0.9857628208191013 0.9430512832764048
0.9898377505343053 0.9593510021372216
0.9891897588484392 0.9567590353937573
0.9871691896458473 0.9486767585833892
0.9897282613447196 0.9589130453788759
0.9897482643263504 0.9589930573054026
0.9882700451210574 0.9530801804842298
0.992019346475859 0.9680773859034395
0.990704192008788 0.9628167680351517
0.9932337590960513 0.9729350363842055
0.992233088068367 0.9689323522734667
0.9904680053894488 0.9618720215577976
0.9917896589318307 0.9671586357273253
0.9926401962580148 0.9705607850320603
0.9933914333268505 0.9735657333073995
0.9921975882874229 0.9687903531496912
0.9902767613330902 0.9611070453323611
0.9929843215421558 0.9719372861686223
0.9913601860966247 0.9654407443864998
0.9887899781506673 0.9551599126026683
0.9908380710287206 0.963352284114888
0.9908811055304454 0.9635244221217816
0.9890224657459576 0.9560898629838325
0.988495100543992 0.9539804021759657
0.9912239445864359 0.9648957783457428
0.9916165637866193 0.9664662551464793
0.9924578727731186 0.9698314910924745
0.9908983685788864 0.9635934743155459
0.9888171711659784 0.9552686846639162
0.9876458564348265 0.9505834257393051
0.9904086134029746 0.9616344536118976
0.9905782924469054 0.9623131697876188
0.9923621048299587 0.9694484193198358
0.9925944400561646 0.9703777602246603
0.9905374825896917 0.9621499303587648
0.98841997980769 0.9536799192307611
0.9879473500777272 0.9517894003109074
0.9918164331610884 0.9672657326443571
0.9898332229293213 0.9593328917172841
0.989167588848754 0.9566703553950178
0.9924923011110519 0.9699692044442079
0.9932562771085517 0.9730251084342058
0.9937558838861209 0.975023535544483
0.9917329044342899 0.9669316177371593
0.9911182607863815 0.9644730431455277
0.9932720278993806 0.9730881115975237
0.9922528264393372 0.9690113057573526
0.9902036119471035 0.960814447788413
0.9889596992461931 0.9558387969847697
0.9926721705200433 0.9706886820801729
0.9918023202930143 0.9672092811720563
0.9934457828226605 0.9737831312906396
0.9947871752978942 0.9791487011915797
0.9930615445036962 0.9722461780147826
0.9904895490294184 0.9619581961176732
0.9901521548573946 0.96060861942958
0.9924441334336952 0.9697765337347813
0.9924363448687976 0.9697453794751884
0.9933820699228807 0.9735282796915192
0.9913054203739587 0.9652216814958342
0.991619648823888 0.9664785952955512
0.9926815435866775 0.9707261743467076
0.9918422632810333 0.9673690531241311
0.9904152369870722 0.9616609479482867
0.9886493894834049 0.9545975579336221
0.9879058078229518 0.9516232312918051
0.9916664232248832 0.9666656928995324
0.9908562419512865 0.9634249678051456
0.9892959061640502 0.9571836246562
0.9923184094517431 0.9692736378069728
0.9933334195150555 0.9733336780602214
0.992740894020665 0.970963576082661
0.9914250222634204 0.9657000890536765
0.9937275813501558 0.9749103254006211
0.9923382614318568 0.9693530457274278
0.9907086028030208 0.9628344112120815
0.9925924381092576 0.9703697524370303
0.9929065876024574 0.9716263504098278
0.9936048136197333 0.974419254478932
0.9920734772488105 0.9682939089952388
0.993483263649278 0.9739330545971117
0.9932354510622563 0.9729418042490224
0.9911733949783845 0.9646935799135383
0.9932320733463295 0.9729282933853193
0.9926693622986468 0.9706774491945841
0.993176651282894 0.9727066051315744
0.9932256929030865 0.9729027716123456
0.9911512227142915 0.964604890857163
0.9885317728104956 0.9541270912419819
0.9867488807245093 0.9469955228980342
0.9907809366191932 0.9631237464767719
0.989162582758323 0.9566503310332899
0.9893497704523897 0.9573990818095588
0.9884842896383605 0.9539371585534396
0.9923229195717278 0.969291678286909
0.9912878608800401 0.9651514435201568
0.9934975323634704 0.9739901294538763
0.993011721808366 0.9720468872334637
0.990517900575393 0.9620716023015723
0.9934305503513703 0.9737222014054799
0.9920820916212074 0.9683283664848309
0.9940306564304745 0.9761226257218958
0.9923072126124837 0.9692288504499319
0.9914804056827503 0.9659216227309984
0.9930037592176046 0.9720150368704185
0.991690365618194 0.9667614624727777
0.990449196605605 0.9617967864224196
0.9893886855731586 0.9575547422926308
0.9928555229044207 0.9714220916176817
0.9910239265068337 0.9640957060273336
0.9900438938997382 0.9601755755989526
0.9930282981062813 0.9721131924251252
0.9924776508321568 0.969910603328625
0.9903268242921061 0.9613072971684237
0.9932446948711193 0.9729787794844779
0.9943536198732583 0.9774144794930345
0.9949024311487019 0.979609724594809
0.9950545438373555 0.9802181753494199
0.9933683360381258 0.973473344152502
0.9932815469034327 0.9731261876137275
0.9941253408467632 0.9765013633870545
0.9938939136208006 0.9755756544832019
0.9911897972750316 0.9647591891001293
0.9903547508104085 0.9614190032416352
0.9930117658710846 0.9720470634843392
0.9934475898362737 0.9737903593450934
0.991389251890102 0.9655570075604059
0.9917642310875442 0.9670569243501766
0.9908861669191913 0.9635446676767687
0.9924182637593619 0.9696730550374463
0.9924421342953686 0.969768537181475
0.9908169589605973 0.9632678358423916
0.9932084371039878 0.9728337484159533
0.9920458642380032 0.9681834569520149
0.9892673172647523 0.9570692690590094
0.9923962423428435 0.9695849693713721
0.9935786210522042 0.9743144842088174
0.9935471702125251 0.9741886808501018
0.9944601838076482 0.9778407352305919
0.9938041921225343 0.9752167684901375
0.9944621976367076 0.977848790546828
0.9941950368528157 0.9767801474112622
0.9950163951863412 0.9800655807453649
0.9926022013322703 0.9704088053290828
0.992241466496043 0.9689658659841734
0.9931916694158948 0.9727666776635809
0.9931037518717585 0.9724150074870356
0.9947930047441196 0.9791720189764779
0.9941503518629485 0.9766014074517971
0.9952372309776685 0.9809489239106731
0.9925518015035125 0.9702072060140512
0.9914898925837424 0.9659595703349692
0.9896745442702598 0.9586981770810395
0.9923674366985441 0.9694697467941764
0.9905590904569218 0.9622363618276841
0.9901294026260441 0.960517610504176
0.992260388287155 0.9690415531486205
0.9918587181887515 0.9674348727550057
0.988619162943925 0.9544766517757014
0.9865632348648105 0.946252939459243
0.9861066254694164 0.9444265018776656
0.9852718693846236 0.9410874775385012
0.9901590627507014 0.9606362510028055
0.9893520194796791 0.9574080779187172
0.9916882519798362 0.9667530079193464
0.9896485053257601 0.9585940213030391
0.9918679142384712 0.9674716569538853
0.9902594661390544 0.9610378645562181
0.9900368814554238 0.960147525821691
0.9916689901981783 0.9666759607927136
0.9911884444908369 0.964753777963348
0.98854042736837 0.954161709473481
0.9909011904238383 0.9636047616953527
0.9907770967325377 0.9631083869301508
0.9898641874533388 0.9594567498133565
0.9877657830400431 0.9510631321601744
0.9923454873401486 0.9693819493605935
0.9907324741025838 0.9629298964103379
0.9932133541104275 0.9728534164417076
0.9922392700749086 0.9689570802996341
0.9905423083764322 0.9621692335057295
0.9881420874903123 0.9525683499612503
0.985782505297994 0.9431300211919765
0.9904731163846304 0.9618924655385235
0.9915226597150899 0.9660906388603642
0.9920351715109744 0.9681406860438981
0.9894725017906607 0.9578900071626418
0.9886311998822924 0.9545247995291707
0.9916716227296735 0.9666864909186953
0.9915846228861525 0.9663384915446106
0.992717655113272 0.9708706204530864
0.9916739581635348 0.9666958326541366
0.9936657609575011 0.9746630438300021
0.9931365069194512 0.9725460276778042
0.9910540682157684 0.9642162728630711
0.9898884616752508 0.9595538467010017
0.9930612424356727 0.9722449697426906
0.9914987562376933 0.9659950249507754
0.9898550292602359 0.9594201170409455
0.9933971242078344 0.9735884968313416
0.9907075261804624 0.9628301047218487
0.9934678720352423 0.9738714881409717
0.9908414633099051 0.963365853239618
0.9885591571918858 0.9542366287675469
0.987632284696774 0.9505291387870978
0.9915752184571958 0.9663008738287852
0.9886724494149056 0.9546897976596231
0.9906205210441967 0.962482084176789
0.9915351002984365 0.9661404011937481
0.9929041278177395 0.9716165112709593
0.9924167140106279 0.9696668560425132
0.9914057759400853 0.965623103760344
0.9939931296228095 0.9759725184912394
0.9918483922341377 0.9673935689365476
0.9902317891881537 0.9609271567526168
0.9882798201940908 0.9531192807763667
0.9912327858493575 0.9649311433974319
0.9902195371179073 0.960878148471628
0.9928487197150226 0.9713948788600898
0.9911295032580386 0.9645180130321535
0.9906563154124846 0.9626252616499404
0.993304458099991 0.9732178323999657
0.9904991479854902 0.9619965919419584
0.9915140159758447 0.9660560639033775
0.9919712426382759 0.9678849705531034
0.9903182848183943 0.9612731392735789
0.9889421063194165 0.9557684252776674
0.9920443861325869 0.9681775445303505
0.9903247332691569 0.9612989330766241
0.9881783429824881 0.9527133719299518
0.9913067289797436 0.9652269159189746
0.9909315160548873 0.9637260642195496
0.9891404423416055 0.9565617693664241
0.9924342073964318 0.9697368295857276
0.9908069246911995 0.963227698764798
0.9881756189070412 0.952702475628167
0.9924397024286892 0.9697588097147536
0.9912180417398136 0.964872166959257
0.9891659227747418 0.9566636910989689
0.9915769035459554 0.9663076141838193
0.9908358553160004 0.9633434212640035
0.9937562277844251 0.9750249111377017
0.991610259400415 0.9664410376016601
0.989711074441495 0.9588442977659825
0.9892438981871791 0.9569755927487196
0.992486188553182 0.9699447542127283
0.9916868581626469 0.9667474326505908
0.9933133150726923 0.9732532602907715
0.9925216827228462 0.9700867308913863
0.9904917497650046 0.961966999060024
0.9883696763638365 0.9534787054553463
0.9919558153722058 0.9678232614888255
0.9896195117566121 0.9584780470264505
0.9874378732625644 0.9497514930502551
0.9874186191180883 0.9496744764723523
0.9910083642002383 0.9640334568009575
0.9906530655217367 0.9626122620869498
0.9922172572607799 0.9688690290431207
0.9921945546591687 0.9687782186366761
0.9932818782350185 0.9731275129400706
0.992673211397608 0.9706928455904312
0.9909464094625705 0.9637856378502824
0.9922862638537757 0.969145055415104
0.9915679590395806 0.9662718361583258
0.9927491153792939 0.9709964615171761
0.9929311752314294 0.9717247009257214
0.9907777272162483 0.9631109088649915
0.9934219744424505 0.9736878977698021
0.9940346843835952 0.976138737534382
0.994179927764952 0.9767197110598093
0.9934189680246817 0.9736758720987232
0.9950520338736059 0.9802081354944224
0.9923371014769515 0.9693484059078086
0.9913533352660012 0.9654133410640049
0.993267919234728 0.9730716769389098
0.9908506777908931 0.9634027111635697
0.9905245250390743 0.9620981001562999
0.9921316999901307 0.9685267999605238
0.9903209248325578 0.9612836993302314
0.9902573079615373 0.9610292318461512
0.9920155327770848 0.9680621311083415
0.9920644030606303 0.9682576122425195
0.9928797062139283 0.9715188248557144
0.9904645153383638 0.9618580613534569
0.9906494137843299 0.9625976551373199
0.9922740457465077 0.9690961829860308
0.9925478300633036 0.9701913202532152
0.9932613695541624 0.9730454782166502
0.9934921270682696 0.9739685082730815
0.9911608930865596 0.964643572346237
0.9923597885236707 0.969439154094683
0.9923789030623927 0.9695156122495712
0.9905080717908794 0.9620322871635185
0.9934962117263562 0.9739848469054228
0.9923255988912942 0.9693023955651788
0.9937527631608083 0.9750110526432318
0.9925558158934661 0.970223263573863
0.9896661495435003 0.9586645981740011
0.9887616212887756 0.9550464851551022
0.9930632994586646 0.9722531978346548
0.9918913849105526 0.9675655396422089
0.993308832936825 0.9732353317473028
0.9909120045099089 0.9636480180396364
0.9931906413108784 0.9727625652435158
0.9924986939597401 0.969994775838963
0.9898675684550866 0.9594702738203487
0.9885787242741325 0.9543148970965291
0.9917134752499757 0.9668539009999036
0.9935780252334974 0.9743121009339888
0.991728980977905 0.9669159239116192
0.9923028668777832 0.9692114675111346
0.9925840362128497 0.9703361448513965
0.9916569358165911 0.9666277432663676
0.9937383951428995 0.9749535805715985
0.992943734969542 0.9717749398781653
0.993767361971036 0.975069447884145
0.9932843262368851 0.9731373049475422
0.9945354810727389 0.9781419242909564
0.9938245877826097 0.9752983511304387
0.9926315137645055 0.970526055058023
0.994389650675907 0.9775586027036303
0.9934654108837649 0.9738616435350628
0.9910032741478324 0.9640130965913312
0.9923950738598253 0.9695802954393014
0.9921737909975022 0.9686951639900085
0.9938105716291717 0.975242286516687
0.993550218804224 0.9742008752168946
0.9936662070591029 0.9746648282364151
0.9939205576625614 0.9756822306502462
0.9920458794944159 0.9681835179776654
0.9899430932862263 0.9597723731449043
0.9923410315457223 0.9693641261828883
0.9916392486071626 0.9665569944286531
0.9929939299117819 0.9719757196471274
0.9931013348072618 0.9724053392290483
0.9930808338848885 0.9723233355395589
0.9918976179710366 0.9675904718841474
0.9935701882332675 0.974280752933073
0.9925924023822121 0.9703696095288509
0.9905979524991684 0.9623918099966734
0.9892650848527539 0.9570603394110154
0.9926896436929049 0.9707585747716208
0.9920385408574061 0.9681541634296223
0.9897077082760326 0.9588308331041301
0.9921782818808873 0.9687131275235513
0.9898871172584253 0.9595484690337043
0.9897926193557347 0.9591704774229406
0.9915214943992356 0.9660859775969436
0.9891733195852653 0.9566932783410598
0.9890641195607407 0.9562564782429643
0.991374370677244 0.965497482708978
0.9913036152704074 0.9652144610816318
0.9893907138486416 0.9575628553945684
0.9919363479086415 0.9677453916345671
0.9907100125253072 0.9628400501012271
0.989385503526439 0.9575420141057576
0.9922078515416995 0.968831406166799
0.993857750534918 0.975431002139674
0.9923237475597528 0.9692949902390107
0.991118049862908 0.9644721994516327
0.9934840707730073 0.9739362830920294
0.993036600417518 0.9721464016700738
0.9915192594647215 0.9660770378588888
0.9935419789157693 0.974167915663077
0.9910847638928127 0.9643390555712518
0.9930020754301213 0.972008301720486
0.9910675953968232 0.9642703815872928
0.991003808059364 0.964015232237454
0.9887591147385221 0.955036458954092
0.9878326083087969 0.9513304332351885
0.9921557698451786 0.9686230793807126
0.9925419116575028 0.9701676466300133
0.9925863799795444 0.9703455199181802
0.9909355896723372 0.9637423586893472
0.9897703313753933 0.9590813255015765
0.9875667020426983 0.950266808170793
0.9896694231763532 0.9586776927054149
0.9904865338170988 0.9619461352683972
0.9922049795039033 0.9688199180156143
0.9900723788403407 0.9602895153613658
0.9916903918697231 0.9667615674788955
0.9915397960974631 0.9661591843898536
0.9923372275290315 0.9693489101161258
0.9899124391019044 0.9596497564076207
0.9899110253754535 0.9596441015018149
0.9917672626072348 0.9670690504289393
0.9920894948908879 0.9683579795635525
0.9927650161007241 0.9710600644028993
0.9930729907025199 0.9722919628100773
0.9936655288284658 0.9746621153138655
0.9938153573291796 0.975261429316716
0.994178951973508 0.97671580789403
0.9918234005607315 0.9672936022429245
0.9926491389158851 0.9705965556635366
0.9911909052337796 0.9647636209351178
0.9927552398133618 0.9710209592534476
0.9914830262933013 0.9659321051732064
0.989419520512713 0.9576780820508536
0.9926051833497149 0.9704207333988656
0.9925506375801056 0.9702025503204229
0.9902984028429133 0.9611936113716558
0.98897585314413 0.9559034125765222
0.9930255071570326 0.972102028628132
0.9936416715705648 0.9745666862822596
0.9941757129808176 0.9767028519232717
0.9919697691476063 0.9678790765904273
0.9892432211388361 0.9569728845553432
0.9907956248629788 0.9631824994519161
0.9921987816624158 0.968795126649663
0.990329875950383 0.9613195038015296
0.9928922023434579 0.9715688093738315
0.992815571754097 0.9712622870163881
0.9939467493710524 0.9757869974842087
0.9938780736504964 0.9755122946019871
0.9921374757627734 0.9685499030510969
0.9912185092049638 0.9648740368198551
0.9889420288275259 0.9557681153101047
0.9931783070537993 0.9727132282151979
0.99293116550696 0.971724662027839
0.990446797311976 0.9617871892479044
0.9881747888513197 0.9526991554052753
0.9897316994440035 0.9589267977760111
0.9898050779618535 0.959220311847415
0.9914459460094995 0.9657837840379984
0.991248224301758 0.9649928972070329
0.989884373828201 0.9595374953128059
0.9911627354952155 0.9646509419808634
0.9897938266059462 0.9591753064237861
0.987345943557777 0.9493837742311086
0.9907137518610731 0.9628550074442942
0.9909955354249075 0.9639821416996316
0.9933241974816593 0.9732967899266354
0.9911114672089734 0.9644458688358923
0.9928092352035279 0.9712369408141113
0.9928233337823823 0.9712933351295343
0.9937640382482177 0.9750561529928702
0.9938573113288988 0.9754292453155957
0.9953326402850494 0.9813305611401978
0.9941528120657894 0.9766112482631553
0.9918220770530994 0.9672883082123993
0.9892786829287282 0.957114731714914
0.9880812780579304 0.952325112231721
0.987764539966075 0.9510581598643021
0.9907802097837785 0.9631208391351149
0.9904529105131936 0.9618116420527744
0.9928440878420035 0.9713763513680173
0.9919643499314145 0.96785739972566
0.9894793480806523 0.9579173923226074
0.9871193658074062 0.9484774632296239
0.9901124702835589 0.9604498811342381
0.9909416640093438 0.9637666560373803
0.9914264905939068 0.9657059623756293
0.9922639368783188 0.969055747513274
0.9900572010974743 0.9602288043899013
0.98970735394364 0.958829415774561
0.988050909972251 0.9522036398890047
0.9911475960519309 0.9645903842077249
0.9906013188030582 0.9624052752122357
0.9919473756008427 0.9677895024033717
0.9911233882661444 0.9644935530645802
0.9888337746020858 0.955335098408343
0.9884696185923707 0.9538784743694843
0.9912635376117239 0.9650541504468976
0.9904383372857986 0.9617533491431971
0.9926813154194554 0.9707252616778279
0.992473038948235 0.9698921557929467
0.990466123834361 0.9618644953374441
0.9918597392707117 0.9674389570828484
0.9915416629702626 0.9661666518810513
0.9930602411279299 0.9722409645117206
0.9928871873529304 0.9715487494117246
0.9914621390677242 0.9658485562709003
0.9941205108487575 0.9764820433950331
0.9918771748773856 0.9675086995095424
0.990727290882976 0.9629091635319048
0.9928765605327263 0.9715062421309062
0.9928221828512096 0.9712887314048386
0.9905271754579296 0.9621087018317198
0.9922904035110794 0.9691616140443199
0.9927406914390599 0.9709627657562389
0.9906418546691833 0.9625674186767313
0.9898049506704569 0.9592198026818306
0.9919083093255572 0.967633237302229
0.9903696756858407 0.9614787027433622
0.9903700215176231 0.9614800860704946
0.9920171230276189 0.9680684921104749
0.991617440779721 0.9664697631188826
0.9930224696952994 0.9720898787811977
0.9948040409501899 0.9792161638007595
0.9947118996568982 0.9788475986275923
0.9921460677672989 0.9685842710691952
0.9911327702586705 0.9645310810346823
0.9924794699934442 0.9699178799737718
0.9908038477942817 0.9632153911771257
0.9915666303350574 0.9662665213402317
0.9919449935823811 0.9677799743295256
0.9914627163294146 0.9658508653176598
0.9937151837987198 0.9748607351948806
0.9909998626281947 0.9639994505127782
0.9928418470559937 0.9713673882239763
0.9913287671627671 0.9653150686510692
0.9920456067312875 0.9681824269251507
0.9923769180307835 0.9695076721231356
0.9916207224887419 0.9664828899549648
0.9889491631952887 0.9557966527811556
0.987576876965782 0.9503075078631266
0.9922399757685463 0.9689599030741818
0.9925144203831939 0.9700576815327753
0.9933461392042167 0.9733845568168664
0.9912629246968792 0.9650516987875215
0.9887711914776594 0.9550847659106381
0.9911303666121165 0.9645214664484663
0.9918936845009739 0.9675747380038945
0.9923715013343563 0.9694860053374269
0.9930596435437288 0.9722385741749131
0.991596391840208 0.9663855673608288
0.9896505373894996 0.9586021495579987
0.9923228605973903 0.9692914423895599
0.9940478975757399 0.9761915903029598
0.9933396422770856 0.9733585691083412
0.9923902948916731 0.9695611795666931
0.9901987376182988 0.9607949504731984
0.9933554267336833 0.9734217069347348
0.9908692513451957 0.9634770053807818
0.9885116609023379 0.9540466436093507
0.989989430250962 0.9599577210038478
0.993201435809352 0.9728057432374099
0.9932575681749624 0.9730302726998523
0.9942429349383605 0.9769717397534403
0.9935860496924613 0.9743441987698418
0.9906620142910674 0.962648057164272
0.9896566134116546 0.9586264536466187
0.9914786842616731 0.9659147370466942
0.9903909458282942 0.9615637833131784
0.9886484691135969 0.9545938764543892
0.9887528844444684 0.9550115377778738
0.9915914848344177 0.9663659393376741
0.9928631623782267 0.9714526495129089
0.9931319554694015 0.9725278218776077
0.9914869982269889 0.9659479929079559
0.99362611224606 0.9745044489842432
0.9909402989873195 0.9637611959492766
0.9882411547120322 0.9529646188481293
0.9919687583462748 0.9678750333850977
0.9946078677253329 0.9784314709013343
0.9917601738185264 0.9670406952741081
0.9909362886564289 0.9637451546257144
0.9929608661928292 0.9718434647713172
0.990940970460476 0.9637638818419081
0.990560934970188 0.962243739880752
0.992168116483003 0.9686724659320147
0.9916811174457962 0.9667244697831844
0.9901978227318821 0.9607912909275313
0.989083488255834 0.9563339530233365
0.9920848370099477 0.9683393480397935
0.990330577290532 0.9613223091621271
0.991308620072665 0.9652344802906585
0.9920736601326365 0.9682946405305476
0.9924895582273151 0.9699582329092592
0.9927807184406829 0.9711228737627337
0.9900949736989685 0.9603798947958749
0.9877131815495117 0.9508527261980488
0.9875386329287331 0.9501545317149345
0.9908883866603927 0.9635535466415707
0.9904306953968817 0.9617227815875293
0.9887152484126616 0.9548609936506492
0.9873850787631647 0.9495403150526585
0.992088891316486 0.9683555652659454
0.9904358391697718 0.9617433566790893
0.9930202313355083 0.9720809253420327
0.9909991072908355 0.9639964291633437
0.9885440162852277 0.9541760651409116
0.986745454729728 0.9469818189189119
0.9908020951842955 0.9632083807371837
0.9892097818972955 0.9568391275891845
0.9909884325783759 0.9639537303135028
0.9916486224478316 0.9665944897913273
0.9935744548207551 0.9742978192830194
0.9917700125144275 0.9670800500577097
0.9925023900477665 0.970009560191067
0.9915201306170208 0.9660805224680852
0.9934749814075591 0.9738999256302379
0.9938730932975901 0.9754923731903618
0.9920993282064597 0.9683973128258394
0.9904275118157367 0.9617100472629467
0.9924732041883749 0.9698928167535001
0.9921364300879469 0.9685457203517891
0.9935560864228423 0.9742243456913706
0.9929197915240485 0.9716791660961921
0.9904950648581219 0.9619802594324887
0.9884402322273458 0.9537609289093846
0.9914617167733364 0.9658468670933457
0.9924223646383875 0.969689458553549
0.9925828537683602 0.9703314150734415
0.9904481810886796 0.9617927243547217
0.9896352632267686 0.9585410529070743
0.9925874550686465 0.9703498202745845
0.9922272460389208 0.9689089841556812
0.9898153458307136 0.9592613833228559
0.9912111000398041 0.9648444001592179
0.991377188071527 0.9655087522861078
0.9929490348962592 0.9717961395850364
0.9923260520424816 0.9693042081699281
0.9906372967048552 0.9625491868194236
0.9893822534913009 0.9575290139652051
0.9929576719611333 0.9718306878445344
0.9910830376593571 0.9643321506374328
0.9887558391293348 0.9550233565173454
0.9908082633144574 0.9632330532578275
0.9910454577891926 0.9641818311567706
0.9908747069554564 0.9634988278218282
0.993173228232633 0.9726929129305343
0.992159811275736 0.9686392451029449
0.9904766230374554 0.9619064921498218
0.98932572420635 0.9573028968254016
0.9917483542075746 0.9669934168302999
0.9907625583656443 0.9630502334625777
0.9899647571938615 0.9598590287754427
0.9934476836653425 0.9737907346613713
0.991496760119172 0.9659870404766879
0.9929628241112421 0.971851296444967
0.9912444200468021 0.9649776801872074
0.9904465684644594 0.9617862738578379
0.9931786958672014 0.9727147834688071
0.9912631266121014 0.9650525064484058
0.988996998871289 0.9559879954851584
0.9910314140950315 0.9641256563801278
0.9904221239961056 0.9616884959844231
0.9890199808452996 0.956079923381199
0.9926174876257575 0.9704699505030326
0.9911824879452251 0.9647299517809004
0.9938257668318391 0.9753030673273573
0.9926586567243955 0.9706346268975821
0.9910068007819866 0.9640272031279449
0.9926960998060341 0.9707843992241362
0.9927634896936959 0.9710539587747827
0.9907476796515662 0.962990718606265
0.9885832217870476 0.9543328871481909
0.9908387180203334 0.9633548720813324
0.9915656196637459 0.9662624786549819
0.9897176098671431 0.9588704394685721
0.9879333572030589 0.9517334288122365
0.9893795653561142 0.9575182614244543
0.9921172857358014 0.9684691429432053
0.9923535435147471 0.9694141740589881
0.9930366781497543 0.9721467125990171
0.9920033996587421 0.9680135986349712
0.9900199272619625 0.9600797090478511
0.9907788418092422 0.9631153672369709
0.9914634989704837 0.9658539958819379
0.9910059098228174 0.9640236392912738
0.9929734437078127 0.971893774831254
0.9927073343081552 0.9708293372326214
0.9902303422582593 0.9609213690330382
0.9895314821724568 0.9581259286898245
0.9929056941679768 0.971622776671908
0.9941458795281777 0.9765835181127128
0.9941163469187658 0.9764653876750629
0.9920779030211243 0.9683116120844952
0.9936150240395608 0.9744600961582462
0.9932389345752042 0.9729557383008184
0.9912095522183865 0.9648382088735457
0.9905389767250912 0.9621559069003636
0.988505208895654 0.9540208355826209
0.9873923638990304 0.9495694555961232
0.9919708988242574 0.9678835952970297
0.9904916332670592 0.96196653306824
0.9922329986877672 0.9689319947510664
0.9923892576845481 0.9695570307381911
0.9936722692760094 0.974689077104038
0.9943665406433138 0.977466162573257
0.993100125766961 0.9724005030678429
0.9910976954460805 0.9643907817843246
0.9880046630389142 0.9520186521556608
0.9887183102305761 0.954873240922305
0.9874479373644971 0.9497917494579923
0.9916915748472458 0.9667662993889832
0.9908971789279468 0.963588715711791
0.9889432071176651 0.9557728284706603
0.9923272584714466 0.9693090338857864
0.989950968310052 0.9598038732402061
0.9924149966813495 0.969659986725402
0.9921150650609994 0.9684602602439975
0.9902762509897962 0.9611050039591856
0.9931490135494307 0.9725960541977241
0.9919350740508698 0.967740296203479
0.9902430719203862 0.9609722876815467
0.9920904320522055 0.9683617282088223
0.9918641123072041 0.9674564492288176
0.9937364391854474 0.9749457567417888
0.9932677633873773 0.9730710535495145
0.9904326740719264 0.9617306962877075
0.9883521359119808 0.9534085436479239
0.9922183863030195 0.9688735452120777
0.9900236762175904 0.9600947048703625
0.9917994577900576 0.96719783116023
0.991210539927219 0.964842159708877
0.9926658880262174 0.9706635521048684
0.9910853268543597 0.9643413074174411
0.9909660744840496 0.9638642979361994
0.9885867267087178 0.9543469068348716
0.9878135947148515 0.9512543788594068
0.9912666516143874 0.9650666064575492
0.9910221219894204 0.9640884879576803
0.9923178902501714 0.969271561000686
0.992019004914377 0.9680760196575094
0.9900451019783969 0.9601804079135877
0.9937220405426547 0.9748881621706179
0.9911289857183827 0.9645159428735323
0.9924193425539939 0.9696773702159779
0.9927587121908925 0.9710348487635696
0.9909297215513697 0.96371888620548
0.989813542782837 0.9592541711313463
0.9877040425156207 0.9508161700624798
0.9912988818048135 0.9651955272192557
0.9910248597484529 0.9640994389938123
0.9889928510525702 0.9559714042102845
0.9908508957407351 0.9634035829629422
0.9909606184378116 0.9638424737512465
0.9887226099752802 0.9548904399011204
0.9922501770280252 0.9690007081121004
0.991755260253317 0.9670210410132675
0.9932533298253415 0.973013319301368
0.9943493676067477 0.9773974704269935
0.9926076124475606 0.9704304497902425
0.9943682811078127 0.9774731244312536
0.9941268356724013 0.9765073426896079
0.9947955168448781 0.9791820673795121
0.9950925865292839 0.9803703461171366
0.9951378750244125 0.9805515000976516
0.9929796730953965 0.9719186923815901
0.9909374081676017 0.9637496326704064
0.9909592356542514 0.9638369426170069
0.9928654285303607 0.9714617141214437
0.9918831103296035 0.9675324413184131
0.9890096886897908 0.9560387547591626
0.9912389431765456 0.9649557727061813
0.9911490791571315 0.9645963166285285
0.9896980983356426 0.9587923933425749
0.9927157176292176 0.9708628705168691
0.991792085160864 0.9671683406434542
0.9901596104312108 0.960638441724844
0.9923028016811357 0.9692112067245464
0.9905971666636068 0.9623886666544256
0.9884280175305185 0.9537120701220746
0.9904005064123392 0.9616020256493599
0.9911967237677576 0.9647868950710322
0.9925625900344949 0.9702503601379807
0.9929925182512068 0.9719700730048279
0.993578753143986 0.9743150125759471
0.99385836752504 0.9754334701001622
0.9917131152754096 0.9668524611016394
0.9906356868804708 0.9625427475218822
0.9887426167997815 0.9549704671991249
0.9912500677851889 0.9650002711407567
0.9911509267541351 0.964603707016542
0.9934554245278842 0.9738216981115373
0.9924201219637299 0.9696804878549216
0.9935835356069392 0.9743341424277571
0.9933437627853944 0.9733750511415805
0.9940874433500941 0.9763497734003775
0.9917776542223531 0.9671106168894126
0.9891605045139988 0.9566420180559921
0.9890924429906947 0.9563697719627802
0.9877910863640288 0.9511643454561166
0.9917336468818375 0.9669345875273518
0.9910333510294739 0.9641334041178984
0.993237705697915 0.9729508227916623
0.9923125515279235 0.9692502061116952
0.9904277008147577 0.961710803259031
0.9919904962234224 0.9679619848936893
0.9914953628349432 0.9659814513397752
0.9906867744487139 0.9627470977948567
0.9889428161914267 0.9557712647657081
0.9924638420474677 0.9698553681898722
0.9930457754595706 0.9721831018382819
0.9928647061648005 0.9714588246592001
0.99103019303716 0.9641207721486404
0.9924232568256341 0.9696930273025358
0.9922012047868081 0.9688048191472323