0.9840983385507808 0.9363933542031253
0.975023477517368 0.9000939100694734
0.9637992113829189 0.855196845531675
0.9539852389092235 0.8159409556368967
0.9614606659166285 0.8458426636665135
0.9661609934079997 0.8646439736319969
0.9712594306508356 0.8850377226033405
0.9681311240539288 0.872524496215714
0.9617615828110816 0.8470463312443275
0.9673289599942769 0.8693158399771066
0.9686398301750052 0.8745593207000202
0.9715353931872479 0.8861415727489921
0.9654137895930162 0.8616551583720647
0.9631663543202008 0.8526654172808036
0.9733887917433475 0.8935551669733905
0.9683407845325174 0.8733631381300698
0.9783138951375214 0.9132555805500866
0.9759891796497752 0.9039567185990991
0.9680943444130533 0.8723773776522132
0.9644083689240718 0.8576334756962875
0.9753921688842893 0.9015686755371591
0.9698571891464498 0.8794287565857999
0.9656138849646136 0.8624555398584558
0.975532575214563 0.9021303008582521
0.9690593304966726 0.8762373219866914
0.9682687628935165 0.8730750515740644
0.9754567951313838 0.9018271805255337
0.9789485751754053 0.9157943007016209
0.9803122275139744 0.9212489100558965
0.9749974113001818 0.8999896452007267
0.9699229225035257 0.8796916900141025
0.9790586783600611 0.9162347134402451
0.9771340883909231 0.9085363535636936
0.9700871847868038 0.880348739147214
0.9620804827716207 0.8483219310864817
0.9597932084487184 0.8391728337948726
0.9726601117620732 0.8906404470482923
0.9682730093515594 0.8730920374062374
0.9721824369313923 0.8887297477255687
0.9755997232480211 0.902398892992086
0.9729530709474364 0.8918122837897455
0.9676773458509519 0.8707093834038077
0.9631890022545331 0.8527560090181311
0.9701019337569632 0.8804077350278543
0.9693207308174278 0.8772829232697121
0.9637490195795354 0.8549960783181411
0.9682188806347951 0.8728755225391812
0.9693355694976249 0.8773422779904989
0.9665617187349647 0.8662468749398593
0.9765365699535619 0.9061462798142478
0.9750604177484467 0.9002416709937884
0.9703706226228569 0.8814824904914272
0.9796778471485286 0.9187113885941146
0.9751018240831134 0.9004072963324559
0.9736017969666068 0.8944071878664259
0.9783462314921739 0.9133849259686935
0.9716080888314604 0.8864323553258427
0.9642491768404545 0.8569967073618213
0.9771979212118725 0.9087916848474922
0.9760251743098013 0.9041006972392044
0.9791498922458679 0.9165995689834725
0.9784842140621093 0.9139368562484366
0.9753832164341454 0.9015328657365785
0.9812557520257879 0.9250230081031531
0.9760485952856301 0.9041943811425215
0.9675724797253706 0.8702899189014821
0.9665433744832634 0.8661734979330555
0.9749990024604236 0.899996009841693
0.9736630559485546 0.8946522237942192
0.9670794717751096 0.8683178871004382
0.9623867271553544 0.8495469086214175
0.9700114130046217 0.8800456520184885
0.9640009551107466 0.8560038204429854
0.9648338856036617 0.8593355424146458
0.9709793492686946 0.8839173970747771
0.9721845733765637 0.888738293506255
0.970670830079387 0.8826833203175487
0.9777316757999102 0.9109267031996405
0.9768539579891597 0.9074158319566394
0.9692440102326999 0.8769760409308012
0.978864835730064 0.9154593429202559
0.9712559733022452 0.8850238932089803
0.976347229062768 0.9053889162510722
0.9754532648350149 0.9018130593400593
0.9782622592522016 0.913049037008807
0.9795549314272692 0.9182197257090741
0.9736322697643728 0.8945290790574896
0.9670761157674056 0.8683044630696208
0.965835086455643 0.8633403458225746
0.9746858894591226 0.8987435578364904
0.9723935539516924 0.8895742158067672
0.9768684026120034 0.9074736104480121
0.9753559787497288 0.9014239149989158
0.9736214054013126 0.8944856216052496
0.9785968323133954 0.9143873292535832
0.9732676674179639 0.8930706696718562
0.9717023040412195 0.886809216164878
0.9767973385593818 0.907189354237528
0.9741884258836554 0.8967537035346215
0.9696746657335684 0.8786986629342747
0.9752055592863155 0.9008222371452618
0.9750674514882484 0.9002698059529928
0.9782833164027208 0.913133265610883
0.9785649270848346 0.9142597083393393
0.9713475014300254 0.885390005720102
0.9696557986500772 0.8786231946003094
0.9790526081593923 0.9162104326375682
0.9720581197966288 0.8882324791865169
0.9733783767463297 0.8935135069853186
0.9761266019048692 0.904506407619477
0.9764480789154258 0.9057923156617014
0.9772630539458931 0.909052215783572
0.9749927091450984 0.8999708365803946
0.9680930584497509 0.8723722337990041
0.97355597517735 0.8942239007094004
0.9817117536960942 0.926847014784376
0.9810959864018973 0.9243839456075894
0.9868810766129502 0.9475243064518021
0.9802290854695008 0.9209163418780036
0.9765876697286328 0.9063506789145319
0.9812500221799234 0.925000088719692
0.9739475515302927 0.8957902061211722
0.9808642888336914 0.9234571553347674
0.9801299262694434 0.9205197050777721
0.974115656834436 0.8964626273377455
0.9680288555040284 0.8721154220161127
0.9779057484427582 0.9116229937710368
0.9771488847604703 0.9085955390418837
0.9803503479289133 0.9214013917156518
0.9741697207307173 0.896678882922869
0.9725462587141966 0.8901850348567857
0.9807579682696804 0.923031873078722
0.9740727857172908 0.8962911428691647
0.9722370386562145 0.8889481546248583
0.9806154381330885 0.9224617525323541
0.9783362285954729 0.913344914381891
0.9729442791395242 0.8917771165580956
0.9788260312643304 0.9153041250573214
0.9767121222459829 0.906848488983933
0.972368777247087 0.8894751089883484
0.979803197843191 0.9192127913727635
0.9739552017228342 0.8958208068913356
0.9662029632487682 0.8648118529950737
0.977339516737606 0.9093580669504258
0.9784254130243896 0.9137016520975589
0.9733228649062369 0.8932914596249474
0.9754087034485928 0.9016348137943705
0.9722375960914259 0.8889503843657042
0.9780064610693243 0.9120258442772972
0.9716035575341685 0.8864142301366753
0.9720431066064907 0.8881724264259632
0.9778493508160431 0.9113974032641728
0.9779072437018774 0.9116289748075094
0.9710007274409395 0.8840029097637577
0.9692120828477739 0.876848331391096
0.9783932075638938 0.9135728302555751
0.9816429392465696 0.9265717569862787
0.974999095060809 0.8999963802432361
0.9770559225355336 0.9082236901421357
0.9796165390282146 0.9184661561128563
0.9778402243094396 0.9113608972377581
0.9733038623709639 0.8932154494838551
0.9655406107560924 0.8621624430243706
0.9769822659184797 0.9079290636739185
0.975040475600347 0.9001619024013884
0.9715824212065978 0.8863296848263932
0.9781463561085134 0.912585424434052
0.9801560090084743 0.9206240360338973
0.9795449415589198 0.91817976623568
0.976767955863813 0.9070718234552515
0.9689273268114319 0.8757093072457282
0.9807634025442615 0.9230536101770468
0.9745206789545046 0.8980827158180186
0.9718309155932973 0.8873236623731893
0.9809072634403404 0.9236290537613617
0.9762815357865806 0.9051261431463214
0.9689282044641885 0.8757128178567557
0.974500405699291 0.8980016227971636
0.9745325228517125 0.8981300914068499
0.970842052832802 0.8833682113312092
0.9799184115330659 0.9196736461322643
0.9722957626020349 0.8891830504081407
0.9801781368709672 0.9207125474838691
0.9775466456245764 0.9101865824983073
0.9715063233121493 0.8860252932485957
0.9821607430390579 0.9286429721562314
0.9765246366389939 0.9060985465559768
0.9783521599676769 0.9134086398707078
0.9788000261519413 0.9152001046077644
0.9721769223567536 0.8887076894270156
0.9806743535217973 0.9226974140871874
0.9769735495362752 0.9078941981451
0.9816269123115218 0.9265076492460861
0.9783272323745956 0.9133089294983808
0.9712981963643663 0.8851927854574647
0.9686189614456869 0.8744758457827488
0.9790913100120662 0.9163652400482658
0.9728309005780291 0.8913236023121155
0.9698921600488468 0.8795686401953882
0.9767393049505309 0.9069572198021248
0.9756898370874345 0.9027593483497388
0.9692315254237123 0.8769261016948501
0.9629734203654854 0.8518936814619414
0.9719407243763559 0.8877628975054259
0.9714305728839436 0.8857222915357761
0.9664591911890404 0.8658367647561608
0.9739271716964253 0.8957086867857019
0.9742481757712628 0.8969927030850487
0.9689163340879245 0.8756653363516991
0.9756050157205242 0.9024200628820978
0.9745819193716614 0.8983276774866452
0.9711112073345329 0.8844448293381306
0.9783305555680443 0.9133222222721779
0.975128497533971 0.9005139901358854
0.9719035037307784 0.8876140149231145
0.9776774215839396 0.9107096863357613
0.9726361753231001 0.8905447012924003
0.9762827397294775 0.9051309589179071
0.9769639564530991 0.9078558258123973
0.9721212273066291 0.8884849092265157
0.9755382231324995 0.9021528925299989
0.9761720949684625 0.90468837987385
0.9784189635114339 0.913675854045737
0.9712648619837261 0.8850594479349045
0.9716701525262049 0.8866806101048197
0.9757961588709556 0.9031846354838226
0.9763585601409019 0.9054342405636063
0.9793507467640709 0.9174029870562842
0.9800357600003409 0.9201430400013642
0.9811362671807088 0.9245450687228356
0.9733887631406661 0.8935550525626641
0.9737441260099489 0.894976504039797
0.9696967590616371 0.8787870362465501
0.9657658399219009 0.8630633596876035
0.9734564680792375 0.8938258723169479
0.9728231785532021 0.8912927142128084
0.9789191214686258 0.9156764858745035
0.9788742490410819 0.9154969961643282
0.9810671266548057 0.9242685066192259
0.9799555117775217 0.9198220471100872
0.9764569581565532 0.9058278326262138
0.9822817213819159 0.9291268855276645
0.9761675791793885 0.904670316717553
0.974509760438704 0.8980390417548175
0.978295045872315 0.9131801834892606
0.9751186628080319 0.9004746512321268
0.980991366948981 0.9239654677959253
0.9797945644873255 0.9191782579493012
0.9754785618902393 0.9019142475609583
0.9829140238301777 0.9316560953207107
0.975205604013231 0.9008224160529242
0.9733752180274177 0.8935008721096699
0.9797049981468785 0.9188199925875153
0.9812526869806316 0.9250107479225238
0.9825044805577532 0.9300179222310127
0.9788097292707484 0.9152389170829929
0.97616155764033 0.904646230561319
0.9806619607053014 0.922647842821207
0.9783897953599078 0.913559181439631
0.9721184519816289 0.8884738079265168
0.9776732203598714 0.9106928814394851
0.9713945282485872 0.8855781129943476
0.9714137979437645 0.8856551917750588
0.9777452394344696 0.9109809577378778
0.9761127874741012 0.9044511498964064
0.9720338565614827 0.8881354262459304
0.9662900444252522 0.8651601777010081
0.9751564376437577 0.9006257505750297
0.9725700130959845 0.8902800523839371
0.9675057862106087 0.8700231448424374
0.9611353243517636 0.8445412974070536
0.958696078744856 0.8347843149794236
0.9699686048326507 0.8798744193306025
0.9680301296503047 0.87212051860122
0.9723128622422698 0.8892514489690795
0.972183373580345 0.8887334943213812
0.9780584598066976 0.9122338392267904
0.9824089783737362 0.9296359134949439
0.9782834213532478 0.9131336854129891
0.9684571728935836 0.873828691574332
0.9683339519920073 0.8733358079680312
0.9762127928995491 0.9048511715981966
0.97052883602639 0.8821153441055614
0.9763601964616728 0.905440785846691
0.9713475592079895 0.8853902368319579
0.9729065576184074 0.8916262304736314
0.9782578943055198 0.9130315772220808
0.9783017087249933 0.9132068348999725
0.9801706149554097 0.9206824598216392
0.9757096875416075 0.9028387501664292
0.9716238449401091 0.8864953797604344
0.9784200613857785 0.9136802455431162
0.9734592128454425 0.8938368513817704
0.9659916910374204 0.8639667641496815
0.9721268070057172 0.8885072280228702
0.9751850170170013 0.9007400680680047
0.9722445588222131 0.8889782352888531
0.9785069425281461 0.914027770112586
0.9769549049352748 0.907819619741099
0.981349669903565 0.9253986796142598
0.9809126669573172 0.9236506678292687
0.9749688560914308 0.8998754243657223
0.9715973123803228 0.8863892495212916
0.9783824454912171 0.9135297819648699
0.9772177607824828 0.9088710431299317
0.9711894797111923 0.884757918844769
0.9770080230477067 0.908032092190826
0.9823023207055157 0.929209282822061
0.9801017214481973 0.920406885792791
0.9821471307631856 0.9285885230527416
0.9806567183702413 0.9226268734809657
0.9865979750031112 0.946391900012445
0.9797389167464684 0.9189556669858728
0.9720472817014612 0.8881891268058446
0.9751077433217884 0.9004309732871573
0.9745333014205251 0.898133205682099
0.9735917576636984 0.894367030654794
0.9801106659113699 0.9204426636454772
0.9780094457599867 0.9120377830399469
0.9711070611120425 0.8844282444481708
0.9639090507627848 0.8556362030511377
0.9718785973456014 0.8875143893824051
0.9716771568541089 0.8867086274164357
0.968848085168407 0.8753923406736284
0.9767546347031965 0.9070185388127876
0.9703115040888897 0.8812460163555587
0.9687218563372708 0.8748874253490836
0.9779572429903972 0.9118289719615891
0.9758423680113324 0.9033694720453272
0.979679807686022 0.9187192307440897
0.9775847566417579 0.9103390265670305
0.9717216421617495 0.8868865686469993
0.9765906582043574 0.9063626328174317
0.9744492643210212 0.8977970572840833
0.9680861778458986 0.8723447113835934
0.9642769899465261 0.8571079597861054
0.973053874601318 0.892215498405271
0.9751331575570136 0.9005326302280549
0.9768968974822458 0.907587589928985
0.9830088216513119 0.9320352866052478
0.9768750389694998 0.9075001558779968
0.9789243285937433 0.9156973143749737
0.9789484854458191 0.9157939417832769
0.9760276341513654 0.9041105366054595
0.9806029255039224 0.9224117020156889
0.9781337030350177 0.9125348121400705
0.9804774484487926 0.9219097937951715
0.9802748837476776 0.9210995349907093
0.9822200008337583 0.928880003335033
0.9814931169211023 0.9259724676844082
0.9768785219933355 0.9075140879733433
0.971343380764189 0.8853735230567554
0.9639763027047903 0.8559052108191603
0.9719840349687555 0.8879361398750188
0.9728260696953025 0.891304278781211
0.9693535402704699 0.8774141610818778
0.9781062646598636 0.9124250586394536
0.9713785486790572 0.885514194716227
0.9686472843429325 0.8745891373717296
0.961965117946026 0.847860471784105
0.9728612035506177 0.891444814202471
0.9786967971643376 0.9147871886573511
0.9767957908556504 0.907183163422601
0.9725337177389557 0.8901348709558233
0.9744433395335438 0.8977733581341742
0.9758187787479571 0.9032751149918279
0.9731340501380928 0.892536200552372
0.9806129723653525 0.9224518894614109
0.9758958817181238 0.9035835268724965
0.9810633962365675 0.9242535849462686
0.9727666949055958 0.8910667796223808
0.9677525733765533 0.8710102935062125
0.9671564442124029 0.8686257768496098
0.9634685481034226 0.8538741924136918
0.9763388499541114 0.9053553998164441
0.9717839349501461 0.8871357398005837
0.9780152272022208 0.9120609088088832
0.9770804680059456 0.9083218720237827
0.9793698524304293 0.9174794097217156
0.9755947360945221 0.9023789443780887
0.9806641228864703 0.9226564915458819
0.9785830349816252 0.9143321399265021
0.9806213819935382 0.9224855279741494
0.975315028939392 0.9012601157575725
0.9684591480734172 0.8738365922936673
0.9766257849355288 0.9065031397421137
0.9689253477652384 0.875701391060955
0.9705151988360208 0.8820607953440823
0.9665829566409577 0.8663318265638297
0.9766379926689802 0.906551970675924
0.9793495159208147 0.9173980636832573
0.9787778252602101 0.91511130104084
0.9725528499470447 0.8902113997881768
0.9810797160334865 0.9243188641339459
0.9736634582048864 0.894653832819547
0.9772192458235321 0.908876983294128
0.9775326317408805 0.9101305269635224
0.9754287342179052 0.9017149368716211
0.9807282690893266 0.9229130763573073
0.9807810476184546 0.9231241904738202
0.9821956302717411 0.9287825210869639
0.981776849300552 0.9271073972022071
0.9814109204605659 0.9256436818422626
0.9822101311459235 0.9288405245836934
0.9737557223795126 0.8950228895180513
0.9735311516501494 0.8941246066005961
0.9693296892860007 0.8773187571440039
0.9779648568842219 0.9118594275368863
0.978708840206987 0.9148353608279483
0.974413797132748 0.8976551885309924
0.9678618826274662 0.8714475305098671
0.9709617416945499 0.8838469667781977
0.9682661242525394 0.8730644970101565
0.977407365679378 0.9096294627175106
0.9745364749377636 0.8981458997510545
0.9806692441533312 0.9226769766133235
0.9732765741854373 0.893106296741749
0.9800752533448939 0.9203010133795754
0.9745322860616404 0.8981291442465631
0.9749660403908775 0.8998641615635107
0.9789251140940937 0.9157004563763733
0.9777612151857744 0.9110448607430949
0.9713185910967101 0.8852743643868384
0.9675059075841701 0.8700236303366781
0.9763052243186394 0.9052208972745559
0.9797928577806122 0.9191714311224488
0.9809139564407023 0.92365582576281
0.9728595203616694 0.8914380814466776
0.9765815468246574 0.9063261872986287
0.9702924380790598 0.8811697523162394
0.9764855465342082 0.9059421861368324
0.9790421530135951 0.9161686120543817
0.9715897568504397 0.8863590274017596
0.9758526893360698 0.9034107573442803
0.976555105717188 0.9062204228687532
0.9707489495161196 0.8829957980644814
0.9688321731628676 0.8753286926514696
0.9624193816110204 0.8496775264440823
0.9721250598562393 0.8885002394249575
0.9725764052938998 0.890305621175599
0.9768168396941499 0.9072673587766004
0.9773082105404207 0.90923284216168
0.9709292406522922 0.8837169626091681
0.9648036735878331 0.8592146943513339
0.9707163397638946 0.8828653590555807
0.9729355451436094 0.891742180574438
0.9658245384373595 0.8632981537494381
0.963562165294364 0.8542486611774536
0.9740670178639127 0.8962680714556504
0.9724927606934104 0.8899710427736419
0.976821666221957 0.9072866648878269
0.9750909114002596 0.9003636456010387
0.9697818335274023 0.8791273341096101
0.9784289502230947 0.9137158008923804
0.9743254672824971 0.8973018691299893
0.9717003928680751 0.8868015714723017
0.9663404647794286 0.8653618591177142
0.9609135661953304 0.8436542647813228
0.974170666351067 0.896682665404268
0.9794816577464678 0.9179266309858705
0.9727493595208272 0.8909974380833087
0.9733232843787276 0.8932931375149121
0.9786308688177415 0.9145234752709638
0.9778186847878528 0.9112747391514101
0.9795190159357904 0.9180760637431618
0.9779573829393396 0.911829531757358
0.9753521637139302 0.9014086548557202
0.9812519904378136 0.9250079617512554
0.9839213152782256 0.9356852611129027
0.9797060730090482 0.9188242920361924
0.9729727604108784 0.8918910416435143
0.9729945394189343 0.8919781576757372
0.9654494697786233 0.8617978791144943
0.9640632389727286 0.8562529558909133
0.974289919839798 0.8971596793591928
0.9700287250629108 0.8801149002516436
0.9673689399544824 0.8694757598179303
0.9760383881967418 0.904153552786966
0.9772119059266815 0.9088476237067264
0.9714329244226668 0.8857316976906665
0.9688201062249877 0.8752804248999486
0.9774635407385524 0.9098541629542106
0.9775244746414128 0.9100978985656504
0.9736483653795704 0.8945934615182803
0.9754055688943504 0.901622275577402
0.9741451790007827 0.8965807160031299
0.9795643974411568 0.9182575897646269
0.9776331484464329 0.9105325937857315
0.9732827664857854 0.8931310659431432
0.9810044836818476 0.9240179347273916
0.9837883539940155 0.9351534159760623
0.982444681088381 0.9297787243535248
0.9795442093262651 0.9181768373050606
0.9747127552585373 0.8988510210341508
0.9677193546990659 0.8708774187962642
0.9751537523156211 0.9006150092624844
0.9748777262367401 0.8995109049469605
0.9715581598827205 0.8862326395308829
0.967183329112703 0.8687333164508131
0.9761131587763678 0.9044526351054709
0.9805064434444003 0.9220257737776018
0.9798532488390822 0.9194129953563308
0.9730997241172222 0.8923988964688901
0.9786341929581781 0.9145367718327122
0.9725827923944856 0.8903311695779424
0.9716985353722678 0.8867941414890714
0.978293128311586 0.9131725132463454
0.9769750907176815 0.9079003628707265
0.970692740779585 0.8827709631183406
0.9630453401611657 0.8521813606446622
0.9714212949203468 0.8856851796813876
0.9748819676393983 0.8995278705575914
0.9680302025883539 0.8721208103534148
0.963214500596629 0.8528580023865188
0.9627847561133862 0.851139024453547
0.9588615956441773 0.8354463825767092
0.972216232984151 0.888864931936608
0.9674894191974599 0.8699576767898377
0.9653009335217766 0.861203734087107
0.9762994935319439 0.9051979741277756
0.9814839058823521 0.9259356235294082
0.9791441610292094 0.9165766441168404
0.9750068203958765 0.9000272815835068
0.9707980190556311 0.8831920762225254
0.9649639404280207 0.8598557617120813
0.971603755878551 0.886415023514202
0.9710001988583339 0.8840007954333352
0.9767940943657071 0.9071763774628278
0.9738394302213006 0.8953577208852019
0.9704516610431513 0.8818066441726066
0.9675796516023641 0.8703186064094552
0.9770130728706887 0.9080522914827543
0.9716128278714394 0.8864513114857586
0.9745630910856764 0.8982523643427034
0.9747080305801172 0.8988321223204707
0.969109914022549 0.8764396560901972
0.9665442253018008 0.8661769012072039
0.9736179171545976 0.8944716686183909
0.9724426215879857 0.8897704863519431
0.9797291405191799 0.9189165620767197
0.9755834323179328 0.9023337292717316
0.9742929343306288 0.8971717373225158
0.9792251072046537 0.916900428818616
0.9783499061487132 0.9133996245948529
0.9737516174194032 0.8950064696776145
0.9784288684129967 0.9137154736519865
0.9779055303934281 0.9116221215737115
0.971728540771166 0.8869141630846632
0.9776449490656911 0.9105797962627648
0.9771583527155494 0.9086334108621977
0.9705822672051546 0.8823290688206192
0.9791875053040531 0.9167500212162133
0.972899223235312 0.8915968929412496
0.9768137772355577 0.9072551089422332
0.9791645207011369 0.9166580828045486
0.972495411488285 0.8899816459531409
0.9652122093617096 0.8608488374468398
0.9639848858752758 0.8559395435011051
0.9597863433167555 0.8391453732670229
0.968371281854752 0.8734851274190089
0.9733000168194832 0.893200067277934
0.9729136044645235 0.8916544178580943
0.9709894718737304 0.8839578874949214
0.9779994504603826 0.911997801841532
0.9747666960226132 0.8990667840904554
0.9802602253068051 0.9210409012272206
0.9771663299266833 0.9086653197067334
0.9726926157438923 0.8907704629755681
0.9682739021708864 0.873095608683546
0.9775428943944339 0.9101715775777335
0.9727272124049966 0.8909088496199885
0.971760545528071 0.8870421821122845
0.9786232859890283 0.9144931439561126
0.979038920439855 0.916155681759419
0.9813422417110871 0.9253689668443498
0.973999324655535 0.8959972986221415
0.9716227516276509 0.8864910065106026
0.971172567039148 0.8846902681565944
0.9793397557094228 0.9173590228376917
0.9834937651281566 0.9339750605126266
0.9828703469301903 0.9314813877207628
0.9780805975189207 0.9123223900756828
0.9715364569731691 0.8861458278926763
0.9774488859692524 0.9097955438770076
0.9765740766671748 0.9062963066687013
0.980491421199013 0.9219656847960528
0.9803908078596174 0.9215632314384711
0.982507306160819 0.930029224643276
0.976693659106791 0.9067746364271632
0.9694466991937952 0.8777867967751791
0.9693905296017818 0.8775621184071276
0.9786573340776321 0.9146293363105268
0.9713589039651791 0.8854356158607155
0.9640050612635406 0.8560202450541606
0.9687123450140421 0.8748493800561695
0.9714899074954562 0.8859596299818243
0.9703063095161376 0.8812252380645512
0.9736388042396201 0.8945552169584795
0.9732036008081285 0.8928144032325142
0.9778057790007216 0.9112231160028847
0.9710151299450007 0.8840605197800031
0.9732333556111118 0.8929334224444474
0.9772964057704532 0.9091856230818132
0.9753998006993736 0.901599202797494
0.9703432482013493 0.8813729928053965
0.9669709337391184 0.8678837349564715
0.97449677504716 0.8979871001886424
0.9739538680064156 0.8958154720256617
0.9795953949434361 0.9183815797737445
0.9733329639673279 0.8933318558693122
0.9733205230892026 0.8932820923568103
0.9779656351465954 0.9118625405863833
0.9784424156202358 0.9137696624809416
0.9729601985743775 0.8918407942975118
0.9693839608964083 0.877535843585634
0.9632923759307198 0.8531695037228774
0.9751075965201131 0.9004303860804531
0.9789932642912926 0.9159730571651705
0.9797736478192259 0.9190945912769033
0.9813103858097335 0.9252415432389354
0.9817838067666043 0.9271352270664172
0.9734600025748823 0.8938400102995284
0.977757743258099 0.9110309730323976
0.9786136119535327 0.9144544478141308
0.9702098696833841 0.8808394787335365
0.9739754119579578 0.8959016478318321
0.9764511643032177 0.9058046572128685
0.9695926007804752 0.8783704031219033
0.972994448904794 0.8919777956191774
0.9752938875132589 0.9011755500530367
0.977527993962235 0.9101119758489407
0.9776729401558157 0.910691760623263
0.9711686530945155 0.8846746123780609
0.9653456745697315 0.8613826982789256
0.9754351891043052 0.9017407564172198
0.9770957603671646 0.9083830414686571
0.9804633631549035 0.9218534526196119
0.9742755117774976 0.8971020471099906
0.9709916297799382 0.8839665191197537
0.9641474626436132 0.8565898505744508
0.9765562452468598 0.9062249809874399
0.9814740870606965 0.9258963482427868
0.9804870456730086 0.921948182692035
0.9742597318278566 0.8970389273114254
0.9776104394296335 0.9104417577185351
0.970705429249534 0.8828217169981375
0.9716430222444166 0.8865720889776686
0.9779000583137999 0.9116002332551993
0.9755189997218442 0.9020759988873757
0.9802071542015888 0.920828616806356
0.979469810058555 0.9178792402342204
0.9750480523298672 0.9001922093194694
0.9732668644424478 0.8930674577697918
0.9789233263383548 0.9156933053534199
0.9767949692783567 0.9071798771134293
0.9741858560569703 0.8967434242278816
0.9775218608926783 0.9100874435707134
0.972103744291366 0.8884149771654628
0.9749881014642595 0.8999524058570381
0.9765625738087174 0.9062502952348694
0.9823013236471944 0.929205294588777
0.9781438392945829 0.9125753571783324
0.973520088911879 0.8940803556475178
0.9672899432680415 0.8691597730721656
0.9745611783838892 0.8982447135355567
0.9737292777167624 0.8949171108670505
0.9784124479617253 0.913649791846901
0.9765120034377978 0.9060480137511914
0.970035912045719 0.8801436481828753
0.9647188984163678 0.8588755936654722
0.9719409062817335 0.8877636251269329
0.9745960296234812 0.8983841184939267
0.9715937025248671 0.8863748100994673
0.9761836509308491 0.9047346037233983
0.9764783433498951 0.9059133733995803
0.9710657371786531 0.8842629487146115
0.976116830225055 0.904467320900222
0.9759532621347462 0.9038130485389858
0.9817304014210272 0.9269216056841096
0.9748247441278285 0.8992989765113154
0.9684063528498738 0.8736254113994968
0.9726746657872911 0.8906986631491643
0.9743573283231612 0.897429313292648
0.9776353264453165 0.9105413057812655
0.9720365175112516 0.8881460700450077
0.9656186957336422 0.8624747829345704
0.9673304613535 0.8693218454139994
0.9644489380544979 0.8577957522179913
0.9727781356883152 0.8911125427532621
0.9660418388995463 0.8641673555981869
0.9654531825440755 0.8618127301763002
0.9737752023872568 0.8951008095490282
0.9685729124795607 0.8742916499182453
0.9614283106254112 0.8457132425016457
0.9761095909326659 0.9044383637306617
0.9732652916555163 0.8930611666220645
0.9680014410932597 0.8720057643730378
0.9748887634631406 0.8995550538525637
0.9767450301601339 0.9069801206405355
0.9776418153629985 0.9105672614519941
0.9761674275019915 0.9046697100079669
0.9692478907790998 0.8769915631163979
0.9663833313890027 0.8655333255560094
0.9615086304721782 0.8460345218887134
0.975763794504267 0.9030551780170687
0.9695617359847053 0.8782469439388215
0.965917805688671 0.863671222754683
0.9705007009595762 0.8820028038383044
0.9719900638611518 0.8879602554446067
0.9773910727993866 0.9095642911975484
0.9793926960888085 0.917570784355235
0.9740252275381723 0.8961009101526901
0.9766014797864941 0.9064059191459775
0.9699848637085734 0.8799394548342927
0.971274762014313 0.8850990480572534
0.9759796282605904 0.9039185130423633
0.9758182954248243 0.9032731816992964
0.9710786247820363 0.8843144991281462
0.9683271907747504 0.8733087630990013
0.9756504516466573 0.9026018065866295
0.9841159129786299 0.9364636519145219
0.9810404731138854 0.924161892455541
0.9774496405241525 0.9097985620966095
0.9742275707721271 0.8969102830885077
0.9818275809329968 0.9273103237319892
0.9754700306700852 0.9018801226803411
0.9715878322930859 0.8863513291723427
0.9776296099508484 0.9105184398033931
0.9758100823812026 0.9032403295248124
0.9796537402658853 0.9186149610635411
0.9784802302379703 0.9139209209518829
0.9726273137392459 0.8905092549569846
0.9769692347482877 0.9078769389931503
0.9783861008833415 0.9135444035333667
0.9721795763514163 0.8887183054056658
0.9787618962828772 0.9150475851315099
0.9775298999800127 0.9101195999200508
0.9705073853066224 0.8820295412264926
0.9757598272280903 0.9030393089123622
0.9681036354090063 0.8724145416360259
0.9682501170553643 0.8730004682214565
0.9761745583370183 0.9046982333480743
0.9716726988124063 0.886690795249627
0.9720659338592585 0.8882637354370327
0.9778849314871 0.9115397259483983
0.9743933092088973 0.8975732368355891
0.9746744061273886 0.8986976245095551
0.981545503126203 0.9261820125048118
0.9750472472244185 0.9001889888976738
0.9677733934157898 0.8710935736631589
0.9627330962117496 0.8509323848469967
0.974350912692812 0.8974036507712472
0.9682832198575411 0.8731328794301644
0.9735250331927735 0.8941001327710956
0.9771518423682732 0.9086073694730931
0.9740713744575347 0.8962854978301397
0.9679043125542036 0.8716172502168142
0.9741412200830597 0.8965648803322387
0.9766091525593503 0.9064366102374027
0.9792382963901973 0.9169531855607892
0.9751174021772187 0.9004696087088763
0.9734830001516478 0.893932000606592
0.980826661021278 0.9233066440851121
0.9742750595077319 0.8971002380309274
0.9711866297245089 0.8847465188980362
0.9656034400132439 0.8624137600529754
0.977654859779898 0.9106194391195933
0.9812638027445598 0.9250552109782375
0.9764361322358315 0.9057445289433279
0.9753087955957259 0.9012351823829046
0.9691996007135637 0.876798402854255
0.9756710151424968 0.9026840605699868
0.9764713082756578 0.9058852331026312
0.9713668152809833 0.8854672611239333
0.9787099321685123 0.9148397286740481
0.9743384719701674 0.8973538878806678
0.9809867910747938 0.9239471642991774
0.9812880957855481 0.9251523831421923
0.9814898656660134 0.9259594626640524
0.9749125092891774 0.8996500371567119
0.9718335735756571 0.887334294302632
0.9773032151579855 0.9092128606319407
0.9727638778490614 0.8910555113962475
0.9701961709188909 0.8807846836755645
0.9799224717545149 0.9196898870180609
0.9734853009044625 0.8939412036178509
0.9646325860749714 0.858530344299886
0.9650925723445793 0.8603702893783184
0.9754165316412994 0.9016661265651988
0.9778290310459338 0.9113161241837338
0.9767631202067377 0.9070524808269508
0.972116909421377 0.888467637685509
0.9659093432253105 0.8636373729012454
0.9691926442711022 0.876770577084411
0.9700884833588332 0.880353933435333
0.974643516626974 0.8985740665078957
0.9727832168614219 0.891132867445689
0.9781225601262488 0.9124902405049967
0.9749092316245445 0.8996369264981798
0.9729536224160319 0.8918144896641297
0.967050541449414 0.8682021657976583
0.9788349077613705 0.9153396310454822
0.9748514996667947 0.8994059986671801
0.9804971713997187 0.9219886855988747
0.9750926630943646 0.9003706523774596
0.9740726461503795 0.896290584601521
0.9791376982144526 0.9165507928578104
0.972186052071518 0.8887442082860718
0.9716550333329687 0.8866201333318764
0.9677754247087645 0.871101698835059
0.9795265330303686 0.9181061321214754
0.9772594854955986 0.9090379419823948
0.9825515837358538 0.930206334943417
0.9762178331422269 0.9048713325689084
0.9735142276336607 0.8940569105346442
0.9700229501464754 0.8800918005859014
0.9791903385307671 0.916761354123066
0.9753205936907341 0.9012823747629359
0.9698781325292714 0.8795125301170864
0.9794310460226932 0.9177241840907756
0.977202549320292 0.9088101972811695
0.9713253346165658 0.8853013384662641
0.964982405561299 0.8599296222451964
0.975067352779217 0.900269411116865
0.9682041818243832 0.8728167272975328
0.9736247065681906 0.894498826272764
0.9737547085291756 0.8950188341167032
0.9668241945799572 0.8672967783198295
0.9621125067947496 0.8484500271789996
0.9577554722595241 0.8310218890380976
0.9706577006060448 0.8826308024241811
0.9695966425262571 0.8783865701050292
0.9772373064381196 0.9089492257524787
0.9710901394416589 0.8843605577666367
0.9706685742562132 0.882674297024854
0.9783694490193949 0.9134777960775806
0.9715510218355392 0.8862040873421573
0.96524449986705 0.8609779994682017
0.9661623429179831 0.8646493716719328
0.9735943515585477 0.8943774062341935
0.9726860103360189 0.8907440413440751
0.967554884086513 0.8702195363460535
0.9635881147971916 0.8543524591887688
0.9698354959013422 0.8793419836053724
0.9645904002989829 0.8583616011959342
0.9642799231138057 0.8571196924552238
0.9712958195344221 0.885183278137688
0.9733735793315329 0.8934943173261293
0.976771245027303 0.9070849801092125
0.9718881419191132 0.8875525676764545
0.9776168493057521 0.9104673972230113
0.9790554206764261 0.9162216827057036
0.9736241387043286 0.8944965548173148
0.9712015673919232 0.8848062695676947
0.9796499261303776 0.9185997045215102
0.9737847147426337 0.895138858970538
0.9700812405452695 0.8803249621810797
0.9794796868356375 0.9179187473425504
0.9742152030993364 0.8968608123973476
0.9728064777391421 0.8912259109565684
0.9818232941103254 0.9272931764413024
0.9780414378244668 0.9121657512978696
0.9741511992674422 0.8966047970697716
0.9775663277300926 0.9102653109203692
0.9765160221103798 0.90606408844152
0.9803838274484099 0.9215353097936416
0.9762766072743934 0.9051064290975748
0.9752319766309161 0.9009279065236667
0.9772827488648539 0.9091309954594134
0.9793650010943928 0.9174600043775725
0.9762226897343624 0.90489075893745
0.982442947628508 0.929771790514033
0.9755600184215476 0.9022400736861901
0.9722373855390409 0.8889495421561661
0.9700340265218356 0.8801361060873443
0.9788806280317495 0.9155225121269994
0.9780173282515983 0.9120693130063969
0.9714134693261701 0.8856538773046831
0.9776866449434912 0.9107465797739678
0.9720648620353686 0.8882594481414742
0.9653731504349429 0.8614926017397724
0.9791082103712061 0.916432841484825
0.9786492975526159 0.9145971902104633
0.9817465389504629 0.9269861558018505
0.9789903857785056 0.9159615431140228
0.9724280725872413 0.8897122903489664
0.9696041680153314 0.878416672061326
0.9773630105353951 0.9094520421415809
0.9771377882701835 0.9085511530807348
0.9791868546945962 0.9167474187783853
0.9774282025016378 0.9097128100065518
0.972434418963433 0.8897376758537319
0.9793449322516444 0.9173797290065789
0.9823978568931026 0.929591427572411
0.9828100257111742 0.9312401028446996
0.9804992130955629 0.9219968523822548
0.9722101950570332 0.8888407802281328
0.9788053942252849 0.9152215769011408
0.9724446075234475 0.889778430093789
0.9747043284375096 0.8988173137500394
0.9793577823593447 0.9174311294373798
0.976880641271283 0.907522565085131
0.9711302003845518 0.8845208015382084
0.9808149369041381 0.9232597476165538
0.9745153460279465 0.8980613841117863
0.9765557643404237 0.9062230573616948
0.9715797952062118 0.8863191808248483
0.9711420511043197 0.8845682044172786
0.9754342521635178 0.901737008654071
0.9745299334467856 0.898119733787142
0.9780576091239459 0.9122304364957844
0.9750083473511935 0.9000333894047757
0.9721169703533227 0.8884678814132931
0.9783375251434246 0.9133501005736986
0.976807035027548 0.9072281401101925
0.9708079468845928 0.8832317875383693
0.9756028905889788 0.9024115623559156
0.9702355964768433 0.8809423859073711
0.9640775711444666 0.8563102845778665
0.9654453740211381 0.8617814960845536
0.9729450770482329 0.8917803081929333
0.9672957229521657 0.8691828918086645
0.9701998108766031 0.8807992435064144
0.9645808555720105 0.8583234222880433
0.9746776244361093 0.8987104977444382
0.9690223616719434 0.8760894466877756
0.9639492932940324 0.855797173176131
0.9740718798500985 0.8962875194003946
0.9739056101052767 0.8956224404211065
0.976820476802761 0.9072819072110468
0.9721003534708659 0.8884014138834658
0.9714445849399447 0.8857783397597785
0.9646902030412501 0.8587608121649977
0.9589489942973424 0.8357959771893684
0.9729180235360565 0.8916720941442263
0.9721237308559982 0.8884949234239936
0.9794364455504793 0.9177457822019186
0.9793187217711596 0.917274887084639
0.9815843882841949 0.9263375531367813
0.9784963398824648 0.913985359529859
0.9766692717316667 0.9066770869266686
0.9720171908194949 0.8880687632779812
0.9797223711724476 0.918889484689792
0.9729098530895499 0.8916394123581989
0.9768747717480355 0.9074990869921419
0.977446133681795 0.9097845347271806
0.9746829931822054 0.8987319727288211
0.9695916254461465 0.8783665017845876
0.9639221800768436 0.8556887203073764
0.9739117154736445 0.8956468618945768
0.9747988719897325 0.8991954879589321
0.9788908833269252 0.9155635333077018
0.9793923891986341 0.9175695567945386
0.9741389587273213 0.8965558349092869
0.9696569714516886 0.878627885806754
0.9785303859541205 0.914121543816483
0.9740514806985058 0.8962059227940223
0.9808714935587812 0.9234859742351261
0.9794294708598034 0.9177178834392162
0.9723844879198501 0.8895379516794008
0.9783537760497336 0.9134151041989352
0.9728886610301817 0.8915546441207283
0.9723866165381763 0.889546466152706
0.9654334232039095 0.8617336928156404
0.9715887935777764 0.8863551743111061
0.9738923731436497 0.8955694925745994
0.9794150614024052 0.9176602456096227
0.9736431668367311 0.8945726673469231
0.9722717356387821 0.88908694255513
0.9782197943723945 0.9128791774895804
0.9791996508614378 0.9167986034457519
0.9710800551467319 0.8843202205869285
0.9747745590073777 0.8990982360295139
0.9752849073492581 0.9011396293970337
0.968591424208265 0.874365696833062
0.962273248418806 0.8490929936752265
0.9628732596667332 0.8514930386669338
0.9705048326330217 0.8820193305320864
0.9799592866483677 0.9198371465934705
0.9777098733884244 0.9108394935536986
0.9717712636493658 0.8870850545974658
0.9648346464764869 0.8593385859059482
0.977696328384705 0.9107853135388211
0.9745273924882308 0.8981095699529235
0.969068762533476 0.8762750501339029
0.9776552202410282 0.9106208809641142
0.9721879468648004 0.8887517874592054
0.9686615956441931 0.8746463825767741
0.9658941607621536 0.863576643048614
0.9616675393981527 0.8466701575926119
0.9748767193186196 0.8995068772744805
0.9686368415293475 0.8745473661173907
0.9675275366106995 0.8701101464427982
0.9751568132079876 0.9006272528319523
0.9745847492277611 0.898338996911045
0.9696953891015034 0.8787815564060137
0.9746125618047751 0.8984502472191022
0.9748014948025948 0.8992059792103789
0.9688961037727344 0.8755844150909391
0.9762659541569078 0.9050638166276292