0.9865875996825746 0.9463503987303042
0.9745797570711027 0.8983190282844149
0.9587088300072624 0.8348353200290534
0.9613477517787772 0.8453910071151108
0.9675583118199859 0.8702332472799418
0.9643494500513121 0.857397800205247
0.9662825618075676 0.8651302472302684
0.9717313382532771 0.8869253530131088
0.9646667068594011 0.8586668274376043
0.9618767413427521 0.8475069653710082
0.9721317864561574 0.8885271458246288
0.9650156084795454 0.8600624339181807
0.9664492226675775 0.8657968906703082
0.9620766123717647 0.8483064494870607
0.9566321960512308 0.8265287842049217
0.9690263084044887 0.8761052336179538
0.9770319093649128 0.9081276374596503
0.9726139044075376 0.8904556176301541
0.9751996993674636 0.900798797469854
0.9760806466435089 0.9043225865740367
0.9701009108787322 0.880403643514927
0.9779429994220041 0.9117719976880174
0.9733750920983714 0.8935003683934875
0.9671391238476624 0.8685564953906504
0.9669536189878987 0.8678144759515953
0.9756298443261905 0.9025193773047632
0.974287170706898 0.8971486828275929
0.9778825214256751 0.9115300857027008
0.9778649862961317 0.9114599451845266
0.9720004193229569 0.8880016772918269
0.9687852530382429 0.8751410121529719
0.9752835107778712 0.9011340431114853
0.9695377134758801 0.8781508539035195
0.968402955773475 0.8736118230939011
0.9636022279981644 0.8544089119926571
0.9710426849942451 0.8841707399769813
0.9702046563768542 0.8808186255074163
0.9779972851857254 0.9119891407429022
0.9727640154675903 0.8910560618703615
0.9757561230292262 0.9030244921169047
0.9776096307327353 0.9104385229309419
0.9793336977213198 0.917334790885277
0.9791388648309339 0.9165554593237348
0.9766880879211617 0.9067523516846453
0.9816612506267569 0.9266450025070283
0.9795492503558664 0.918197001423466
0.9827600857608213 0.9310403430432834
0.9756824038811464 0.902729615524586
0.975375228886748 0.9015009155469916
0.9783011916116241 0.9132047664464977
0.9761388144856243 0.9045552579424981
0.970901251622018 0.8836050064880703
0.9672153080897953 0.8688612323591813
0.9761804460267828 0.9047217841071311
0.9739937895095144 0.8959751580380566
0.9693548394015614 0.8774193576062457
0.9794313246375549 0.9177252985502193
0.9725434029739423 0.8901736118957687
0.9762217996817678 0.9048871987270694
0.9758463424924116 0.903385369969646
0.972138786670628 0.8885551466825116
0.9641527837272251 0.8566111349089022
0.9718804508134871 0.887521803253948
0.9741769350311915 0.8967077401247658
0.9785468365594228 0.9141873462376897
0.9777741186360981 0.9110964745443946
0.9734641712855583 0.8938566851422355
0.9667132304451741 0.8668529217806941
0.9759756551801857 0.9039026207207431
0.9739537186966752 0.8958148747867021
0.9699418654072833 0.879767461629133
0.9769177596476062 0.9076710385904243
0.9743392034069807 0.8973568136279232
0.9789360756265255 0.9157443025061027
0.98162184895174 0.9264873958069606
0.979169741386443 0.9166789655457726
0.9766615890367127 0.906646356146851
0.9810516887797169 0.9242067551188683
0.9744831040254951 0.897932416101979
0.9736620460373787 0.8946481841495154
0.9787657473545692 0.9150629894182746
0.9791466256561907 0.9165865026247622
0.9767890379801508 0.9071561519206064
0.9801311456412983 0.9205245825651953
0.9755429363467303 0.9021717453869215
0.9717734550245649 0.8870938200982608
0.9772630569240303 0.9090522276961193
0.974682606936382 0.8987304277455296
0.9789317528108868 0.9157270112435476
0.9778710431041436 0.9114841724165731
0.9731223175475846 0.8924892701903367
0.9787131184661141 0.9148524738644558
0.9739113675460268 0.8956454701841082
0.9669075755282196 0.8676303021128792
0.966047993185129 0.8641919727405154
0.9584382634802775 0.8337530539211114
0.9692216063789363 0.8768864255157446
0.9670302758475685 0.8681211033902736
0.9733826471625652 0.893530588650261
0.9679727482592436 0.8718909930369734
0.967807612699287 0.8712304507971481
0.9717228243367313 0.8868912973469253
0.9685473394962301 0.8741893579849216
0.9685640638999504 0.8742562555998029
0.9663917524743522 0.8655670098974088
0.9754415828182701 0.9017663312730807
0.9737300976635359 0.8949203906541453
0.9685253771118076 0.8741015084472307
0.9732160723199678 0.892864289279872
0.9734428677178447 0.8937714708713788
0.9699653108119493 0.8798612432477975
0.9776716827629504 0.9106867310518004
0.9752717697329528 0.9010870789318101
0.9669654880201635 0.8678619520806534
0.9625378911993084 0.8501515647972346
0.973651625708249 0.8946065028329948
0.9694210041162026 0.8776840164648108
0.9763422611643818 0.9053690446575281
0.9741284241598334 0.8965136966393351
0.9667628602625292 0.8670514410501186
0.9623510440220743 0.8494041760882987
0.9738761917860596 0.8955047671442392
0.9710471899809953 0.8841887599239822
0.9778967818175436 0.9115871272701745
0.9733395958152138 0.8933583832608573
0.9735727359901096 0.8942909439604394
0.9673006627291193 0.8692026509164773
0.9652925761579972 0.8611703046319882
0.9738204273686333 0.8952817094745356
0.9780651961843948 0.9122607847375808
0.9782601661883109 0.9130406647532421
0.9710223499469247 0.8840893997876985
0.9661845593473279 0.8647382373893113
0.9765496657793525 0.9061986631174086
0.9711106398390491 0.8844425593561952
0.9637120763411042 0.8548483053644138
0.9784030346393299 0.9136121385573202
0.9712638034745011 0.8850552138980043
0.9812770756887016 0.9251083027548073
0.9780968874456424 0.912387549782568
0.9810464089452554 0.9241856357810235
0.97537892679167 0.9015157071666782
0.9820827393803871 0.928330957521548
0.9810981278897347 0.9243925115589409
0.9773432278646007 0.9093729114584045
0.9740459342113776 0.8961837368455098
0.9682708999074169 0.8730835996296675
0.9757377901790578 0.9029511607162306
0.970945976474618 0.8837839058984704
0.9712393307403003 0.8849573229612027
0.9780445298734709 0.9121781194938829
0.9752329164638235 0.900931665855294
0.9823332681623738 0.9293330726494945
0.9799415841593602 0.9197663366374407
0.973452249130532 0.8938089965221272
0.9780906323171797 0.91236252926872
0.976455697851373 0.9058227914054912
0.9695012436344126 0.8780049745376511
0.9732686197735144 0.8930744790940587
0.9746113533907004 0.8984454135628016
0.9790541304492131 0.9162165217968515
0.9807397065308371 0.9229588261233477
0.9771992364930834 0.908796945972333
0.9730167202224593 0.8920668808898365
0.9816606029705761 0.9266424118823052
0.9842513418856115 0.9370053675424448
0.9835028969094606 0.934011587637844
0.9764038817105833 0.9056155268423352
0.9796148382732207 0.9184593530928824
0.9783782434063198 0.9135129736252785
0.9808790860775001 0.9235163443100022
0.9834973964831986 0.9339895859327955
0.9857449775229127 0.9429799100916503
0.9768429638490116 0.9073718553960473
0.9709621499237001 0.8838485996948018
0.9754622825251316 0.9018491301005258
0.978098138919684 0.9123925556787362
0.9751779762029027 0.9007119048116116
0.9801802806745008 0.9207211226980041
0.9784950558744224 0.9139802234976898
0.971201951064594 0.8848078042583755
0.9676141437488042 0.8704565749952199
0.9762015668238804 0.9048062672955216
0.97126887129382 0.8850754851752809
0.978522669122876 0.914090676491503
0.9766003500525714 0.9064014002102845
0.9718338665461066 0.887335466184427
0.9766243484015221 0.9064973936060895
0.9758533259562947 0.9034133038251795
0.978051223103203 0.9122048924128121
0.9789958779725528 0.9159835118902128
0.9728792700008964 0.8915170800035855
0.9757372529547613 0.9029490118190441
0.9759391015529598 0.9037564062118412
0.9780015691108569 0.9120062764434248
0.9718743770905641 0.8874975083622563
0.9736096491206213 0.8944385964824825
0.965484302105489 0.8619372084219563
0.9700394497951841 0.8801577991807364
0.9735586490568616 0.8942345962274478
0.9702458788136811 0.8809835152547266
0.9632755401829428 0.8531021607317707
0.9730993311242265 0.8923973244969073
0.9675929813520496 0.8703719254081986
0.964175846225351 0.8567033849014025
0.9751147614450514 0.9004590457802045
0.972707963928468 0.8908318557138724
0.9781279497264643 0.9125117989058563
0.9758828173911829 0.9035312695647316
0.9690233378918651 0.8760933515674604
0.9635054207479871 0.854021682991947
0.9720195962451074 0.8880783849804261
0.9735031261040479 0.8940125044161907
0.9688996826226628 0.8755987304906513
0.9653875241483462 0.8615500965933853
0.9773252741348318 0.9093010965393278
0.9749249494846339 0.8996997979385349
0.9788307432218067 0.9153229728872286
0.9780796524115339 0.9123186096461353
0.9712883620358191 0.8851534481432785
0.9750362174948893 0.9001448699795566
0.9686226786152866 0.8744907144611466
0.9702426744210306 0.8809706976841237
0.9798233604655003 0.9192934418620005
0.9763907552740834 0.9055630210963311
0.9801190320252202 0.9204761281008822
0.9781574152930286 0.9126296611721131
0.9728305963364656 0.8913223853458614
0.980487752854918 0.9219510114196704
0.9759854397758632 0.9039417591034521
0.9790954639754633 0.9163818559018521
0.9796409257853691 0.9185637031414747
0.9805617322941366 0.922246929176548
0.9810053782954753 0.9240215131818998
0.9852982173867698 0.9411928695470784
0.9787328465839521 0.9149313863358098
0.9767203257044887 0.9068813028179561
0.9685962605920478 0.8743850423681906
0.9753795479019449 0.9015181916077784
0.9755929683929331 0.902371873571729
0.9701108966539611 0.8804435866158444
0.9724063874817532 0.8896255499270123
0.9747034996636629 0.8988139986546507
0.9770040075737484 0.908016030294992
0.9783764513951241 0.9135058055804971
0.9734145375885705 0.8936581503542818
0.9709745303103392 0.8838981212413555
0.9763587957590179 0.9054351830360697
0.9778132089129831 0.9112528356519334
0.9799530328054168 0.9198121312216669
0.9786946236996259 0.9147784947985035
0.972152057857284 0.8886082314291355
0.97698579573245 0.9079431829298005
0.9691833161688274 0.8767332646753101
0.9684182085242976 0.8736728340971902
0.9752123126777661 0.9008492507110628
0.9742999987364727 0.8971999949458896
0.9788918642545913 0.9155674570183651
0.9782469406662773 0.9129877626651104
0.980534027161669 0.9221361086466783
0.9797646702396485 0.9190586809585956
0.9811134943472462 0.9244539773889864
0.9789750998961457 0.9159003995845845
0.9758387100297975 0.9033548401191892
0.9677678343440089 0.8710713373760356
0.9640789184739822 0.8563156738959296
0.9602863704594965 0.8411454818379869
0.9714264271953755 0.8857057087815003
0.9713160655107549 0.885264262043019
0.9646675513418147 0.8586702053672584
0.9746875216459272 0.8987500865837066
0.9709574216850401 0.8838296867401616
0.979156868398709 0.9166274735948364
0.9790362396188362 0.9161449584753447
0.973956240954479 0.8958249638179144
0.974119435377551 0.8964777415102025
0.9780581787061462 0.912232714824585
0.9783930660771262 0.913572264308504
0.9747468730362224 0.8989874921448896
0.9700184892350844 0.8800739569403355
0.9805521441783935 0.9222085767135723
0.9832183479786594 0.9328733919146388
0.9818191289781417 0.9272765159125673
0.9751477049746667 0.9005908198986647
0.9686585987437492 0.8746343949749945
0.9746900672142793 0.8987602688571161
0.9705315230886639 0.8821260923546543
0.9635933066899228 0.8543732267596912
0.9741013406617776 0.8964053626471111
0.9755304333069956 0.9021217332279831
0.9692294114320604 0.8769176457282404
0.9639783365748633 0.8559133462994534
0.9715229201783366 0.8860916807133477
0.9741604588172679 0.8966418352690729
0.9747839930278092 0.8991359721112362
0.9717369395317319 0.8869477581269274
0.9660717011855833 0.864286804742332
0.9722349578085923 0.8889398312343683
0.9750520355931513 0.9002081423726037
0.9770184466028141 0.9080737864112577
0.9766986162456593 0.9067944649826384
0.9751717486804928 0.9006869947219708
0.9814396794216659 0.9257587176866611
0.9799363351815713 0.9197453407262844
0.9749955142586194 0.8999820570344766
0.9694311526959538 0.8777246107838148
0.9804028937856374 0.9216115751425482
0.9743651932772737 0.897460773109095
0.9672256602717075 0.8689026410868297
0.975676726147114 0.9027069045884573
0.9755495329871263 0.9021981319485063
0.9680488551881946 0.8721954207527776
0.9729166355665012 0.8916665422660047
0.9736963298140857 0.8947853192563413
0.9712323261447153 0.8849293045788607
0.9793944537330438 0.9175778149321758
0.9794337764156927 0.9177351056627692
0.9748711751917072 0.899484700766831
0.9696265460337805 0.8785061841351223
0.9787218829325423 0.914887531730167
0.9722870845699851 0.8891483382799369
0.9720455385412563 0.8881821541650257
0.9801240705262008 0.9204962821048042
0.9745649743439471 0.8982598973757905
0.9714850263892516 0.8859401055570071
0.9651338870689663 0.8605355482758656
0.9743323597084322 0.8973294388337295
0.9741371684531264 0.8965486738125064
0.9782560421797151 0.9130241687188599
0.9783360352737728 0.913344141095091
0.9716883635124576 0.8867534540498311
0.9802925937207613 0.9211703748830458
0.975037352363655 0.9001494094546193
0.9664843230911674 0.8659372923646689
0.9655452297074842 0.8621809188299377
0.96160021385401 0.8464008554160405
0.9565747566981959 0.8262990267927823
0.9728309095945452 0.8913236383781812
0.971188547087519 0.884754188350076
0.9763201865199628 0.9052807460798502
0.9735474802007131 0.8941899208028518
0.9790737123688252 0.9162948494753007
0.9801900333239172 0.9207601332956695
0.9811564017080658 0.9246256068322646
0.9766163640530157 0.9064654562120624
0.9761884253639899 0.9047537014559588
0.9797007932265189 0.918803172906074
0.9781160302799052 0.9124641211196203
0.972333289979624 0.8893331599184946
0.9801023846537124 0.920409538614848
0.9802651884451489 0.9210607537805956
0.9820096175964191 0.928038470385676
0.9820167578268895 0.9280670313075585
0.9827718947672934 0.9310875790691745
0.9831138314861921 0.932455325944768
0.9841379576269744 0.9365518305078949
0.9801242844507976 0.9204971378031912
0.9744379899341652 0.8977519597366614
0.9663256077747536 0.8653024310990124
0.9734228069490076 0.8936912277960293
0.9661903694847848 0.8647614779391394
0.9673794196293776 0.869517678517509
0.9757199802486692 0.9028799209946754
0.9792168837222923 0.9168675348891676
0.9742624411838221 0.8970497647352883
0.9744078464045258 0.8976313856181022
0.977830302609333 0.9113212104373309
0.9761345012261852 0.9045380049047396
0.9687235848082639 0.8748943392330559
0.9745265121031191 0.8981060484124742
0.975586695937547 0.9023467837501851
0.9671090233614325 0.8684360934457316
0.962040452039025 0.8481618081560987
0.9670624972770995 0.8682499891083982
0.9695093601819528 0.8780374407278105
0.9634677824563559 0.8538711298254233
0.9692293794736732 0.876917517894692
0.9717811011220899 0.887124404488358
0.9783170411003036 0.9132681644012156
0.9766162541549173 0.9064650166196677
0.9809220689921401 0.9236882759685594
0.9797943583709696 0.9191774334838783
0.9752881031995936 0.9011524127983741
0.9817564414482126 0.9270257657928532
0.9796264302839791 0.918505721135917
0.9719798964386445 0.8879195857545774
0.9767968690026508 0.9071874760106042
0.9761420716580773 0.9045682866323073
0.971073278634463 0.8842931145378506
0.98003913399732 0.9201565359892789
0.978901260148521 0.915605040594085
0.9736022272030642 0.894408908812256
0.9731162827733734 0.8924651310934928
0.975603648483605 0.9024145939344196
0.9739285332302322 0.8957141329209278
0.9687574838107014 0.8750299352428056
0.976603970405803 0.906415881623213
0.9712151326109637 0.8848605304438542
0.9690775075202716 0.8763100300810858
0.9761622701503909 0.9046490806015628
0.9679048587495181 0.8716194349980735
0.9656401688954744 0.8625606755818981
0.9635709665284193 0.8542838661136769
0.9726245993345547 0.8904983973382192
0.9702829997973004 0.8811319991892016
0.9786212712227872 0.914485084891151
0.9770661573115814 0.9082646292463258
0.9714617723386567 0.8858470893546282
0.965796310500681 0.8631852420027234
0.9744671657610801 0.8978686630443184
0.9698190981257561 0.8792763925030248
0.9769849493417793 0.9079397973671185
0.9762813257400634 0.9051253029602516
0.9709292810994624 0.8837171243978496
0.968307227423889 0.8732289096955566
0.9769735503030649 0.9078942012122586
0.9752707268790631 0.9010829075162508
0.9690240253126262 0.8760961012505067
0.9616834809941246 0.8467339239764995
0.9703472139637594 0.8813888558550367
0.9710872284593244 0.8843489138372952
0.9665865027760876 0.8663460111043509
0.9612431601328063 0.8449726405312241
0.9712361319156021 0.8849445276624083
0.9716152236147958 0.8864608944591832
0.9753104549055499 0.9012418196221964
0.9724773835711943 0.8899095342847778
0.9706390398887059 0.882556159554824
0.9782677699919315 0.9130710799677274
0.974875487270889 0.8995019490835569
0.9701046152511976 0.8804184610047896
0.9648691466553773 0.8594765866215092
0.97449650189702 0.8979860075880803
0.9745053015416412 0.8980212061665641
0.9709363131790325 0.8837452527161304
0.9799303900771921 0.9197215603087685
0.9765474295641462 0.9061897182565827
0.9813387247516085 0.9253548990064344
0.9784221436693004 0.9136885746771999
0.9812444834559199 0.9249779338236785
0.9753093335918619 0.9012373343674479
0.9748550579625318 0.8994202318501272
0.9700257218021326 0.8801028872085276
0.9664329456141186 0.8657317824564735
0.9746030870349487 0.8984123481397944
0.9722989492430281 0.8891957969721144
0.9777124328972087 0.9108497315888349
0.9781688116639874 0.9126752466559499
0.9830469069830956 0.9321876279323833
0.9795247068992198 0.9180988275968786
0.9830075511099519 0.9320302044398064
0.9761339450095441 0.9045357800381763
0.9761271185157377 0.9045084740629521
0.9795193961318006 0.9180775845272033
0.9772614450257305 0.9090457801029237
0.970203465415874 0.8808138616634973
0.9761515201886634 0.904606080754654
0.9745895196124366 0.8983580784497468
0.9707319686268028 0.8829278745072108
0.9772681682273572 0.909072672909427
0.9735727980920902 0.8942911923683632
0.9721128896433424 0.8884515585733704
0.9769461135823887 0.9077844543295553
0.9756373363993428 0.9025493455973727
0.9707532242145176 0.8830128968580712
0.9638015975549038 0.8552063902196142
0.971402532314325 0.8856101292573009
0.9729865552700865 0.891946221080346
0.9761094793551421 0.9044379174205691
0.9774694185656362 0.909877674262547
0.9743250820849831 0.8973003283399348
0.9694959591700492 0.8779838366801965
0.9755687100629159 0.9022748402516629
0.9747294034349018 0.8989176137396073
0.9683247325383657 0.8732989301534623
0.9624751468883167 0.8499005875532667
0.9742092298033148 0.8968369192132591
0.9676680192606193 0.8706720770424774
0.9749629198594622 0.8998516794378495
0.9755850300755199 0.9023401203020797
0.9703966730547761 0.8815866922191041
0.97388143027889 0.8955257211155587
0.9748936425855151 0.8995745703420616
0.9794220055714618 0.9176880222858464
0.9735046642021713 0.8940186568086859
0.9741908952284812 0.8967635809139263
0.9780546091536786 0.9122184366147138
0.974261024912155 0.8970440996486184
0.9706256122657132 0.8825024490628536
0.9756542595996042 0.9026170383984141
0.9759187076128434 0.9036748304513723
0.9791133711183104 0.9164534844732429
0.9721203866368415 0.8884815465473648
0.9700034112175285 0.8800136448701137
0.9746424064305288 0.8985696257221159
0.9720811078704595 0.8883244314818387
0.9711869156476302 0.8847476625905218
0.9761217244946175 0.9044868979784697
0.9746823381196005 0.8987293524784005
0.9707653073870111 0.8830612295480438
0.9658385188941163 0.863354075576465
0.9770571355448253 0.9082285421793024
0.974990005204337 0.8999600208173498
0.9686627659130089 0.8746510636520364
0.9768167360990162 0.9072669443960644
0.9719749094810158 0.8878996379240622
0.9758846296365149 0.9035385185460579
0.9671686554906356 0.8686746219625415
0.9698906125346032 0.8795624501384124
0.9678721030792556 0.8714884123170217
0.9639209342494519 0.8556837369978063
0.9735858186982762 0.8943432747931055
0.9729498007908375 0.8917992031633496
0.9796594758314616 0.9186379033258453
0.9778469726380572 0.9113878905522286
0.972180639925235 0.8887225597009367
0.9688280945516248 0.8753123782064988
0.9775547486888105 0.9102189947552413
0.9749020460744506 0.8996081842978032
0.9793233134571335 0.917293253828532
0.9775643920199814 0.9102575680799256
0.9705985276158684 0.8823941104634722
0.9679864880740056 0.8719459522960216
0.9771419167285686 0.9085676669142753
0.9828450255163327 0.9313801020653298
0.9768493303945831 0.9073973215783327
0.9832121145945559 0.9328484583782232
0.9784062398308245 0.9136249593233002
0.9764928509654944 0.905971403861979
0.9796711249455818 0.9186844997823269
0.9736349723008141 0.894539889203256
0.9794396396181956 0.9177585584727823
0.9796123574449712 0.9184494297798868
0.9716047794998857 0.886419117999541
0.9698397331438707 0.8793589325754825
0.9799474329064995 0.9197897316259964
0.9782669020869093 0.9130676083476371
0.9823677495136596 0.9294709980546365
0.980623588180812 0.9224943527232478
0.9858942517106101 0.9435770068424396
0.9825710056088883 0.9302840224355537
0.9754292167448823 0.9017168669795287
0.9830033746418755 0.9320134985675026
0.9765356987199948 0.90614279487998
0.9680242567905368 0.8720970271621473
0.9663681738214284 0.8654726952857148
0.9756758266203217 0.9027033064812884
0.9743613636628887 0.8974454546515552
0.9682787749503123 0.8731150998012488
0.9733896844045757 0.8935587376183028
0.9736346282473097 0.8945385129892384
0.9775700106070633 0.9102800424282538
0.9813416820502725 0.9253667282010898
0.976928393384193 0.9077135735367734
0.9696352178055616 0.8785408712222461
0.9607564421492988 0.8430257685971955
0.9751863527151795 0.9007454108607181
0.9739004149450878 0.8956016597803511
0.9771308019148051 0.9085232076592191
0.9781985632252146 0.9127942529008573
0.9785006119598808 0.9140024478395239
0.9808561445431878 0.9234245781727494
0.9779622340334876 0.9118489361339488
0.9702518259133223 0.881007303653289
0.979758402365071 0.919033609460284
0.9755754373106879 0.9023017492427503
0.9810022374301898 0.9240089497207602
0.9778471834320182 0.9113887337280723
0.9693076584056602 0.8772306336226389
0.9780878561210835 0.9123514244843349
0.9772326131408708 0.9089304525634819
0.9797143644845093 0.9188574579380372
0.9792720584953304 0.9170882339813214
0.9818943127129139 0.9275772508516542
0.9762241827659861 0.9048967310639437
0.9716400833709814 0.8865603334839243
0.9767532183979103 0.9070128735916407
0.9707771677676678 0.8831086710706701
0.9705962373911955 0.8823849495647822
0.9769510352873805 0.9078041411495228
0.9749924124611783 0.8999696498447135
0.9706832552289009 0.8827330209156036
0.9638718294300449 0.8554873177201782
0.9566865122907463 0.8267460491629842
0.9548489449955904 0.819395779982359
0.9703278788315065 0.8813115153260249
0.9707288232937132 0.8829152931748534
0.9760186174682265 0.9040744698729063
0.974441366416426 0.897765465665707
0.9810895646154403 0.9243582584617599
0.9778495152162019 0.9113980608648075
0.9796638384106394 0.9186553536425575
0.9805585080952407 0.9222340323809632
0.9743648774365467 0.8974595097461873
0.9771615277927524 0.9086461111710098
0.9760422361535228 0.904168944614089
0.970402513077965 0.8816100523118591
0.9629142244270446 0.8516568977081787
0.974443308150694 0.8977732326027755
0.976793271672595 0.9071730866903797
0.9773242930521222 0.9092971722084877
0.9771477895932764 0.9085911583731037
0.9806504002901008 0.9226016011604041
0.9742687577439127 0.8970750309756512
0.97145697199375 0.8858278879749995
0.9649417045824841 0.859766818329937
0.9729217522228815 0.8916870088915261
0.972608526545542 0.890434106182167
0.9795145538071374 0.9180582152285487
0.9819183640651026 0.9276734562604098
0.9818938182971984 0.9275752731887924
0.9744257238292121 0.8977028953168488
0.9784054076818183 0.9136216307272726
0.9784362998367029 0.9137451993468106
0.972524162100084 0.8900966484003345
0.9696845357830051 0.8787381431320206
0.9783529398232453 0.9134117592929798
0.9709241410341476 0.8836965641365891
0.9722791149002279 0.8891164596009113
0.9749723555120094 0.8998894220480382
0.9771823210772418 0.9087292843089658
0.9720352230298082 0.8881408921192322
0.9729588440937329 0.8918353763749315
0.9741759291989633 0.8967037167958529
0.970482723113339 0.881930892453356
0.9707860376116564 0.8831441504466241
0.9748640190933948 0.8994560763735774
0.975362582164002 0.9014503286560075
0.9739022848482654 0.8956091393930601
0.9798265537437618 0.9193062149750478
0.9779456775541007 0.911782710216403
0.9729029747187603 0.8916118988750402
0.9807534611906118 0.9230138447624454
0.9735789416114309 0.8943157664457231
0.9657442705663342 0.8629770822653355
0.9717007456080899 0.8868029824323582
0.9736703534634863 0.8946814138539451
0.9681687011071105 0.8726748044284417
0.9785578577949413 0.9142314311797641
0.9753535966693961 0.9014143866775821
0.9687574599130764 0.8750298396523049
0.9766793080262459 0.9067172321049826
0.9757470483084127 0.9029881932336505
0.9711808949614769 0.8847235798459079
0.9788396380582014 0.9153585522328048
0.9721392881445904 0.8885571525783611
0.9700695760602681 0.8802783042410717
0.9765976433294238 0.9063905733176952
0.9737815278347817 0.8951261113391261
0.9700114607922607 0.8800458431690426
0.9779392226348591 0.9117568905394354
0.9759654931183234 0.9038619724732923
0.9812937506866645 0.9251750027466581
0.9775252088427905 0.9101008353711606
0.9728071344119535 0.8912285376478121
0.9694894450941608 0.8779577803766435
0.9791202441385213 0.9164809765540842
0.9728642984281083 0.8914571937124321
0.9704181693074682 0.8816726772298736
0.9779131128493975 0.9116524513975903
0.9773847182941384 0.9095388731765524
0.9812873232096194 0.9251492928384777
0.9784982674113415 0.9139930696453662
0.973629891699253 0.8945195667970113
0.9679352736771857 0.8717410947087426
0.9768776689702223 0.9075106758808893
0.9746285361910629 0.8985141447642515
0.9811166022120398 0.9244664088481571
0.9779357474017393 0.9117429896069555
0.9821944875130216 0.9287779500520843
0.9753411326778451 0.9013645307113782
0.9701755306968753 0.880702122787502
0.9686029743393175 0.8744118973572688
0.9770544009693287 0.9082176038773128
0.9740592973120745 0.8962371892482967
0.9691355473030052 0.8765421892120212
0.9751067526062833 0.9004270104251336
0.9700363512871687 0.8801454051486743
0.9709806256772413 0.8839225027089639
0.9753924000488412 0.9015696001953638
0.970468039332367 0.8818721573294674
0.9696031505286726 0.87841260211469
0.9769235614019762 0.9076942456079021
0.9726735506019852 0.8906942024079421
0.9765256646936868 0.9061026587747472
0.9756631447331068 0.9026525789324253
0.9716964616007157 0.8867858464028622
0.9660950087334017 0.8643800349336063
0.9739413583321834 0.8957654333287327
0.9724440081762644 0.8897760327050583
0.9777350130692608 0.9109400522770424
0.9771143156224302 0.9084572624897187
0.9819306837407069 0.9277227349628263
0.9788691810466189 0.9154767241864729
0.972785532862739 0.8911421314509549
0.9770411367036064 0.9081645468144249
0.9761651813153681 0.9046607252614735
0.9708990623432331 0.8835962493729325
0.978901691951444 0.9156067678057757
0.9749503175162595 0.8998012700650384
0.967652447777153 0.8706097911086106
0.9731998114181782 0.8927992456727109
0.9758444917364026 0.9033779669456117
0.9719690505631027 0.8878762022524113
0.9781805562489714 0.9127222249958858
0.9772045455103746 0.9088181820414983
0.9715132976873144 0.8860531907492569
0.9652362043036001 0.8609448172143992
0.9622823089967381 0.849129235986952
0.9732021784800273 0.8928087139201086
0.9659258110607485 0.8637032442429948
0.9727665568436272 0.891066227374508
0.9672139321606372 0.8688557286425466
0.9674541864818624 0.8698167459274502
0.9758554383446193 0.9034217533784767
0.9753321359795872 0.9013285439183468
0.9706853681770443 0.8827414727081763
0.9760935540612045 0.9043742162448162
0.9738589326900494 0.8954357307601972
0.9788227374944357 0.9152909499777419
0.9730784103202496 0.8923136412809964
0.972618377143116 0.8904735085724649
0.9769019351151271 0.9076077404605055
0.9763918395466754 0.9055673581867021
0.9734207321000874 0.8936829284003491
0.9808356456116559 0.9233425824466244
0.974999344830604 0.8999973793224157
0.9726325090427568 0.8905300361710276
0.9766540245910704 0.9066160983642806
0.971766528103657 0.887066112414628
0.9717289687849384 0.8869158751397523
0.9687474247902063 0.874989699160824
0.9774604174537914 0.9098416698151663
0.9713612080323631 0.8854448321294496
0.9684953422326281 0.8739813689305095
0.9767969542112109 0.9071878168448425
0.9737506570000056 0.8950026280000236
0.9791330838771573 0.9165323355086276
0.9766207716996641 0.9064830867986565
0.9712286910021452 0.8849147640085804
0.9810249658204648 0.9240998632818592
0.9745162536782493 0.8980650147129964
0.9717166716788117 0.8868666867152466
0.9813023805443727 0.9252095221774915
0.9820740426739529 0.9282961706958115
0.9826769503169696 0.9307078012678798
0.9746033472905493 0.8984133891621962
0.9721317689641108 0.888527075856443
0.9779217406937059 0.9116869627748225
0.9789262995952845 0.9157051983811378
0.9820002188788091 0.9280008755152334
0.9754700970178272 0.9018803880713072
0.9736218769124118 0.8944875076496461
0.9793273503687843 0.9173094014751371
0.9763226088961037 0.9052904355844134
0.9801675725097506 0.9206702900390035
0.9725663111804824 0.890265244721928
0.9710660284117633 0.8842641136470523
0.9776957430877357 0.9107829723509424
0.9716658747313482 0.8866634989253943
0.9665609224693142 0.8662436898772549
0.9664956797702108 0.8659827190808436
0.9736919182728395 0.8947676730913585
0.9748721393501577 0.8994885574006297
0.9791536462712266 0.9166145850849058
0.9789761410652764 0.9159045642611061
0.9731948436837702 0.8927793747350827
0.9704905883344195 0.8819623533376774
0.9643817982263384 0.8575271929053531
0.9778349792342786 0.9113399169371152
0.9816673747842765 0.926669499137107
0.9801716083376831 0.9206864333507312
0.9756054383151639 0.9024217532606557
0.9697414933456412 0.8789659733825637
0.9777416084040977 0.9109664336163916
0.9709751213197526 0.8839004852790098
0.9766390610864306 0.9065562443457214
0.9748747466106791 0.8994989864427125
0.9795448791631389 0.9181795166525534
0.9791787214819494 0.9167148859277985
0.9713087353304916 0.8852349413219652
0.9786204115330794 0.914481646132316
0.9755004725413035 0.9020018901652143
0.9801071037393534 0.9204284149574116
0.9724774347667448 0.8899097390669793
0.9707417173145698 0.8829668692582796
0.9645648499056062 0.8582593996224239
0.973837271660844 0.8953490866433731
0.973230255070823 0.8929210202832906
0.9700627131285658 0.8802508525142616
0.9780572749330613 0.9122290997322441
0.97817375397393 0.9126950158957184
0.979131200110223 0.9165248004408915
0.9721007285002581 0.8884029140010327
0.9703580999243794 0.8814323996975163
0.9772499172219707 0.9089996688878824
0.9729432415121493 0.8917729660485952
0.9669164117872533 0.8676656471490142
0.9712445259654054 0.8849781038616207
0.9718462515456545 0.8873850061826163
0.9727332951597407 0.8909331806389617
0.9773542637495956 0.9094170549983803
0.9758329336083724 0.9033317344334881
0.9795914482868924 0.9183657931475679
0.9779922881803366 0.911969152721347
0.9728390664288128 0.8913562657152501
0.9819696455112742 0.9278785820450963
0.975634231224202 0.9025369248968059
0.9729079806536318 0.8916319226145271
0.9779586555367656 0.9118346221470621
0.9721674136215256 0.8886696544861026
0.978112717153492 0.912450868613968
0.9713196301241059 0.8852785204964235
0.9693985166564157 0.8775940666256616
0.9634527411350976 0.85381096454039
0.9729542409179559 0.8918169636718238
0.9740479219959872 0.8961916879839485
0.9769213878067796 0.9076855512271181
0.975745286370129 0.9029811454805171
0.9792019156437769 0.9168076625751072
0.9807362771339687 0.9229451085358745
0.9740475258954714 0.896190103581884
0.9695397207326139 0.8781588829304536
0.9678822591506965 0.871529036602784
0.9762427177143685 0.9049708708574745
0.975095461984088 0.9003818479363501
0.9687184929725268 0.8748739718901044
0.9665286787743967 0.8661147150975856
0.9739451385716059 0.8957805542864221
0.9717687832407169 0.8870751329628654
0.9756169654820235 0.9024678619280926
0.9759320799311972 0.9037283197247891
0.9719574911289068 0.8878299645156268
0.9760544598600929 0.9042178394403719
0.9775266570046012 0.9101066280184044
0.9712090953740962 0.8848363814963831
0.9635863332378517 0.8543453329514069
0.9692653309609004 0.8770613238435978
0.9714921571672562 0.8859686286690226
0.9667093507450168 0.8668374029800674
0.9673620018187653 0.8694480072750582
0.9751921340315903 0.9007685361263608
0.9752601300037163 0.9010405200148648
0.9789653089088983 0.915861235635594
0.9771255472123316 0.9085021888493259
0.9715255769926625 0.8861023079706508
0.977833879265862 0.9113355170634478
0.9777390682476792 0.9109562729907165
0.9801483393177609 0.9205933572710443
0.9796416785483941 0.9185667141935755
0.9731552398805421 0.8926209595221668
0.9810512669396587 0.924205067758634
0.9736468065497479 0.8945872261989911
0.9730173128458438 0.8920692513833731
0.969977491774522 0.8799099670980864
0.9627290404156473 0.8509161616625872
0.9698503432347575 0.8794013729390303
0.9716393184296058 0.8865572737184232
0.9775416116383079 0.9101664465532311
0.9770773756663172 0.9083095026652692
0.973673189745142 0.8946927589805689
0.9796393309837199 0.9185573239348783
0.9780101571620636 0.9120406286482543
0.9695915283025847 0.8783661132103382
0.9751768095104328 0.9007072380417317
0.9733942282432596 0.8935769129730375
0.967559141389706 0.870236565558823
0.9769130963058948 0.9076523852235775
0.9743074913816924 0.8972299655267669
0.980663137381477 0.9226525495259067
0.9745460355919362 0.8981841423677441
0.9684544517919472 0.8738178071677883
0.9670276191458745 0.8681104765834965
0.9765777076451561 0.9063108305806231
0.9737655524905813 0.8950622099623264
0.9695601376700218 0.878240550680088
0.9619970821742476 0.8479883286969906
0.97245618943912 0.8898247577564785
0.977252620740305 0.9090104829612181
0.9703012830785438 0.8812051323141722
0.963376443945825 0.8535057757832998
0.967851083340355 0.8714043333614179
0.974483937256506 0.8979357490260249
0.9736407629198222 0.8945630516792917
0.9779777452020779 0.9119109808083127
0.9771687042145532 0.9086748168582115
0.9726781194146114 0.8907124776584459
0.9703492889001544 0.881397155600618
0.9791074517408833 0.9164298069635339
0.9762672999886611 0.9050691999546443
0.9779162367701679 0.9116649470806715
0.9795694925550669 0.9182779702202672
0.9813477277245589 0.9253909108982344
0.9817097654032675 0.9268390616130685
0.9747710101476875 0.899084040590749
0.9776020686565278 0.9104082746261101
0.977586112991835 0.9103444519673394
0.9760894736096649 0.904357894438658
0.9689515153752063 0.8758060615008229
0.9772646911405113 0.9090587645620449
0.9736689175977401 0.89467567039096
0.9691865350107532 0.8767461400430121
0.9740148711117442 0.896059484446975
0.9753629689749865 0.901451875899946
0.97008570303039 0.8803428121215566
0.96859501714943 0.8743800685977196
0.9640831839276305 0.8563327357105238
0.974747358601703 0.8989894344068107
0.9745939649560875 0.8983758598243499
0.9688453604356883 0.875381441742752
0.966313353133502 0.8652534125340064
0.9759002983528537 0.9036011934114149
0.9740531426851352 0.8962125707405382
0.96926227643282 0.8770491057312795
0.9639189456120207 0.8556757824480832
0.9726215866211174 0.8904863464844691
0.9728579111510246 0.8914316446040974
0.9775045507835489 0.9100182031341987
0.9773653081146598 0.9094612324586404
0.9730950958515787 0.8923803834063153
0.9786921217677238 0.9147684870708952
0.9730061132981279 0.8920244531925106
0.9663571223570648 0.8654284894282592
0.9664690436397049 0.8658761745588183
0.9760337281843908 0.9041349127375622
0.9764443500127151 0.9057774000508598
0.9786547866574692 0.9146191466298765
0.9780083830375635 0.9120335321502557
0.9722747987038979 0.8890991948155912
0.9688715170170287 0.875486068068115
0.9783849886022864 0.9135399544091447
0.9833319090027328 0.9333276360109315
0.9823882876047305 0.9295531504189235
0.975181645866338 0.9007265834653525
0.9802903148072479 0.9211612592289878
0.9738139577394205 0.8952558309576836
0.9742262576355203 0.8969050305420807
0.9774709199359706 0.909883679743884
0.9777601301725505 0.9110405206902028
0.9809597994040857 0.9238391976163427
0.9806604661832223 0.9226418647328876
0.9732583011624574 0.8930332046498306
0.9818791216032673 0.9275164864130684
0.9791028197219116 0.916411278887646
0.9826740591522909 0.9306962366091632
0.9767342903735304 0.9069371614941207
0.9754095666124184 0.9016382664496733
0.9707504622342599 0.8830018489370396
0.9659459919071118 0.8637839676284456
0.9766537483911564 0.906614993564625
0.9780815422003541 0.9123261688014156
0.9796302983748773 0.91852119349951
0.9811134898041755 0.9244539592167004
0.9770194159828872 0.9080776639315489
0.9704455148999314 0.8817820595997268
0.9713408671848464 0.8853634687393844
0.9759925655206998 0.9039702620827974
0.9754915304676579 0.9019661218706329
0.9721990235389815 0.8887960941559266
0.9790895370230291 0.9163581480921151
0.9767980544511647 0.9071922178046576
0.9830491124869337 0.9321964499477339
0.9821668977941839 0.9286675911767347
0.9751188378077229 0.9004753512308907
0.9717706322513544 0.8870825290054181
0.97969486157836 0.9187794463134403
0.9794519375546602 0.9178077502186386
0.9791372632562808 0.9165490530251232
0.975016434371062 0.900065737484249
0.9681679180199645 0.8726716720798576
0.9775379241148795 0.9101516964595162
0.9714188021937035 0.8856752087748129
0.9702742283642053 0.8810969134568201
0.9681689928147057 0.872675971258822
0.976414007917803 0.9056560316712098
0.9707764952637384 0.8831059810549534
0.9630692655076564 0.8522770620306268
0.9718630334485258 0.8874521337941026
0.9676913448003756 0.8707653792015013
0.9688768492073211 0.8755073968292844
0.9666115624556545 0.8664462498226179
0.9633415837998683 0.853366335199473
0.9585265996450388 0.8341063985801527
0.9717886945778504 0.8871547783113992
0.9702665928338238 0.8810663713352951
0.9653238009182248 0.8612952036728986
0.9623979170275254 0.8495916681101011
0.9762236404077916 0.9048945616311685
0.975578350220006 0.9023134008800211
0.9699356473263744 0.8797425893054965
0.979096009937536 0.916384039750143
0.9743440863799294 0.8973763455197177
0.9815188611766275 0.9260754447065085
0.9822992559403501 0.9291970237613996
0.983005391388568 0.9320215655542716
0.9854557120800179 0.9418228483200706
0.9855707834710691 0.9422831338842742
0.9795703311648697 0.9182813246594772
0.9704051135766683 0.8816204543066738
0.9682071572300892 0.8728286289203564