0.8434830269059497 0.3739321076237967
0.9163395187654068 0.6653580750616315
0.8522868872866052 0.4091475491464211
0.8174283013180548 0.26971320527221815
0.7760876430035633 0.10435057201425291
0.7811024947613397 0.12440997904535815
0.8031038296357436 0.21241531854297427
0.7874034878851481 0.14961395154059157
0.7996551080169408 0.19862043206776328
0.7932953468661746 0.17318138746469758
0.7870772511846937 0.1483090047387758
0.7988365036790936 0.1953460147163741
0.7820257474744255 0.12810298989770108
0.788635955085821 0.15454382034328168
0.7685987890993476 0.07439515639739033
0.7741942390868947 0.09677695634757753
0.76881923376913 0.07527693507651949
0.7735559002539764 0.09422360101590568
0.7795400771961647 0.11816030878465955
0.7663450892730798 0.06538035709231683
0.7608306331055398 0.04332253242215803
0.7553737958340804 0.0214951833363227
0.7527485977950985 0.010994391180395701
0.7524699698641846 0.009879879456738242
0.7524074707162838 0.009629882865134061
0.7520559859499754 0.00822394379990127
0.7522788999787581 0.009115599915032713
0.7524844376422828 0.009937750569133106
0.7523968071356408 0.009587228542563872
0.7525371106264749 0.010148442505898194
0.752556427409932 0.010225709639727949
0.752130509563511 0.008522038254044484
0.7513987075428562 0.005594830171427243
0.7510971535084893 0.004388614033956917
0.7509084959643971 0.003633983857589154
0.750786855221952 0.0031474208878083582
0.7507060705895227 0.0028242823580899674
0.7506509663313882 0.00260386532555307
0.7506125421804842 0.0024501687219368974
0.7505852788394844 0.002341115357938236
0.7509772770335679 0.0039091081342719405
0.7508814148050074 0.003525659220031021
0.7508188864294176 0.003275545717672236
0.7507769687896136 0.003107875158455069
0.7507481943204681 0.0029927772818726995
0.7507280525836444 0.0029122103345781882
0.7507137308345281 0.0028549233381132437
0.750703420431973 0.0028136817278924253
0.7506959256894002 0.002783702757601015
0.7506904367394509 0.002761746957802697
0.7506863935858554 0.0027455743434227635
0.7506834022835313 0.0027336091341257744
0.7506811817731793 0.0027247270927178275
0.7506795292538697 0.0027181170154800026
0.750678297076924 0.0027131883076971586
0.7506773769915316 0.0027095079661259612
0.7506766892000064 0.0027067568000251497
0.75067617463293 0.0027046985317199096
0.7506757894249655 0.00270315769986232
0.7510129642261839 0.004051856904734161
0.7509461908800827 0.003784763520330492
0.7509037459765687 0.0036149839062733185
0.7508760099406434 0.0035040397625752547
0.7508574242277087 0.0034296969108350943
0.7508446944059873 0.0033787776239492112
0.7508358120909148 0.0033432483636582633
0.7508295182154159 0.0033180728616639087
0.7508250021854704 0.003300008741881367
0.7508217290811742 0.0032869163246965812
0.7508193379018713 0.003277351607484614
0.7508175801419128 0.0032703205676524916
0.7508162817867696 0.0032651271470779163
0.7508153192197864 0.003261276879145751
0.750814603581305 0.003258414325219819
0.7508140703833426 0.0032562815333711088
0.750813672468735 0.0032546898749409824
0.7508133751477505 0.0032535005910032193
0.7508131527837831 0.0032526111351329208
0.750812986363197 0.003251945452790031
0.7508128617459061 0.0032514469836262775
0.7508127683943664 0.003251073577467587
0.750812698443378 0.003250793773512338
0.7508126460153806 0.003250584061523008
0.7508126067142052 0.0032504268568216764
0.7508125772494734 0.0032503089978928945
0.7510931482110128 0.004372592844051709
0.7510269314037349 0.004107725614939239
0.7509848380919452 0.003939352367780552
0.7509573309537201 0.003829323814880779
0.7509388984850045 0.0037555939400173532
0.750926273735451 0.0037050949418034216
0.7509174648900067 0.003669859560026939
0.7509112232037499 0.0036448928150007876
0.7509067447132396 0.0036269788529589182
0.7509034988769594 0.003613995507838292
0.7509011276561091 0.003604510624436333
0.7508993845904668 0.003597538361867838
0.7508980971026976 0.0035923884107913113
0.7508971426004201 0.0035885704016811876
0.7508964329623754 0.0035857318495024636