0.9835009158791501 0.9340036635166024
0.9751093845799828 0.9004375383199329
0.9638982815788496 0.8555931263154004
0.9719779596088794 0.8879118384355209
0.9637433273439514 0.8549733093758047
0.9645469752268911 0.8581879009075642
0.959033546446775 0.8361341857870994
0.9689809659038596 0.8759238636154401
0.9633197774403367 0.8532791097613466
0.9607789765548677 0.8431159062194689
0.9546487202197135 0.8185948808788557
0.9668843568408342 0.8675374273633374
0.96341323556729 0.8536529422691607
0.973669284878559 0.8946771395142373
0.9704853152032368 0.8819412608129453
0.9762331932515028 0.9049327730060098
0.9725779584085636 0.890311833634253
0.9758328955004221 0.9033315820016901
0.9767726330814297 0.9070905323257186
0.9722168534630531 0.8888674138522127
0.9810825471698205 0.9243301886792804
0.9754533176601083 0.9018132706404326
0.9681626554269498 0.8726506217077982
0.9678988508760514 0.8715954035042044
0.9782985135203972 0.9131940540815883
0.973660331028442 0.8946413241137666
0.9800825445273071 0.9203301781092287
0.9724339203512479 0.8897356814049913
0.9680931138219728 0.872372455287892
0.9618397953660266 0.8473591814641068
0.9743307282441868 0.8973229129767479
0.9733870783908297 0.8935483135633181
0.9653462235164711 0.8613848940658865
0.9772849122095699 0.9091396488382802
0.9733427498275802 0.8933709993103214
0.9672374222793626 0.8689496891174524
0.9759894920447103 0.9039579681788382
0.9726135455954181 0.8904541823816737
0.9675970782230908 0.8703883128923642
0.9742920336766471 0.8971681347065874
0.9696770302970792 0.8787081211883162
0.9677139335147897 0.8708557340591588
0.9621460337790438 0.8485841351161754
0.9711106937102467 0.8844427748409873
0.9695044349135867 0.878017739654348
0.9765976413210035 0.9063905652840137
0.9768934541178329 0.9075738164713328
0.9807110302784998 0.9228441211139982
0.9791400217535745 0.9165600870142974
0.9722776813702493 0.8891107254809967
0.9805890786575265 0.9223563146301061
0.972247407634388 0.8889896305375532
0.966909960528937 0.867639842115747
0.9730695555864134 0.8922782223456537
0.9738812787101355 0.8955251148405423
0.9709478294961356 0.8837913179845436
0.9798014661670601 0.9192058646682411
0.9740766939559606 0.8963067758238406
0.971486043748845 0.8859441749953783
0.9679487025592934 0.8717948102371739
0.977640157324807 0.9105606292992295
0.9715667057926106 0.8862668231704416
0.9647489950477569 0.8589959801910271
0.9774861970296338 0.9099447881185351
0.9815887569716345 0.9263550278865402
0.9751490666765004 0.9005962667060039
0.975219273775406 0.9008770951016223
0.9681545068481452 0.8726180273925805
0.9660091948761186 0.8640367795044726
0.9758666255118231 0.9034665020472924
0.9715539802140962 0.8862159208563851
0.9815140741106453 0.9260562964425815
0.9772147193882241 0.9088588775528954
0.9720896818776997 0.8883587275108004
0.9810936007073336 0.9243744028293334
0.9820462975953465 0.928185190381385
0.9771998206896724 0.9087992827586922
0.9694253281519071 0.8777013126076292
0.9707917553145079 0.8831670212580314
0.9648820066708087 0.8595280266832358
0.9632322594571013 0.8529290378284051
0.9726510085456372 0.8906040341825501
0.9659044955081802 0.8636179820327196
0.9750164132545841 0.9000656530183359
0.9699427889804523 0.8797711559218077
0.9620566284673737 0.8482265138694954
0.9550335754332819 0.8201343017331303
0.971714709895824 0.8868588395832969
0.9715593171846651 0.8862372687386612
0.9778425233625092 0.9113700934500382
0.978994130455594 0.9159765218223768
0.9823173059378094 0.929269223751236
0.9756572828090811 0.9026291312363258
0.9745638863687414 0.8982555454749663
0.9697933684909934 0.8791734739639722
0.9799337009327412 0.9197348037309636
0.9749454341456633 0.8997817365826531
0.9729148500816714 0.8916594003266853
0.9790866859672116 0.916346743868846
0.9771471003994534 0.9085884015978156
0.9695839089743891 0.8783356358975556
0.9674191147969444 0.8696764591877768
0.9769858668097546 0.9079434672390196
0.9712667081831864 0.8850668327327469
0.9741598878896427 0.8966395515585706
0.968653041094892 0.8746121643795643
0.9721267878970059 0.8885071515880248
0.9702126046307055 0.8808504185228224
0.9781898086921004 0.9127592347684006
0.974757663302728 0.8990306532109135
0.9694277952837921 0.8777111811351679
0.9786011046188543 0.9144044184754192
0.9746929912460505 0.8987719649842013
0.9687565546757518 0.8750262187030076
0.9794398450289843 0.9177593801159354
0.9781048694042882 0.9124194776171518
0.9713142781150224 0.8852571124600908
0.968465578983753 0.8738623159350126
0.9754579620907008 0.9018318483628036
0.9701274770884658 0.8805099083538628
0.9696640371870079 0.8786561487480321
0.9758388796861779 0.9033555187447116
0.970680492295718 0.88272196918287
0.9699856031954883 0.8799424127819533
0.9640790483733735 0.8563161934934927
0.9576296771083538 0.8305187084334142
0.9728150316216577 0.8912601264866313
0.9661613246415225 0.8646452985660896
0.9593630441281139 0.8374521765124555
0.968293300325617 0.8731732013024666
0.9724602417324608 0.889840966929843
0.9710848046235327 0.8843392184941291
0.9656821424748938 0.8627285698995766
0.9741340908677896 0.8965363634711585
0.9725916793718937 0.8903667174875751
0.968168547999581 0.8726741919983246
0.9653547388559734 0.8614189554238934
0.9735635459917744 0.8942541839670965
0.9721918645982833 0.888767458393134
0.9787181343285508 0.9148725373142024
0.9763112671330966 0.9052450685323877
0.9807822654327185 0.9231290617308757
0.974555916882049 0.8982236675281966
0.9749821527386868 0.8999286109547459
0.9765633711444033 0.9062534845776118
0.9772602089218205 0.9090408356872814
0.9726385797045919 0.8905543188183681
0.9778808507372401 0.9115234029489591
0.9779906446768551 0.9119625787074217
0.9720342060993121 0.8881368243972498
0.9754948865986389 0.9019795463945581
0.9695524744926431 0.8782098979705732
0.9709317340935513 0.8837269363742063
0.9758703878844583 0.9034815515378348
0.9772273752438261 0.908909500975303
0.9700827549210926 0.8803310196843708
0.9677329798585269 0.8709319194341085
0.9782897880254688 0.9131591521018754
0.9724268867731571 0.8897075470926283
0.9666543694144711 0.8666174776578843
0.9651544438231611 0.8606177752926463
0.9591678088816615 0.8366712355266466
0.9588135364845773 0.8352541459383116
0.970161073170024 0.8806442926800938
0.9748735617933052 0.8994942471732209
0.9774202121067117 0.9096808484268477
0.9710584363420416 0.8842337453681658
0.9698221414744974 0.8792885658979891
0.9645530958405373 0.8582123833621488
0.9613912609782286 0.8455650439129152
0.9744418416910909 0.8977673667643632
0.9794283222136545 0.917713288854619
0.9782560594655841 0.9130242378623374
0.9825993075465159 0.9303972301860626
0.9798038150325694 0.9192152601302762
0.9725216785434005 0.8900867141736035
0.9775674603984816 0.9102698415939279
0.9718406699327845 0.8873626797311391
0.9648566447875971 0.8594265791503909
0.9664169658791474 0.8656678635165882
0.9742243785904157 0.8968975143616618
0.9741047145585034 0.8964188582340141
0.9777321551134592 0.9109286204538367
0.9725357424669632 0.8901429698678521
0.9720035299388223 0.8880141197552868
0.9684371586150674 0.8737486344602695
0.9630183016958811 0.8520732067835256
0.9739907209982813 0.8959628839931235
0.9731732831760417 0.8926931327041676
0.980050404335436 0.9202016173417447
0.9743298182588043 0.8973192730352189
0.971895616835327 0.887582467341308
0.9809272632619096 0.9237090530476374
0.9733999391517834 0.8935997566071318
0.9709435570362899 0.8837742281451608
0.965311514707439 0.8612460588297575
0.9725007826078429 0.8900031304313727
0.9735039056797357 0.8940156227189426
0.977316059010297 0.9092642360411873
0.9765005055854402 0.906002022341761
0.9789140804795947 0.9156563219183802
0.9771740685675039 0.9086962742700136
0.9709121548941946 0.8836486195767802
0.9758954077326137 0.9035816309304553
0.9748479559635375 0.8993918238541481
0.9788993057944478 0.9155972231777926
0.9768302172923466 0.907320869169387
0.9788220382201483 0.9152881528805935
0.9741203247990241 0.8964812991960958
0.9670334517071951 0.8681338068287815
0.9687668988761322 0.8750675955045285
0.9668145710673514 0.8672582842694038
0.9741476242863618 0.896590497145445
0.9730480070597616 0.8921920282390459
0.9791464202170594 0.9165856808682367
0.9727647682329286 0.8910590729317133
0.9744406495799027 0.8977625983196106
0.9696199939524119 0.878479975809649
0.9733073049715613 0.8932292198862458
0.9702220499032993 0.8808881996131948
0.9768219899706387 0.9072879598825544
0.9743044152295426 0.8972176609181689
0.9771281916937542 0.9085127667750186
0.9775255534385207 0.910102213754084
0.9745447908685929 0.8981791634743717
0.9816631363371257 0.926652545348504
0.979729631416994 0.9189185256679773
0.9836836218142085 0.934734487256834
0.9803552471155893 0.9214209884623581
0.9817222772168047 0.9268891088672195
0.9804372714521393 0.9217490858085569
0.9732358070208401 0.8929432280833592
0.9772438111301043 0.9089752445204162
0.9709047970497526 0.883619188199009
0.9637026494014527 0.8548105976058102
0.9663055540488895 0.8652222161955571
0.9742888319063921 0.897155327625568
0.9831389612539474 0.9325558450157915
0.9756608397677627 0.9026433590710506
0.9692884089300853 0.8771536357203416
0.963533253120595 0.8541330124823823
0.9757967109794862 0.9031868439179437
0.9697173160434018 0.8788692641736052
0.9727605768407845 0.8910423073631354
0.9762783763850034 0.9051135055400139
0.9748657639601531 0.8994630558406126
0.9793523149882333 0.9174092599529362
0.9784181140918992 0.9136724563675972
0.9816623195345343 0.9266492781381388
0.9801312401823613 0.9205249607294475
0.9834081227370052 0.9336324909480217
0.9829020840463835 0.9316083361855347
0.9747064906700831 0.8988259626803328
0.9727110337921496 0.8908441351685977
0.9799638272059853 0.9198553088239406
0.9728544906711782 0.8914179626847141
0.9649401062791142 0.8597604251164565
0.9700238279745145 0.8800953118980581
0.9739865887962305 0.8959463551849218
0.9668144048897516 0.8672576195590075
0.9721765486371947 0.8887061945487771
0.9744697124195544 0.8978788496782166
0.9713268224037102 0.8853072896148412
0.96727465304859 0.8690986121943611
0.9789996763884329 0.9159987055537309
0.979851388274406 0.9194055530976243
0.9801849247299895 0.9207396989199573
0.9736402948854765 0.8945611795419051
0.9732991031009199 0.893196412403681
0.9783221361176571 0.9132885444706262
0.9766513475993746 0.9066053903974999
0.979218330789793 0.9168733231591729
0.9786484233330672 0.9145936933322674
0.9715609686792888 0.8862438747171565
0.964008331126512 0.8560333245060483
0.976700013310969 0.9068000532438752
0.9699585033101034 0.8798340132404118
0.968296774543944 0.873187098175777
0.9768257340864791 0.9073029363459159
0.9700864052099442 0.8803456208397759
0.9639400751485894 0.8557603005943574
0.9664013813934766 0.8656055255739065
0.9628003039014714 0.8512012156058875
0.9744574924839263 0.897829969935705
0.9746292758192502 0.8985171032769999
0.9781054341710604 0.912421736684244
0.9743926379863733 0.897570551945494
0.9697644874343392 0.8790579497373558
0.9746123950642175 0.8984495802568692
0.9700119744802074 0.8800478979208318
0.9708736464032037 0.8834945856128161
0.9658362493866486 0.8633449975465954
0.9758637985746446 0.9034551942985771
0.972289212353466 0.8891568494138646
0.9786958757653355 0.9147835030613407
0.9766040106810974 0.9064160427243894
0.9702242868666024 0.8808971474664089
0.9792554533714594 0.9170218134858367
0.9746202573723611 0.8984810294894453
0.9789154034863288 0.9156616139453164
0.9726191290796139 0.8904765163184549
0.9741364971940604 0.8965459887762398
0.9774749554286398 0.90989982171456
0.977431773700951 0.909727094803803
0.9807665435367872 0.9230661741471486
0.9803035657629796 0.921214263051918
0.9733633539603977 0.8934534158415895
0.9759999698771692 0.9039998795086759
0.975518231115903 0.9020729244636121
0.9824713579504716 0.9298854318018871
0.976200404715348 0.9048016188613915
0.9727105588194835 0.8908422352779355
0.9811483478680877 0.9245933914723499
0.98019062304723 0.9207624921889184
0.9755196598464242 0.9020786393856984
0.9805448759133227 0.9221795036532893
0.9784046068999024 0.9136184275996093
0.9717951222841548 0.8871804891366181
0.9816803160165486 0.9267212640661942
0.973711559635876 0.8948462385435038
0.971781651127348 0.8871266045093938
0.9790800145615637 0.9163200582462524
0.9764263690541393 0.9057054762165574
0.9708811211361507 0.8835244845446029
0.9663781274678483 0.8655125098713948
0.9765593232857777 0.9062372931431106
0.9702393048145287 0.880957219258115
0.9673457310208322 0.8693829240833288
0.9754117770869228 0.9016471083476906
0.9722562341419994 0.8890249365679979
0.9789616062450591 0.9158464249802368
0.9729651401790906 0.8918605607163623
0.964412998023982 0.8576519920959256
0.9664885093464032 0.8659540373856145
0.9740088223845368 0.896035289538148
0.9749242377814328 0.8996969511257303
0.9781677949071367 0.9126711796285469
0.9728733931877591 0.8914935727510374
0.9728464160113187 0.8913856640452757
0.9697006806904095 0.8788027227616366
0.977360908624198 0.9094436344967919
0.9744642593048998 0.8978570372195985
0.9801509517794714 0.9206038071178857
0.9776310118916652 0.9105240475666615
0.9734452228953607 0.8937808915814426
0.978262750486197 0.9130510019447877
0.9798355805007433 0.9193423220029735
0.9817230666900071 0.9268922667600273
0.974539446200983 0.898157784803933
0.9754467648789258 0.9017870595157036
0.9765662035227721 0.9062648140910866
0.9734990233104135 0.8939960932416526
0.9784722465624557 0.9138889862498235
0.9780933007786782 0.91237320311471
0.9745886288688854 0.8983545154755411
0.9798272265032567 0.9193089060130271
0.9783146588241497 0.9132586352965972
0.9810522702090987 0.9242090808363953
0.980578785303397 0.922315141213588
0.9761150028699231 0.9044600114796926
0.9828011325840775 0.9312045303363108
0.9759737287056423 0.9038949148225685
0.9785039606707531 0.914015842683012
0.9803404469580486 0.9213617878321945
0.9747314017116467 0.898925606846584
0.9785149996464216 0.9140599985856847
0.9779941483351834 0.9119765933407321
0.9808803599767557 0.9235214399070233
0.9794765407264103 0.917906162905642
0.9735902525573995 0.8943610102295971
0.9705374290352802 0.8821497161411189
0.9792097528341236 0.9168390113364948
0.9732680226773455 0.8930720907093815
0.9671035334089352 0.868414133635741
0.9652721000114335 0.8610884000457325
0.9721034090910194 0.8884136363640783
0.97085644765275 0.8834257906109994
0.9657498641331773 0.8629994565327079
0.9619203856402956 0.8476815425611839
0.9710209086575916 0.8840836346303663
0.9692407218413266 0.8769628873653066
0.9661883617152272 0.8647534468609082
0.9745758264432106 0.8983033057728426
0.9725514634065803 0.8902058536263207
0.9687996838495194 0.8751987353980775
0.963117342328505 0.8524693693140195
0.9610311502516835 0.8441246010067354
0.9754994831443047 0.9019979325772206
0.9720615380683404 0.8882461522733618
0.9801103036192802 0.9204412144771204
0.9779441238271035 0.9117764953084128
0.9831238186460073 0.9324952745840287
0.9807700095522116 0.923080038208846
0.9740862886701831 0.8963451546807312
0.9793181842259662 0.917272736903865
0.9790262921486824 0.9161051685947289
0.9753521440794579 0.9014085763178312
0.9688812316347862 0.8755249265391452
0.9774518905518527 0.9098075622074101
0.9752977745157212 0.9011910980628861
0.9773103310824487 0.9092413243297933
0.9728393214050413 0.8913572856201646
0.9724847434982314 0.8899389739929245
0.9667324346231638 0.8669297384926563
0.9610865801884227 0.8443463207536908
0.9709986236170954 0.8839944944683811
0.976134405262995 0.9045376210519818
0.9772338885031671 0.9089355540126682
0.9719387560099385 0.8877550240397529
0.9747397846059274 0.8989591384237123
0.9772867493088938 0.909146997235574
0.9707173516809243 0.8828694067236955
0.9739938581503083 0.8959754326012336
0.9762669562156286 0.9050678248625149
0.9745513458369534 0.8982053833478129
0.980337168814942 0.9213486752597678
0.9768027362539284 0.9072109450157132
0.9744267955307051 0.8977071821228206
0.9807162258802228 0.9228649035208918
0.9761241202734345 0.9044964810937395
0.9691010863716621 0.876404345486649
0.9616326582084086 0.8465306328336333
0.9712077750742526 0.884831100297013
0.9717685172466637 0.8870740689866544
0.9782848378854903 0.913139351541963
0.9756326213390304 0.9025304853561203
0.9702388640017872 0.8809554560071495
0.9809879505272145 0.9239518021088575
0.9740376675338089 0.8961506701352344
0.9781907376591829 0.9127629506367326
0.9729180973396463 0.8916723893585857
0.9726814708765658 0.8907258835062634
0.9665519116295961 0.8662076465183866
0.9747086767055058 0.8988347068220216
0.9742854610284306 0.8971418441137216
0.9710599599231956 0.8842398396927806
0.9652508461876016 0.8610033847504076
0.9746811468255921 0.8987245873023683
0.9749040769559444 0.8996163078237781
0.9780034926189519 0.9120139704758081
0.9774139591455128 0.9096558365820517
0.9824622631905129 0.929849052762052
0.9773552058624166 0.9094208234496685
0.9711097011552721 0.8844388046210885
0.964197350955495 0.8567894038219799
0.9574391302367238 0.8297565209468959
0.9738424210991119 0.8953696843964465
0.9727059087052119 0.8908236348208465
0.9778154113788128 0.9112616455152537
0.978842571945865 0.9153702877834593
0.9748551296188223 0.89942051847529
0.9698353780521642 0.8793415122086577
0.9764411898491063 0.9057647593964256
0.974862351218166 0.8994494048726654
0.9793523683132147 0.9174094732528587
0.9775810096813049 0.9103240387252194
0.9756904861840592 0.9027619447362373
0.9817355426563854 0.9269421706255428
0.9777025584285177 0.9108102337140713
0.9728051935232913 0.8912207740931675
0.9791819315328405 0.916727726131362
0.9738294008624433 0.8953176034497748
0.9666101176199102 0.8664404704796431
0.96722195819891 0.8688878327956395
0.9744266825829488 0.897706730331796
0.9730667063944836 0.8922668255779336
0.978323121160875 0.9132924846435009
0.9727236926241182 0.8908947704964707
0.9718367398137322 0.8873469592549289
0.9814015435116679 0.9256061740466704
0.9745918697517998 0.8983674790072002
0.977745038139017 0.9109801525560681
0.9705670394746774 0.8822681578987082
0.9727151224273559 0.890860489709423
0.9762544719859756 0.9050178879439019
0.9779787433271038 0.9119149733084133
0.9752900829050809 0.9011603316203219
0.9689431040480894 0.8757724161923592
0.9785569825183746 0.9142279300735002
0.9727653835106852 0.8910615340427408
0.9812945839808043 0.9251783359232177
0.9753947201373301 0.9015788805493213
0.9795150555256287 0.9180602221025157
0.9802469912678617 0.9209879650714479
0.982065250105111 0.9282610004204418
0.9824857630835407 0.9299430523341631
0.9774539157471274 0.9098156629885097
0.9720465110478849 0.88818604419154
0.9774408680719634 0.9097634722878527
0.9757083780817952 0.9028335123271796
0.9715538056098422 0.8862152224393677
0.9753966555660043 0.9015866222640173
0.9750386024393256 0.9001544097573031
0.971951877682506 0.8878075107300232
0.9671533814045 0.8686135256179999
0.9747908179558488 0.8991632718233938
0.9739282691966771 0.8957130767867073
0.9782666374884375 0.91306654995375
0.97637413364446 0.9054965345778383
0.972467399896836 0.8898695995873431
0.9823113224919174 0.9292452899676691
0.9747203793306997 0.8988815173227984
0.9721402869328435 0.8885611477313736
0.9789637687813055 0.9158550751252216
0.9779381823768345 0.9117527295073369
0.9832724509960127 0.9330898039840508
0.9770515361991741 0.9082061447966971
0.9807318188393856 0.9229272753575449
0.9814915620647962 0.9259662482591848
0.9742625771738868 0.8970503086955476
0.9824949499758562 0.9299797999034236
0.9747345244759267 0.8989380979037069
0.9835804989624722 0.9343219958498874
0.9787284651804623 0.9149138607218478
0.9755225456651118 0.9020901826604498
0.9697763724839922 0.8791054899359706
0.980727930537987 0.922911722151945
0.974196024506579 0.8967840980263168
0.967645923796379 0.8705836951855165
0.9629055862898608 0.8516223451594415
0.9691892917459153 0.8767571669836624
0.975141340350429 0.9005653614017164
0.9772795598810714 0.9091182395242849
0.9724416681516924 0.889766672606771
0.9762965865303481 0.9051863461213933
0.9764683197462722 0.9058732789850876
0.9780205737085272 0.9120822948341091
0.9720023891992465 0.8880095567969859
0.9791854595400323 0.9167418381601302
0.9799688695429818 0.9198754781719267
0.9732741119332586 0.8930964477330349
0.9811882403406826 0.9247529613627309
0.979210963253483 0.9168438530139315
0.9730667247283346 0.89226689891334
0.9786163871051815 0.9144655484207285
0.9708357213997055 0.8833428855988233
0.9636871461549199 0.8547485846196795
0.9636640046618762 0.854656018647507
0.9751482855205031 0.9005931420820127
0.9717185796236862 0.8868743184947436
0.9804059330420576 0.9216237321682291
0.9734918260079037 0.8939673040316144
0.9765115017991773 0.9060460071967108
0.9781467716540617 0.9125870866162458
0.9704270204127029 0.8817080816508118
0.9697205094994803 0.8788820379979218
0.9769317093652777 0.9077268374611113
0.9735340915058565 0.8941363660234282
0.9695519397080158 0.8782077588320614
0.9787173824179384 0.9148695296717537
0.9710092387812653 0.8840369551250618
0.9674748449753107 0.8698993799012414
0.9650668506907981 0.8602674027631911
0.9730782695702644 0.8923130782810599
0.9769822416325654 0.9079289665302613
0.975550027392384 0.9022001095695361
0.970370041992682 0.881480167970726
0.9671350347371499 0.8685401389485965
0.9771918448590996 0.9087673794363994
0.9773316355404041 0.9093265421616167
0.9789009248930085 0.9156036995720328
0.9746931154558974 0.8987724618235896
0.9687198206504108 0.8748792826016429
0.9770618330256964 0.9082473321027836
0.9717868862266079 0.8871475449064299
0.973857842022894 0.8954313680915775
0.9770436649548254 0.9081746598193021
0.9747651379678867 0.8990605518715458
0.9786959381885229 0.914783752754091
0.9774728060583284 0.9098912242333128
0.9709953842809261 0.8839815371237052
0.9675985253437018 0.8703941013748075
0.9782755115843933 0.9131020463375726
0.9726438184683177 0.8905752738732687
0.969568863508393 0.8782754540335717
0.9767962098247753 0.9071848392990992
0.9734809079317703 0.8939236317270818
0.9673526048588905 0.8694104194355625
0.9615638657142891 0.846255462857158
0.9601937273106195 0.8407749092424774
0.96985747933496 0.879429917339839
0.9655474389936936 0.8621897559747735
0.9663551701181207 0.8654206804724843
0.974095779962214 0.8963831198488531
0.970745736389658 0.8829829455586321
0.977650227741151 0.9106009109646035
0.9724805481392387 0.8899221925569559
0.972146250721542 0.8885850028861687
0.9672646770887995 0.869058708355198
0.9781564604390387 0.9126258417561546
0.9739244971856483 0.8956979887425927
0.9783719894905178 0.9134879579620704
0.9784389573864608 0.9137558295458416
0.9728746765244103 0.8914987060976405
0.9651275323614005 0.8605101294456005
0.9646239042752691 0.8584956171010749
0.9772754754730542 0.9091019018922175
0.9716865156548544 0.8867460626194178
0.9710507406810635 0.8842029627242534
0.9665716905306527 0.8662867621226118
0.9735693716381022 0.8942774865524082
0.9787332537530269 0.9149330150121056
0.9791156381868131 0.9164625527472531
0.9811716117180518 0.9246864468722069
0.9751570039032881 0.9006280156131516
0.9751769339937637 0.9007077359750544
0.970328261645224 0.8813130465808976
0.9798564791101083 0.9194259164404329
0.9767087873317506 0.9068351493270029
0.9821778427760357 0.9287113711041424
0.9757553146373517 0.9030212585494053
0.9692794370310166 0.8771177481240668
0.9677811106217026 0.8711244424868094
0.9633358196966637 0.8533432787866557
0.9697995678844292 0.8791982715377163
0.9687786939046324 0.8751147756185281
0.964896482541747 0.85958593016699
0.9703790752562688 0.8815163010250753
0.9669575365805365 0.8678301463221471
0.9753948084715628 0.9015792338862518
0.9747601843627265 0.8990407374509068
0.9716008913871121 0.8864035655484467
0.9755689481630521 0.9022757926522073
0.9762341485784218 0.9049365943136849
0.970478702345574 0.8819148093822968
0.9730830509261641 0.8923322037046578
0.9741447545235056 0.8965790180940225
0.9768216008404589 0.9072864033618359
0.9769751862561538 0.9079007450246137
0.9718243099601713 0.8872972398406855
0.9668492019526138 0.8673968078104565
0.9715128909168129 0.8860515636672517
0.9745605741639376 0.8982422966557507
0.9665674633238013 0.8662698532952031
0.9632073015984166 0.8528292063936651
0.972201881679203 0.8888075267168121
0.9679616938063756 0.8718467752255026
0.9624347448353902 0.8497389793415607
0.9749266259500851 0.8997065038003381
0.9740104807617953 0.8960419230471811
0.9776980177254758 0.9107920709019035
0.9788137407697384 0.9152549630789544
0.9816208115923883 0.9264832463695527
0.9812381291202188 0.9249525164808758
0.9775990177097882 0.9103960708391519
0.9732339846024572 0.8929359384098301
0.979985772725871 0.9199430909034841
0.9733568104255954 0.8934272417023829
0.970914926087795 0.8836597043511809
0.9675780665464829 0.8703122661859307
0.9622960993597083 0.8491843974388317
0.9743146740837506 0.8972586963350014
0.9711751130107092 0.8847004520428366
0.9660916415764084 0.8643665663056346
0.9764831295580159 0.9059325182320633
0.9787481846503333 0.9149927386013339
0.9794740991453526 0.91789639658141
0.9773151699251373 0.9092606797005495
0.9715805762743287 0.8863223050973167
0.9775317200297922 0.9101268801191675
0.9770064662463015 0.908025864985207
0.9736152664601473 0.8944610658405882
0.9802300023704771 0.920920009481909
0.9762235883698722 0.9048943534794899
0.9809220007639509 0.9236880030558022
0.9799043497784341 0.9196173991137365
0.9811545762449372 0.9246183049797487
0.9765524679774602 0.9062098719098401
0.9764724205279611 0.9058896821118434
0.9717608335713938 0.8870433342855741
0.9687779284401346 0.8751117137605381
0.9788258015992883 0.9153032063971527
0.974281906939084 0.8971276277563345
0.9788895797540937 0.9155583190163757
0.9728839164713345 0.8915356658853401
0.9660070240151586 0.8640280960606332
0.968208179727709 0.8728327189108361
0.9800408893902908 0.9201635575611621
0.9757168238941317 0.9028672955765268
0.9771194878507998 0.9084779514031988
0.9796029203975568 0.9184116815902247
0.980171949114872 0.9206877964594884
0.982559738163307 0.9302389526532292
0.9787633006967168 0.9150532027868669
0.9829815115266218 0.9319260461064881
0.9766454102338757 0.9065816409355024
0.9753594915788875 0.9014379663155492
0.9691270544496455 0.876508217798581
0.9754001750376494 0.9016007001505976
0.9763943433574088 0.9055773734296341
0.97836923885309 0.9134769554123597
0.9725505161395647 0.8902020645582579
0.9658372900519069 0.8633491602076279
0.9680036757747952 0.8720147030991794
0.9750642605751362 0.9002570423005422
0.9738010996282414 0.8952043985129646
0.9693405273506949 0.8773621094027787
0.9744438202248034 0.8977752808992143
0.9751584490992415 0.9006337963969664
0.9691403290867242 0.8765613163468962
0.9671165217647328 0.8684660870589315
0.9627873220898074 0.851149288359229
0.976214244627507 0.9048569785100272
0.9807481753830364 0.9229927015321464
0.9802549410765531 0.9210197643062127
0.9821100527154659 0.9284402108618651
0.9795880819369236 0.9183523277476964
0.975015287418137 0.900061149672547
0.9728931093121415 0.8915724372485664
0.9672425222453219 0.8689700889812884
0.9757427877879147 0.9029711511516588
0.9761730951323392 0.9046923805293556
0.9793248480613107 0.9172993922452412
0.98120697863982 0.9248279145592814
0.9747384708864311 0.8989538835457246
0.9713647304971864 0.8854589219887462
0.9786288674850411 0.9145154699401649
0.9759238913085676 0.9036955652342686
0.9690473515390075 0.8761894061560288
0.9664731807523058 0.8658927230092229
0.9620303231988744 0.848121292795498
0.9726610178849474 0.8906440715397876
0.9662776442700864 0.865110577080345
0.9637313657470602 0.8549254629882418
0.975177191634846 0.9007087665393846
0.969563931631529 0.8782557265261155
0.9631170619690755 0.852468247876302
0.9691909878990047 0.8767639515960189
0.973160550095693 0.8926422003827698
0.9709167240221315 0.8836668960885256
0.9765395124330997 0.906158049732398
0.9706908447228902 0.8827633788915616
0.9721744948979111 0.888697979591645
0.9758784528378038 0.9035138113512127
0.9691203787301652 0.8764815149206601
0.9722833906822559 0.8891335627290254
0.9756718071011795 0.9026872284047179
0.97871299668126 0.9148519867250385
0.9794789297637593 0.9179157190550354
0.9736787740770022 0.8947150963080094
0.9816782095265043 0.926712838106019
0.9767029427802727 0.9068117711210898
0.9745285751034686 0.8981143004138754
0.9678709383928428 0.8714837535713724
0.9761413366896879 0.9045653467587522
0.9752902122221139 0.9011608488884565
0.9792710660649881 0.9170842642599517
0.977670693354743 0.910682773418974
0.9727646382044035 0.8910585528176139
0.9670230175995944 0.868092070398378
0.9755476431869308 0.9021905727477226
0.9730967882918102 0.8923871531672407
0.9787114597314153 0.9148458389256602
0.9738839617202345 0.8955358468809377
0.9719020486980532 0.8876081947922116
0.9754279499041314 0.9017117996165269
0.9718017300683295 0.8872069202733202
0.9714472614133092 0.8857890456532357
0.9753592176911581 0.9014368707646324
0.9747302015072059 0.8989208060288219
0.9676704517396609 0.8706818069586455
0.9660179418851296 0.8640717675405176
0.9736846587681928 0.8947386350727722
0.9705981527474583 0.8823926109898325
0.9785497360598859 0.9141989442395448
0.9765688775658843 0.9062755102635371
0.9718188089316655 0.8872752357266603
0.9765570084582703 0.9062280338330807
0.9760783847218947 0.9043135388875786
0.9710659728095766 0.8842638912383063
0.9678262602963221 0.8713050411852883
0.9750644123541657 0.9002576494166624
0.972127859229699 0.8885114369187973
0.9690455990091212 0.8761823960364841
0.9793806534061986 0.9175226136247953
0.9769781098298658 0.9079124393194625
0.9713511503183863 0.8854046012735434
0.9782304057598907 0.9129216230395611
0.972029923196058 0.8881196927842339
0.9727618682839402 0.8910474731357613
0.9761843155747691 0.9047372622990744
0.9730461026379144 0.8921844105516561
0.9765746561950097 0.9062986247800399
0.9733133191681732 0.8932532766726944
0.9720851473634149 0.8883405894536571
0.9678531252559709 0.871412501023886
0.9622783984752908 0.8491135939011643
0.9732259979360454 0.8929039917441811
0.9673835170165185 0.8695340680660751
0.9654969257226906 0.861987702890762
0.9742912424227351 0.8971649696909424
0.9766390841716079 0.9065563366864322
0.9784881521910609 0.9139526087642416
0.9747187992703116 0.8988751970812464
0.9810264484198433 0.9241057936793724
0.980395372150272 0.9215814886010879
0.9800722993600165 0.9202891974400681
0.9733290146686252 0.8933160586745009
0.9700750331580551 0.8803001326322197
0.9776675643437265 0.9106702573749068
0.9775478842709675 0.9101915370838711
0.9797884304232357 0.9191537216929433
0.9728838316060134 0.8915353264240538
0.972752077565721 0.8910083102628833
0.9804390292128607 0.9217561168514444
0.9791123192042407 0.916449276816961
0.974728099069082 0.8989123962763261
0.9680312200244181 0.8721248800976725
0.9764448421700151 0.9057793686800595
0.9749800943794766 0.8999203775179068
0.9794947582507507 0.9179790330030037
0.9794911488282623 0.9179645953130509
0.9724942425065133 0.889976970026053
0.976898357365862 0.907593429463449
0.9749756761842722 0.8999027047370888
0.9787268194618136 0.9149072778472559
0.9776356014368194 0.9105424057472777
0.9737246792023226 0.8948987168092912
0.9801340813766306 0.9205363255065212
0.9784192309022731 0.9136769236090942
0.9825581865653699 0.9302327462614806
0.9781933656104752 0.9127734624419008
0.9711693484501022 0.8846773938004071
0.9808046031639696 0.9232184126558769
0.9743631090398779 0.897452436159512
0.9662922893716912 0.8651691574867655
0.9646400078305065 0.8585600313220251
0.9598195433449724 0.8392781733798885
0.968149857184288 0.8725994287371519
0.9622300343420014 0.848920137368006
0.9655144604867658 0.8620578419470636
0.9691687098036621 0.8766748392146471
0.9768982299573963 0.9075929198295859
0.9711389943439644 0.8845559773758569
0.9812718304517257 0.9250873218069029
0.9759083900591606 0.9036335602366435
0.9745951475579538 0.8983805902318148
0.9680970614870544 0.8723882459482176
0.9725779971840418 0.8903119887361666
0.9676960349052895 0.8707841396211583
0.9716142097819973 0.8864568391279903
0.9765115233655934 0.9060460934623742
0.975882184539119 0.9035287381564779
0.9792477057330461 0.9169908229321847
0.9785713959050385 0.9142855836201538
0.973417271743726 0.8936690869749048
0.9779166123390237 0.9116664493560971
0.9773084644813457 0.909233857925383
0.9742610641922187 0.8970442567688753
0.9682693580723223 0.8730774322892912
0.9770802361426276 0.9083209445705106
0.9721967831396099 0.8887871325584392
0.9722524366830892 0.8890097467323587
0.9761763317188185 0.9047053268752765
0.9760221072178702 0.9040884288714817
0.9696164716685324 0.8784658866741311
0.9668613016885514 0.8674452067542078
0.9770234250164239 0.9080937000656949
0.9734400754666538 0.8937603018666165
0.9785187950291191 0.9140751801164768
0.9739463185744189 0.8957852742976763
0.9691909531788166 0.8767638127152679
0.9687167642366356 0.8748670569465427
0.9755857451693885 0.9023429806775535
0.9773268779665696 0.9093075118662797
0.9797220416490217 0.9188881665960866
0.9798872775082862 0.9195491100331432
0.9768307120354416 0.9073228481417668
0.9809676178130796 0.9238704712523212
0.9804970126483358 0.9219880505933421
0.9754400514559343 0.901760205823737
0.9819849930520878 0.9279399722083533
0.9776020141881286 0.9104080567525145
0.9719906457162192 0.8879625828648776
0.9788587028802951 0.9154348115211797
0.9800278985266588 0.9201115941066379
0.9791880692659114 0.9167522770636463
0.9727725684231764 0.8910902736927073
0.9765900670400604 0.9063602681602386
0.9760974790092916 0.9043899160371661
0.9717621333950237 0.887048533580095
0.9646922193719318 0.8587688774877281
0.9736221602001106 0.8944886408004433
0.9731415447198194 0.8925661788792771
0.9773989247040911 0.9095956988163647
0.9784133647237752 0.9136534588951004
0.971050801089502 0.8842032043580086
0.9672556202396371 0.8690224809585474
0.9767276921958978 0.9069107687835922
0.9724586116503147 0.8898344466012582
0.9701094034609138 0.8804376138436544
0.9761605804844383 0.9046423219377546
0.9705421251362817 0.8821685005451267
0.972108709006574 0.8884348360262969
0.9776188402870183 0.9104753611480731
0.9771753119517854 0.9087012478071423
0.97353393790269 0.8941357516107591
0.9674855246709242 0.8699420986836987
0.9747154175909846 0.898861670363938
0.9687353061267587 0.8749412245070354
0.9628615207121871 0.8514460828487495
0.9723517530735285 0.8894070122941145
0.9661632221161005 0.8646528884644031
0.9686515294476513 0.8746061177906046
0.976720043814945 0.9068801752597807
0.9729940869588315 0.8919763478353258
0.9768273915253323 0.9073095661013302
0.9782013422706736 0.9128053690826934
0.9751127159636603 0.9004508638546409
0.9806929915114219 0.9227719660456901
0.9763909638198889 0.9055638552795564
0.9803635164867436 0.9214540659469737
0.9789365320003257 0.915746128001302
0.9728941339695383 0.8915765358781529
0.9806535413423135 0.9226141653692542
0.9757568615637566 0.9030274462550273
0.9782370399770386 0.9129481599081555
0.979309414972292 0.917237659889167
0.9769627900342673 0.9078511601370703
0.9818446474065158 0.9273785896260637
0.9749535419821889 0.8998141679287567
0.9666321058122618 0.8665284232490471
0.970814056198726 0.8832562247949036
0.9741011708464575 0.8964046833858329
0.9676455264306303 0.8705821057225239
0.9679545444274456 0.8718181777097843
0.9630063954649722 0.8520255818598897
0.9583191131415845 0.8332764525663379
0.9721373967673245 0.8885495870692993
0.9790597425972613 0.9162389703890459
0.9741687382511869 0.8966749530047451
0.9680889222765326 0.8723556891061308
0.9697794698931862 0.8791178795727439
0.9722304948589762 0.8889219794359066
0.9659221899348472 0.8636887597393875
0.966258178958755 0.8650327158350195
0.9763259017533906 0.9053036070135636
0.9746953993026524 0.8987815972106112
0.9810187138411329 0.9240748553645309
0.9743389130787932 0.8973556523151729
0.9775995276511202 0.9103981106044808
0.9792234914225721 0.9168939656902887
0.9765807759284709 0.906323103713886
0.982323595062139 0.9292943802485567
0.9758992172532092 0.9035968690128364
0.9817387744266135 0.9269550977064543
0.9814146287166556 0.9256585148666219
0.9750801324149023 0.90032052965961
0.9782224822397092 0.9128899289588392
0.9721197947777909 0.8884791791111647
0.9802146357970294 0.9208585431881164
0.9794521285955448 0.9178085143821778
0.9741000322049754 0.8964001288199023
0.9708284139611539 0.883313655844616
0.9635147701203833 0.8540590804815329
0.9747581183467218 0.8990324733868872
0.9667471465572883 0.866988586229153
0.9792476915193393 0.9169907660773583
0.9716195419305623 0.8864781677222494
0.976847722949463 0.9073908917978535
0.9702889076403955 0.881155630561585
0.9718043048907209 0.8872172195628818
0.9796525316593151 0.9186101266372617
0.9779629856295944 0.9118519425183793
0.9821370841624681 0.9285483366498724
0.9787483278342396 0.9149933113369572
0.9723702929043823 0.88948117161753
0.9667387965095484 0.8669551860381959
0.97314098318036 0.8925639327214401
0.973125241034841 0.8925009641393641
0.9660248872388412 0.8640995489553641
0.9650336350139541 0.8601345400558155
0.9604928273114719 0.8419713092458855
0.9733362585541028 0.893345034216412
0.9677586553259124 0.8710346213036501
0.9758766985856318 0.9035067943425265
0.9792702625123395 0.9170810500493581
0.9805495342024483 0.9221981368097936
0.9741163475869088 0.896465390347637
0.9728926117127327 0.8915704468509331
0.9674810438687175 0.8699241754748702
0.9770775727969417 0.9083102911877675
0.9801410441107238 0.9205641764428948
0.974014339433294 0.8960573577331773
0.9801724650762176 0.92068986030487
0.9786910927219412 0.9147643708877667
0.9723170956091193 0.8892683824364775
0.9694599401313948 0.8778397605255794
0.978001338732132 0.9120053549285274
0.977015205975001 0.9080608239000041
0.9704914202729144 0.8819656810916602
0.9658357049601062 0.8633428198404228
0.9599405805902654 0.8397623223610641
0.9723092440447095 0.8892369761788365
0.970418329624322 0.8816733184972881
0.9767056848741733 0.9068227394966942
0.9730090771935693 0.8920363087742774
0.9786097585795451 0.9144390343181839
0.9764682483561842 0.9058729934247366
0.9729115584587088 0.891646233834835