0.9814116856825494 0.9256467427301993
0.978927156883773 0.9157086275351055
0.9824221758765377 0.9296887035061512
0.9807822653552997 0.9231290614211943
0.9814579155989336 0.9258316623957359
0.9776002497217714 0.9104009988870829
0.9790133047068496 0.9160532188273982
0.9747814419856389 0.8991257679425538
0.9785566188930113 0.9142264755720454
0.9798664706507627 0.9194658826030487
0.9823620880961016 0.9294483523844055
0.9830699488981318 0.9322797955925259
0.9807636937030536 0.923054774812215
0.97842981377989 0.9137192551195582
0.984323412423323 0.9372936496932902
0.9850563335884304 0.9402253343537231
0.9870850690703397 0.9483402762813578
0.9833772325202588 0.9335089300810355
0.9817874898978868 0.9271499595915477
0.9856628890986083 0.9426515563944349
0.9835907593313522 0.9343630373254114
0.9868216644077357 0.9472866576309427
0.9867838199991843 0.9471352799967376
0.9884906182711889 0.9539624730847573
0.9858107538877304 0.9432430155509186
0.9856708288967799 0.9426833155871199
0.9890554968039049 0.9562219872156216
0.9888127270863071 0.9552509083452254
0.9858316551675683 0.9433266206702734
0.9896208750318529 0.9584835001274127
0.9867680714336743 0.9470722857346955
0.9851034344777237 0.9404137379108939
0.9815564550430532 0.9262258201722097
0.986686864485365 0.9467474579414595
0.9863774421190439 0.9455097684761765
0.9889937679245562 0.9559750716982262
0.9885983565250943 0.9543934261003773
0.9892209171326879 0.9568836685307506
0.9897726831919104 0.959090732767644
0.9901067784432859 0.9604271137731437
0.9908641606631637 0.963456642652657
0.9876113743458663 0.9504454973834633
0.988259409763276 0.9530376390531009
0.9881154696440416 0.9524618785761667
0.9860704673492512 0.9442818693970066
0.9902673295015043 0.9610693180060196
0.9875382044200834 0.9501528176803354
0.9843085941607523 0.9372343766430046
0.9841395355505587 0.9365581422022328
0.9807189119205441 0.9228756476821747
0.9790334636037248 0.9161338544148989
0.986854200979191 0.947416803916763
0.9881854742229446 0.9527418968917787
0.9889710790729138 0.9558843162916538
0.9868127040241629 0.947250816096652
0.9829314995816479 0.9317259983265906
0.9817591039243844 0.9270364156975376
0.9888116887673223 0.9552467550692874
0.9870722680758324 0.9482890723033287
0.990085207811634 0.9603408312465374
0.9900034589710497 0.9600138358841988
0.9903380708574161 0.9613522834296652
0.9877826072429424 0.9511304289717687
0.9843724190145887 0.937489676058356
0.987356212062741 0.949424848250964
0.9894353044667487 0.9577412178669974
0.9875961623625003 0.9503846494500034
0.9845607262922755 0.9382429051691011
0.9812689886405895 0.9250759545623586
0.9834806356973783 0.9339225427895107
0.9824188002095566 0.9296752008382256
0.980402754366574 0.9216110174662957
0.9865019936918483 0.9460079747673916
0.9859660071331666 0.9438640285326634
0.9839020418534511 0.9356081674138058
0.9879570731083035 0.9518282924332107
0.9855970644739436 0.9423882578957741
0.9847660125033697 0.9390640500134769
0.9869809752828352 0.9479239011313387
0.9842211443747324 0.9368845774989326
0.9837674153612447 0.9350696614449815
0.9879883603127055 0.9519534412508233
0.9879591999519364 0.9518367998077444
0.9849877248985908 0.9399508995943648
0.9827636458941014 0.9310545835764081
0.9858717879796383 0.9434871519185526
0.9867435774666281 0.946974309866512
0.9845452895925463 0.9381811583701851
0.9838197881922451 0.9352791527689795
0.9879728047757084 0.951891219102833
0.9854537045893248 0.9418148183572981
0.9851528842809304 0.940611537123723
0.9881769632430694 0.952707852972275
0.987825474008085 0.9513018960323423
0.9851057893215673 0.940423157286265
0.9896041667150118 0.9584166668600469
0.9883834334968659 0.9535337339874633
0.9908173209726507 0.9632692838906017
0.9896840006603987 0.9587360026415959
0.9913220844097067 0.9652883376388273
0.9908131414314341 0.963252565725739
0.9892520963760117 0.9570083855040498
0.9918288933348549 0.9673155733394206
0.9908192265425171 0.9632769061700678
0.9873859277813588 0.9495437111254381
0.9836379068625137 0.9345516274500537
0.9874754435291312 0.9499017741165239
0.9871919470366483 0.948767788146592
0.9887975127583856 0.9551900510335395
0.9889815531166534 0.9559262124666129
0.9860408797418714 0.9441635189674845
0.9848439641172309 0.9393758564689236
0.9895780684911399 0.9583122739645585
0.9888021857198767 0.9552087428795079
0.9854453917938598 0.9417815671754386
0.9883282862283974 0.9533131449135885
0.9877224918554401 0.9508899674217584
0.9895305300084651 0.958122120033861
0.9884517735900493 0.9538070943601962
0.9906801996394269 0.962720798557706
0.9879137242496041 0.9516548969984191
0.9871137588698765 0.9484550354795056
0.989002875025614 0.9560115001024542
0.9896036981584474 0.9584147926337893
0.985982179955031 0.9439287198201238
0.9830588693132094 0.9322354772528376
0.986887741390149 0.9475509655605954
0.9842095955725906 0.9368383822903642
0.9809631868633817 0.9238527474535266
0.9837517119790026 0.9350068479160102
0.9855483081031352 0.9421932324125418
0.9821695488431679 0.9286781953726715
0.9829134113720474 0.9316536454881887
0.9797879571335193 0.9191518285340784
0.9848607593378165 0.9394430373512656
0.9817094760421615 0.9268379041686462
0.9824263102460198 0.9297052409840799
0.9861576161325832 0.944630464530333
0.9857066544924246 0.9428266179696958
0.9832551354429667 0.9330205417718643
0.9805146082094549 0.9220584328378213
0.9806032678238629 0.9224130712954497
0.9856203681808067 0.9424814727232281
0.9842421680361653 0.9369686721446604
0.9843575474136586 0.9374301896546351
0.987797448481929 0.9511897939277145
0.9868802145177953 0.9475208580711819
0.9889252225462194 0.9557008901848821
0.9873318071231083 0.9493272284924318
0.9896517926649221 0.9586071706596904
0.9871357166433288 0.9485428665733144
0.9866989216355375 0.9467956865421514
0.9881486978203017 0.952594791281206
0.9880529969846432 0.9522119879385709
0.9895341908691795 0.9581367634767197
0.9898076870444449 0.959230748177779
0.9856698665910727 0.9426794663642947
0.9846616570044554 0.9386466280178213
0.9899710816597955 0.9598843266391803
0.9880792736817692 0.9523170947270739
0.9892211794553311 0.9568847178213198
0.9893540729435634 0.9574162917742548
0.9874271534589915 0.9497086138359652
0.9854256806147217 0.9417027224588849
0.9830977551710625 0.9323910206842508
0.9891402458263739 0.9565609833054965
0.9876804965977076 0.9507219863908278
0.9881228448645207 0.9524913794580803
0.9880924938830521 0.9523699755322101
0.9875364883353746 0.9501459533414977
0.9907656252793311 0.9630625011173234
0.9901901697573874 0.9607606790295514
0.986880113004234 0.9475204520169388
0.984679975943064 0.9387199037722573
0.9894639629503077 0.9578558518012299
0.9911636785640466 0.9646547142561865
0.9884100091521827 0.9536400366087314
0.9874302333619225 0.9497209334476893
0.9841384276338303 0.9365537105353181
0.98334492891886 0.9333797156754392
0.9884481690150632 0.9537926760602516
0.9903591612480226 0.9614366449920879
0.9897083992490958 0.9588335969963832
0.9871383578252362 0.9485534313009454
0.9835885049431728 0.9343540197726893
0.9825407320673771 0.9301629282695092
0.9869624185400165 0.9478496741600624
0.9893606771671608 0.957442708668644
0.9900989431148476 0.96039577245939
0.9914052536345949 0.965621014538381
0.9897947265055729 0.9591789060222891
0.9876458457205515 0.9505833828822042
0.9861180716057784 0.9444722864231143
0.989280092703267 0.9571203708130663
0.986811402246175 0.9472456089846986
0.9857659027306673 0.9430636109226701
0.9834428301420399 0.9337713205681578
0.9899162981512734 0.9596651926050906
0.9908853646852898 0.9635414587411603
0.9896891447062156 0.9587565788248618
0.9883985314923602 0.9535941259694408
0.9907855483769756 0.9631421935079026
0.9880655575506607 0.9522622302026409
0.987037800632747 0.9481512025309895
0.9903279258266352 0.9613117033065376
0.9886235279664816 0.9544941118659312
0.9847133659729188 0.9388534638916773
0.9886364994415077 0.9545459977660273
0.9877650174405942 0.9510600697623762
0.9841272680668895 0.9365090722675579
0.9877318954225188 0.950927581690075
0.987624786413614 0.9504991456544567
0.9846514112302215 0.9386056449208856
0.9878274633653537 0.9513098534614158
0.9873381154035925 0.9493524616143718
0.9844801068508054 0.9379204274032199
0.9877506951643943 0.9510027806575753
0.9846503600021133 0.9386014400084529
0.9849844712656496 0.9399378850625996
0.9829609233082881 0.9318436932331515
0.9888273581014334 0.9553094324057334
0.9860143874843902 0.9440575499375596
0.9833317131066992 0.9333268524267961
0.9880532936271621 0.9522131745086481
0.9875839911906041 0.950335964762416
0.9897997788873102 0.95919911554924
0.989021571860548 0.9560862874421937
0.9904446241609496 0.9617784966437983
0.9889148182624018 0.9556592730496046
0.9906724731828764 0.962689892731503
0.9875823715777844 0.950329486311136
0.9872036903385757 0.9488147613543002
0.989105553669079 0.9564222146763166
0.986820979769314 0.9472839190772556
0.9864579995683375 0.9458319982733495
0.9831210814992088 0.932484325996834
0.9863129978888459 0.9452519915553849
0.98638811042078 0.9455524416831201
0.9836539622548353 0.9346158490193385
0.9805896580974489 0.9223586323897958
0.9801655423944924 0.9206621695779711
0.9855869688120664 0.9423478752482659
0.9863354578074052 0.9453418312296178
0.9882463305414761 0.952985322165905
0.9908245408896788 0.963298163558715
0.9901701380600297 0.9606805522401214
0.9913762832958952 0.9655051331835817
0.9886002944842454 0.9544011779369828
0.9888765200246642 0.9555060800986555
0.9862560730501522 0.9450242922006094
0.9889439562433145 0.9557758249732576
0.9894083120605758 0.9576332482423048
0.9866482600421979 0.9465930401687908
0.9833695631538366 0.9334782526153472
0.9884824845661409 0.9539299382645648
0.9880465498006862 0.9521861992027446
0.9901770008384548 0.9607080033538186
0.9900732301422415 0.9602929205689676
0.9915909961357702 0.9663639845430799
0.9873851332689327 0.9495405330757297
0.9862681331267303 0.9450725325069194
0.9829192122851133 0.9316768491404537
0.9876662966504761 0.9506651866019042
0.9868877685409171 0.9475510741636681
0.9878783445661392 0.9515133782645563
0.9864706800114824 0.9458827200459319
0.9855951964274443 0.942380785709779
0.9832441692044276 0.9329766768177095
0.9890793825684664 0.9563175302738649
0.9857740443826165 0.9430961775304688
0.988569568613284 0.954278274453135
0.9889480035600863 0.9557920142403472
0.9853208192407109 0.9412832769628424
0.9826213187276143 0.9304852749104559
0.9819461158052755 0.9277844632211031
0.9865128946231401 0.9460515784925567
0.9864766127538793 0.9459064510155178
0.9880743113970893 0.9522972455883588
0.9854062242763167 0.9416248971052665
0.9849135621705044 0.9396542486820186
0.988484262774547 0.9539370510981868
0.9847742127795894 0.9390968511183605
0.9846218680404556 0.938487472161823
0.9889894038808643 0.9559576155234563
0.9884486201276625 0.9537944805106484
0.989601031333356 0.9584041253334256
0.988830125214371 0.955320500857484
0.9911240655079431 0.9644962620317711
0.9903241043501803 0.961296417400723
0.990904477988584 0.9636179119543368
0.9882361666105502 0.9529446664422033
0.9841179809117512 0.9364719236470026
0.9851059223134324 0.9404236892537292
0.9892050634949712 0.956820253979885
0.9875096740633867 0.9500386962535462
0.9844253990439451 0.9377015961757812
0.9879179475196658 0.9516717900786621
0.9860517300928529 0.9442069203714076
0.9850983008304843 0.9403932033219362
0.9877701948948127 0.9510807795792495
0.9881941456685541 0.9527765826742186
0.987062993582944 0.9482519743317758
0.9908040430318458 0.9632161721273819
0.9879470317419041 0.9517881269676196
0.9913782921336637 0.9655131685346512
0.9912139360380894 0.9648557441523561
0.9886042904185618 0.9544171616742463
0.9906466852139825 0.9625867408559284
0.9903537210703189 0.9614148842812734
0.986241612480978 0.944966449923909
0.9849851531082353 0.9399406124329412
0.9892355603724625 0.9569422414898505
0.986710722690552 0.946842890762207
0.9905839415885233 0.9623357663540919
0.9866023294352633 0.9464093177410535
0.9831193475530313 0.9324773902121222
0.9821686709078311 0.9286746836313227
0.9872733267137609 0.9490933068550431
0.9872246477776175 0.9488985911104689
0.984726104206043 0.9389044168241708
0.9874580257418607 0.9498321029674416
0.987382560145793 0.9495302405831719
0.9897683319779377 0.959073327911751
0.9871347429778146 0.9485389719112607
0.9864938189907757 0.9459752759630988
0.9834036881395014 0.9336147525580035
0.9871166660671906 0.9484666642687639
0.9868890766585798 0.9475563066343213
0.9885997643175218 0.9543990572700861
0.9855136727472604 0.9420546909890412
0.9860540582589694 0.9442162330358792
0.9834234785914276 0.9336939143657105
0.9886846525447371 0.9547386101789478
0.9864231987932446 0.9456927951729794
0.9879308567770592 0.9517234271082354
0.9884701292551936 0.9538805170207771
0.9872960656253571 0.9491842625014267
0.9897366080416687 0.9589464321666741
0.9884277497916113 0.9537109991664443
0.9909341328236188 0.9637365312944769
0.9901916907760843 0.9607667631043416
0.9872436131535548 0.9489744526142202
0.9894737985301569 0.9578951941206283
0.9891606839239219 0.9566427356956886
0.9856923371428323 0.94276934857133
0.9842732595263481 0.9370930381053902
0.988240308382472 0.9529612335298862
0.9839646550069433 0.9358586200277736
0.9836731509318656 0.9346926037274619
0.9886972885127037 0.9547891540508162
0.9882382642071887 0.9529530568287554
0.9906666809671677 0.9626667238686691
0.9900390068043049 0.960156027217223
0.9884566408402266 0.9538265633609073
0.9856353019564276 0.9425412078257098
0.989141201846744 0.9565648073869734
0.9880794118425388 0.9523176473701516
0.9900632925856268 0.9602531703425065
0.9906612189077039 0.962644875630816
0.9871179271090508 0.9484717084362058
0.9906920324484065 0.9627681297936261
0.987809590613674 0.9512383624546953
0.9837696529616334 0.9350786118465356
0.9837308805272521 0.9349235221090079
0.9865681414403106 0.9462725657612439
0.9870909357530533 0.9483637430122144
0.9895818826454331 0.9583275305817338
0.9887069575141824 0.9548278300567297
0.9854980099456004 0.9419920397824006
0.9816618772843771 0.9266475091375077
0.9870445133159785 0.9481780532639119
0.987505421055607 0.9500216842224255
0.9843648543163092 0.9374594172652371
0.9837070342569373 0.93482813702775
0.987694572633173 0.9507782905326916
0.9867777067202027 0.9471108268808112
0.9897261894103755 0.9589047576415024
0.9881809413814954 0.9527237655259809
0.9845476294805877 0.938190517922353
0.9812136427192493 0.924854570876995
0.9824529985179354 0.9298119940717414
0.9854010866947576 0.9416043467790328
0.9833073849868658 0.9332295399474592
0.9823491732882452 0.9293966931529789
0.9873427739100558 0.949371095640222
0.9890538934623592 0.9562155738494347
0.9869288535126115 0.9477154140504475
0.9841889960494227 0.9367559841976911
0.9848429546173684 0.9393718184694732
0.9820003319800041 0.9280013279200182
0.9869701747085173 0.9478806988340714
0.9858239227646919 0.943295691058769
0.9892463026575585 0.9569852106302323
0.9866036575293776 0.9464146301175117
0.9907757898032216 0.963103159212887
0.9884003319565893 0.9536013278263584
0.9884568211062333 0.9538272844249346
0.9849482418228526 0.9397929672914109
0.9876144713236639 0.9504578852946566
0.9873483630860033 0.9493934523440117
0.9835128003253029 0.9340512013012124
0.9890921635246458 0.9563686540985836
0.9894874706971584 0.9579498827886326
0.9904920986640355 0.9619683946561421
0.9874137335615232 0.9496549342460918
0.9904390618275265 0.9617562473101061
0.9896792173059561 0.9587168692238238
0.9876767553024323 0.9507070212097258
0.9846914559166957 0.9387658236667825
0.9881771052759443 0.952708421103778
0.9856596979390234 0.9426387917560953
0.982336870358605 0.9293474814344177
0.9874539967036285 0.9498159868145154
0.9874317774559522 0.9497271098238084
0.983881017859255 0.9355240714370195
0.9833306196085954 0.93332247843438
0.9882834409371923 0.9531337637487711
0.988970358018124 0.9558814320724945
0.9860485433900351 0.9441941735601427
0.9860687177687549 0.9442748710750197
0.9847980275429998 0.9391921101720001
0.988622190189991 0.9544887607599623
0.9884785061266546 0.9539140245066196
0.9857848007740647 0.9431392030962594
0.9895163979419843 0.9580655917679372
0.9889047219614292 0.9556188878457169
0.9869556254041473 0.9478225016165901
0.9900153808619869 0.9600615234479472
0.9872921355347312 0.9491685421389227
0.9883770145101424 0.9535080580405695
0.9892822383430065 0.957128953372027
0.9890195526550758 0.9560782106203035
0.9864088265974813 0.9456353063899221
0.9827250234101017 0.9309000936404074
0.9824802405764855 0.9299209623059403
0.9885338285210288 0.9541353140841166
0.9855765039133345 0.9423060156533396
0.9846107489391202 0.9384429957564823
0.9889784385964684 0.9559137543858721
0.9860318840461931 0.9441275361847711
0.9861128655237309 0.9444514620949223
0.983516242152507 0.934064968610025
0.9871299687652321 0.9485198750609297
0.9874996991877414 0.9499987967509673
0.9848448531086382 0.9393794124345552
0.9844821340705532 0.9379285362822113
0.9875957932159253 0.9503831728637016
0.9857273215228064 0.9429092860912237
0.9886532770199196 0.954613108079678
0.9857504724278263 0.9430018897113044
0.9869316017083267 0.9477264068333056
0.983900332791476 0.9356013311659054
0.9890113478962432 0.9560453915849739
0.9879561886495497 0.9518247545981992
0.9900963911689495 0.9603855646757986
0.9892378044585085 0.9569512178340354
0.9875757071916965 0.9503028287667868
0.9900827533795699 0.9603310135182801
0.9903051641341071 0.9612206565364287
0.9899619250254564 0.9598477001018257
0.9872789194108966 0.9491156776435855
0.983500196841128 0.934000787364512
0.9860210680527799 0.9440842722111178
0.9868257797573814 0.9473031190295237
0.9830006330231369 0.9320025320925487
0.9822158017866586 0.9288632071466355
0.9862096462840344 0.9448385851361368
0.9874633733587511 0.9498534934350037
0.9886559545799922 0.9546238183199668
0.9848425440864154 0.939370176345662
0.9846233096020547 0.9384932384082159
0.9831880298007569 0.9327521192030284
0.9886256236380464 0.9545024945521844
0.9862660570961039 0.9450642283844175
0.984605766245507 0.938423064982026
0.9878862357312783 0.9515449429251125
0.9853997177173628 0.9415988708694492
0.9892166240423825 0.9568664961695285
0.9868988030035264 0.9475952120141062
0.985058967045325 0.9402358681813
0.9886664550381629 0.9546658201526524
0.9871168019938475 0.9484672079753885
0.990181667934606 0.9607266717384243
0.988706015801027 0.9548240632041051
0.9917113114275921 0.9668452457103701
0.9889017509194764 0.9556070036779087
0.9873270094539295 0.9493080378157163
0.9838863969050244 0.9355455876200988
0.9871439508655595 0.9485758034622411
0.9851321809144068 0.9405287236576265
0.9860325618482402 0.94413024739296
0.9844736463598883 0.9378945854395551
0.9891456623585281 0.9565826494341125
0.9874883560042761 0.949953424017103
0.9903665779456565 0.9614663117826244
0.988960186075013 0.9558407443000532
0.9856692839531432 0.942677135812572
0.9835743839602218 0.9342975358408855
0.9890000098190252 0.9560000392760999
0.9918050553430245 0.9672202213721018
0.9923024819893698 0.9692099279574795
0.9920147480264088 0.9680589921056345
0.9885202622219309 0.9540810488877224
0.9891983099594813 0.9567932398379252
0.9898310139062039 0.9593240556248145
0.9868653438058046 0.9474613752232185
0.986533255997043 0.9461330239881706
0.9823256691511567 0.9293026766046282
0.9849448381277552 0.9397793525110224
0.9865656910624747 0.9462627642498981
0.9846360375104142 0.9385441500416569
0.9873536896540557 0.9494147586162217
0.9868167969902548 0.9472671879610189
0.9844385262119915 0.9377541048479663
0.9859846309746417 0.9439385238985668
0.9861440387211382 0.944576154884552
0.9852731200593445 0.9410924802373788
0.9824952473949026 0.9299809895796094
0.9809529776729167 0.9238119106916645
0.9862827795542707 0.9451311182170832
0.9887132970285896 0.9548531881143557
0.9869699049194383 0.9478796196777525
0.9839170645806687 0.9356682583226739
0.9837864266614069 0.9351457066456261
0.9874265918201897 0.9497063672807571
0.9871939440040118 0.9487757760160476
0.9899842910128527 0.9599371640514113
0.9898622256675387 0.9594489026701545
0.9883738401345529 0.9534953605382128
0.9916969840966334 0.9667879363865346
0.9882163194775728 0.9528652779102903
0.989645029161097 0.958580116644387
0.9898492705304437 0.9593970821217758
0.9868917824394993 0.9475671297579958
0.9850881504516549 0.9403526018066211
0.988232024676771 0.9529280987070815
0.990537522074025 0.9621500882961007
0.9903858503129547 0.9615434012518175
0.9874205293176928 0.949682117270775
0.9890799520548178 0.956319808219269
0.9853035350861521 0.9412141403446092
0.9858268809240761 0.9433075236963058
0.9893368083906933 0.9573472335627733
0.9899301446674673 0.9597205786698673
0.9865806700202788 0.9463226800811151
0.9895327600301688 0.9581310401206747
0.9864043420147395 0.9456173680589549
0.9829100655855924 0.931640262342367
0.9856148557824068 0.9424594231296254
0.9874996011329281 0.9499984045317115
0.9857663878996098 0.9430655515984379
0.9888049353359935 0.9552197413439746
0.9879372577873484 0.951749031149394
0.9843938468025272 0.9375753872101069
0.9820413949657407 0.9281655798629656
0.9858220905953888 0.9432883623815528
0.9830159312264878 0.9320637249059505
0.9843554067491767 0.9374216269967042
0.9869239295636928 0.9476957182547707
0.9865897262743047 0.946358905097221
0.9849370353511081 0.9397481414044293
0.9885932004334924 0.9543728017339689
0.9853272037794676 0.9413088151178697
0.9895183732769857 0.9580734931079441
0.9899921335163684 0.9599685340654766
0.9866254044770938 0.9465016179083727
0.9890218702114564 0.9560874808458247
0.9888611759884826 0.9554447039539287
0.9875718620724893 0.9502874482899532
0.9909668793322443 0.9638675173289797
0.9926301172744536 0.9705204690978166
0.9918892858190987 0.9675571432763952
0.9896200173828414 0.9584800695313647
0.9911208274914002 0.9644833099656033
0.9898107786774217 0.9592431147096866
0.9916878002599901 0.9667512010399579
0.9910175000610996 0.9640700002443969
0.9872806738902337 0.9491226955609362
0.9855197865319856 0.9420791461279451
0.9906101219405786 0.9624404877623134
0.9865759633621485 0.946303853448596
0.9825494616482855 0.9301978465931426
0.9887237430226149 0.9548949720904619
0.9872070965410751 0.9488283861642998
0.984884255378818 0.9395370215152721
0.9867736275318983 0.9470945101275932
0.9840481213692793 0.9361924854771192
0.9842807479797753 0.9371229919191001
0.9829516583716961 0.9318066334867833
0.9879211061876673 0.9516844247506677
0.9890387857374505 0.9561551429498032
0.9889865264823012 0.9559461059292037
0.9892375929118172 0.9569503716472691
0.9893541067932305 0.9574164271729237
0.9861123365804145 0.9444493463216568
0.9845954460685798 0.938381784274319
0.9900334570364275 0.9601338281457105
0.9874624025505362 0.949849610202142
0.9906118643385493 0.9624474573541957
0.9878682332970505 0.9514729331882027
0.9871804841417945 0.9487219365671783
0.9896883842959591 0.9587535371838385
0.9892951575218082 0.9571806300872351
0.9863724213471202 0.945489685388482
0.9909076753763513 0.9636307015054051
0.988224207542451 0.9528968301698032
0.9855684814456405 0.942273925782562
0.9824391114912973 0.929756445965189
0.9804881492695263 0.9219525970781035
0.9774738135729848 0.9098952542919396
0.984370361823632 0.9374814472945284
0.9825176354708663 0.9300705418834647
0.9865522466291751 0.9462089865167003
0.9866854550169906 0.946741820067964
0.9880487927357801 0.9521951709431196
0.9853909784560994 0.941563913824398
0.9889834153120338 0.9559336612481389
0.9866219398495535 0.9464877593982126
0.9855914917000527 0.9423659668002108
0.988873895719379 0.9554955828775153
0.9877686581226567 0.9510746324906256
0.9896501751611823 0.9586007006447272
0.9898456416827881 0.9593825667311539
0.9909157665839445 0.963663066335782
0.9871960199373155 0.9487840797492646
0.9857110810625413 0.9428443242501666
0.9879794023958639 0.9519176095834574
0.9865751016041858 0.946300406416744
0.9831554093320776 0.9326216373283107
0.9802722344702329 0.9210889378809333
0.987010333645625 0.9480413345825011
0.9862502719163956 0.9450010876655816
0.9906192973648538 0.9624771894594147
0.9883223832606912 0.9532895330427645
0.9868167682890197 0.9472670731560804
0.9901442467489816 0.9605769869959296
0.9891728065160259 0.956691226064104
0.9905672036053416 0.9622688144213661
0.9892916995503233 0.9571667982012894
0.9864074719587559 0.9456298878350231
0.98616097257081 0.9446438902832395
0.9894851387221572 0.9579405548886277
0.9896331667377518 0.9585326669510055
0.9878809500482332 0.951523800192933
0.9907152535365641 0.9628610141462556
0.988668908283869 0.9546756331354739
0.9909446255713226 0.9637785022852916
0.9890917725367536 0.9563670901470158
0.9865957267533386 0.9463829070133555
0.9842116897905161 0.9368467591620635
0.9892130129482486 0.9568520517929946
0.9862128860634453 0.9448515442537808
0.9840127406302517 0.9360509625210058
0.988741994846493 0.9549679793859701
0.9858765161336446 0.9435060645345793
0.9845739562691729 0.9382958250766916
0.9879484546935356 0.9517938187741444
0.9863637620654121 0.9454550482616471
0.9849524446253018 0.9398097785012075
0.9898866196986945 0.9595464787947762
0.9869076482663057 0.9476305930652258
0.9866852937122432 0.9467411748489727
0.9887205336600283 0.9548821346401145
0.987099949961729 0.9483997998469131
0.9894870028817512 0.9579480115270061
0.9868205860609593 0.9472823442438344
0.9864432645750553 0.9457730583002211
0.9899252326466567 0.9597009305866253
0.9870551224786659 0.9482204899146628
0.9856301714598982 0.9425206858395941
0.9900552542825427 0.96022101713017
0.9890760153468945 0.9563040613875785
0.9854847893282151 0.9419391573128613
0.9883905089328231 0.9535620357312935
0.9884815947423995 0.9539263789695976
0.9848314586575491 0.9393258346301957
0.981845582599008 0.9273823303960314
0.9857546503981277 0.9430186015925095
0.9867965869053954 0.9471863476215826
0.9910258411959925 0.9641033647839669
0.9899395865639943 0.9597583462559733
0.9871107821053865 0.9484431284215461
0.9891675072299919 0.9566700289199688
0.9864401433079675 0.9457605732318689
0.9866192868444557 0.9464771473778221
0.9827992903549756 0.9311971614199028
0.9883201584796707 0.9532806339186845
0.9897173718924228 0.9588694875696915
0.9904409801873157 0.9617639207492633
0.9892860173556829 0.9571440694227314
0.9912311214878089 0.9649244859512339
0.9905182603150277 0.9620730412601098
0.9867796019877991 0.9471184079511957
0.9855756487996572 0.9423025951986282
0.9824915603379847 0.9299662413519382
0.9869741907309322 0.9478967629237274
0.9869401772369852 0.9477607089479388
0.9891433501287709 0.956573400515082
0.9869857453468667 0.9479429813874676
0.9849432155624673 0.9397728622498667
0.9835066865936719 0.9340267463746872
0.9805974781514444 0.9223899126057781
0.9855546546323304 0.9422186185293207
0.9868323745440486 0.9473294981761958
0.9882061298935042 0.9528245195740164
0.9854948036758079 0.9419792147032325
0.9842853553176739 0.9371414212706938
0.9885009279641247 0.9540037118564966
0.9879178293608869 0.9516713174435516
0.9855648056024526 0.9422592224098102
0.9893238038447302 0.9572952153789213
0.986520793799231 0.9460831751969245
0.9851890306046498 0.9407561224186004
0.9885550030941453 0.9542200123765838
0.9854469512621905 0.9417878050487605
0.9897852230980138 0.9591408923920587
0.9886256599159197 0.9545026396636785
0.9907356876183845 0.9629427504735366
0.9877703810700423 0.9510815242801697
0.9838831304273252 0.9355325217092996
0.9845997841297982 0.9383991365191902
0.9885282399947208 0.9541129599788836
0.9881008745745494 0.9524034982981994
0.9859042190089642 0.943616876035854
0.9894181088121303 0.9576724352485223
0.9879745339367244 0.951898135746898
0.9858742316849619 0.9434969267398453
0.9891051995319754 0.9564207981279007
0.9879773887891541 0.9519095551566175
0.9861240967653884 0.9444963870615536
0.989933591008514 0.9597343640340565
0.9864339748439221 0.9457358993756897
0.9859005036860751 0.9436020147443006
0.9895092943043992 0.9580371772175971
0.9886108220210467 0.9544432880841875
0.9905063384439508 0.9620253537758034
0.9882826334410711 0.9531305337642866
0.9898493948496724 0.959397579398691
0.9896615780844418 0.9586463123377679
0.9877620857467462 0.9510483429869845
0.9848730064823217 0.939492025929284
0.9892219592698391 0.9568878370793592
0.9871229760193971 0.9484919040775894
0.9894492712648851 0.9577970850595418
0.9858758316570977 0.9435033266283948
0.9825796216753305 0.9303184867013221
0.9827518444221803 0.9310073776887188
0.9874567382294491 0.9498269529177993
0.9846162437083831 0.9384649748335352
0.9816914485577704 0.9267657942310832
0.9852365818146183 0.9409463272584725
0.9866930991645017 0.9467723966580044
0.9853924811320174 0.9415699245280692
0.988305255268597 0.9532210210743873
0.9878711990172975 0.9514847960691887
0.9862391609623209 0.9449566438492858
0.9894135207632242 0.9576540830528968
0.9880598899196447 0.9522395596785794
0.9908887246060436 0.9635548984241755
0.9870622918660301 0.9482491674641199
0.9862835719819573 0.9451342879278302
0.9895803232867381 0.9583212931469505
0.9860405410865021 0.9441621643460059
0.9889907483334305 0.9559629933337211
0.9862049429694122 0.9448197718776463
0.9895816626842264 0.9583266507369046
0.9891238036403446 0.9564952145613793
0.988073729418726 0.9522949176749029
0.991334924995904 0.9653396999836167
0.9885013190392474 0.9540052761569914
0.9866136975571524 0.9464547902286096
0.9899954511204244 0.9599818044817012
0.9866157803803506 0.9464631215214026
0.9853893003016277 0.9415572012065105
0.9820472835463582 0.9281891341854329
0.9792881719707018 0.917152687882805
0.9776583715640575 0.9106334862562302
0.9831836332432059 0.932734532972824
0.9819784765459009 0.9279139061836003
0.9858897178089687 0.9435588712358736
0.9851284388557322 0.9405137554229305
0.9849575916562797 0.9398303666251175
0.9878756154607545 0.9515024618430168
0.9880961232125514 0.9523844928502069
0.9903920374680268 0.9615681498721079
0.988731843483746 0.9549273739349852
0.9860032316010936 0.944012926404374
0.9884409785995147 0.9537639143980557
0.9882052287577493 0.9528209150309938
0.984722266287037 0.9388890651481456
0.982869333019213 0.9314773320768527
0.9876607765625662 0.9506431062502634
0.9853698767889679 0.9414795071558737
0.9823622744370932 0.929449097748375
0.9878759903735121 0.9515039614940484
0.9844883888238408 0.9379535552953651
0.98440070956091 0.9376028382436394
0.9880095891248246 0.9520383564992975
0.9854081763789189 0.9416327055156762
0.9889432491004679 0.9557729964018702
0.987297715282675 0.949190861130702
0.9843288714392109 0.9373154857568448
0.9850457581863584 0.9401830327454342
0.9868361265349016 0.9473445061396042
0.98405151203983 0.9362060481593231
0.9860356413568522 0.9441425654274075
0.9870940119256412 0.9483760477025658
0.9881490772208488 0.9525963088833967
0.9882424906398499 0.9529699625594015
0.9849562505080595 0.9398250020322356
0.988305816292103 0.9532232651684127
0.9885343188640082 0.9541372754560307
0.9905522349069554 0.9622089396278222
0.9876663475722012 0.9506653902888048
0.986481043595635 0.9459241743825402
0.984121976265427 0.9364879050617084
0.9880296911159198 0.9521187644636785
0.9844005218939703 0.9376020875758817
0.9871304718043891 0.9485218872175583
0.9877655649032951 0.9510622596131831
0.9856826552734735 0.9427306210938926
0.9884870103955232 0.9539480415820921
0.9857541632823819 0.9430166531295232
0.9827069106781079 0.9308276427124301
0.9833993347897599 0.9335973391590399
0.987440917582033 0.9497636703281326
0.9867202362944221 0.9468809451776897
0.9879242904728202 0.9516971618912801
0.9908237007098408 0.9632948028393641
0.9883924983574033 0.9535699934296116
0.9884522710131062 0.9538090840524212
0.9855506688474418 0.9422026753897653
0.9839443049625181 0.935777219850073
0.9884022109859585 0.9536088439438305
0.9898094004941105 0.9592376019764415
0.9896014741939748 0.9584058967759023
0.9894889284765681 0.9579557139062751
0.9897881430930429 0.9591525723721692
0.9864347758917082 0.945739103566836
0.9859044030045703 0.9436176120182812
0.9892111655900797 0.956844662360318
0.9890447779930537 0.9561791119722137
0.9860983676102115 0.944393470440844
0.9872970301262315 0.949188120504924
0.987335413970891 0.9493416558835647
0.9862685802423085 0.9450743209692312
0.9834759343348773 0.9339037373395107
0.9870544043504554 0.9482176174018235
0.9863029750381261 0.9452119001525061
0.9898779528055935 0.9595118112223741
0.9883996123095122 0.9535984492380497
0.9914506271820442 0.965802508728177
0.9884718416908334 0.953887366763332
0.9845527108967915 0.9382108435871653
0.9863599908581304 0.9454399634325229
0.9877517498396378 0.95100699935855
0.9864483602787422 0.9457934411149692
0.9891709846367415 0.9566839385469662
0.9881728996682467 0.9526915986729902
0.9844630341424907 0.937852136569962
0.987696559209039 0.9507862368361562
0.9842547438350695 0.9370189753402793
0.9900252040094162 0.9601008160376636
0.9892146859499049 0.9568587437996205
0.9907827114998107 0.9631308459992417
0.9902742387832353 0.9610969551329417
0.9869732615871709 0.9478930463486848
0.9906816339525415 0.9627265358101621
0.987076056176531 0.9483042247061259
0.9866025648632288 0.9464102594529169
0.9846544853589516 0.9386179414358081
0.9887315639230557 0.9549262556922229
0.9869902389324876 0.9479609557299533
0.9838972322135383 0.9355889288541525
0.9883744443422979 0.9534977773691931
0.9883325460519715 0.9533301842078853
0.9861006759185994 0.9444027036743948
0.9880925713853935 0.9523702855415722
0.9888493733831737 0.9553974935326995
0.9891381444750864 0.9565525779003462
0.9900467655981708 0.9601870623926834
0.9877744416432097 0.9510977665728381
0.9840396655984016 0.9361586623936081
0.9829980449834659 0.9319921799338625
0.9874079629255226 0.9496318517020881
0.9851291430044172 0.94051657201767
0.9841362545045997 0.9365450180184005
0.988550245536835 0.9542009821473393
0.9878445795664761 0.9513783182659035
0.9854849051490367 0.9419396205961483
0.9895633327274355 0.9582533309097443
0.9902882580276196 0.9611530321104792
0.9879573942029534 0.9518295768118145
0.9874659084416656 0.9498636337666626
0.9847448605565144 0.9389794422260568
0.9867565226577468 0.9470260906309848
0.9867754642431439 0.947101856972578
0.9845748635522849 0.9382994542091408
0.9834550157099025 0.9338200628396094
0.9817841872998118 0.9271367491992488
0.9862437980836651 0.9449751923346638
0.9892001943372432 0.9568007773489731
0.9866435224180726 0.9465740896722923
0.9837449573126414 0.9349798292505667
0.9839687700548139 0.9358750802192555
0.9872991790288875 0.94919671611555
0.9876661428905997 0.9506645715623989
0.9894795968853514 0.9579183875414046
0.9886391721667739 0.9545566886670978
0.9904088115981509 0.9616352463926006
0.9867406118699775 0.94696244747991
0.9866551795626374 0.9466207182505479
0.9894062422985195 0.9576249691940758
0.9867790032300933 0.9471160129203722
0.9860150435674805 0.9440601742699195
0.9907141533432166 0.962856613372867
0.9912340223974081 0.9649360895896312
0.9907889989412895 0.9631559957651588
0.9884367385481906 0.9537469541927645
0.9850604753963239 0.9402419015852941
0.9842579577040119 0.9370318308160485
0.9878116943977548 0.9512467775910217
0.9868809549616206 0.9475238198464794
0.9884931598082968 0.9539726392331899
0.9897935648937409 0.9591742595749636
0.9907946720921293 0.963178688368518
0.990961434821292 0.9638457392851695
0.9882903718952282 0.9531614875809145
0.987052921875067 0.9482116875002672
0.9835793628524045 0.9343174514096174
0.9889454448831091 0.9557817795324347
0.9877277419955526 0.9509109679822116
0.9843931922045095 0.9375727688180393
0.9877751721173689 0.9511006884694756
0.9882411877109907 0.9529647508439629
0.9849409042800152 0.9397636171200606
0.9843088637233111 0.9372354548932429
0.9883468100289563 0.9533872401158233
0.9877141744742319 0.9508566978969245
0.9844591439125527 0.9378365756502117
0.9832373324125137 0.9329493296500522
0.9873562214307917 0.9494248857231681
0.9857046826461426 0.9428187305845696
0.9894002524180963 0.9576010096723848
0.987941597998811 0.9517663919952409
0.98630270810835 0.9452108324333984
0.9834401672503668 0.9337606690014684
0.9873983024122164 0.9495932096488648
0.9877261318383763 0.9509045273535028
0.9859873301506508 0.9439493206026021
0.982786056255907 0.9311442250236258
0.9863574057033362 0.945429622813345
0.9854222912114348 0.9416891648457417
0.9857252861194593 0.9429011444778347
0.9875773786400022 0.9503095145600072
0.9868184179316905 0.9472736717267594
0.988861702107766 0.9554468084310613
0.9888711303437462 0.9554845213749839
0.9863306937900514 0.945322775160203
0.9829884074301503 0.9319536297206038
0.9882391103439138 0.9529564413756556
0.9876703404944562 0.950681361977823
0.9859105670344235 0.943642268137694
0.9901184225919111 0.9604736903676431
0.9883468126029968 0.9533872504119891
0.9866190488243903 0.9464761952975617
0.9902579022907778 0.9610316091631127
0.9871515002345851 0.9486060009383392
0.9860214157544253 0.9440856630177032
0.9897101477478478 0.9588405909913896
0.9890518360847151 0.9562073443388602
0.9877818569184151 0.9511274276736593
0.9911568719387437 0.9646274877549744
0.989442067264455 0.9577682690578215
0.9860614020726512 0.9442456082906034
0.9896151330321663 0.9584605321286662
0.9890703574126125 0.9562814296504507
0.9918653384891043 0.9674613539564189
0.9899281948796681 0.9597127795186765
0.9868068179563702 0.9472272718254798
0.9896084089867686 0.9584336359470746
0.9884206628725144 0.9536826514900586
0.9897812949126766 0.9591251796507082
0.9891864335287194 0.9567457341148766
0.9855220587130685 0.9420882348522754
0.9834083233685297 0.9336332934741195
0.9864043359633184 0.9456173438532735
0.9873407130317087 0.9493628521268346
0.9841741127682816 0.9366964510731277
0.9829179501354116 0.9316718005416493
0.9880954375484583 0.9523817501938322
0.9858858612305964 0.943543444922387
0.9853559016271641 0.9414236065086561
0.988399359450399 0.953597437801598
0.9854626447025187 0.941850578810075
0.9844578836991947 0.9378315347967778
0.9819406738820313 0.9277626955281281
0.9866901579267818 0.9467606317071252
0.9853270956903815 0.9413083827615253
0.9828324466496281 0.9313297865985117