0.9830707127972714 0.9322828511890906
0.9774260138878859 0.9097040555515582
0.977877748988306 0.9115109959532223
0.9753016579626258 0.9012066318505009
0.9794985360494944 0.9179941441979793
0.9796650718669766 0.9186602874679068
0.9821682656880425 0.9286730627521719
0.9799136059452386 0.9196544237809577
0.9795180453955765 0.9180721815823053
0.9830229489552407 0.9320917958209622
0.9821509182612131 0.9286036730448514
0.9801281049007339 0.9205124196029378
0.983699329551017 0.9347973182040696
0.9823559527733052 0.9294238110932216
0.985723253116642 0.9428930124665693
0.9851008562975069 0.9404034251900264
0.9843241501289005 0.9372966005155996
0.9866539084910793 0.946615633964319
0.9871490656648622 0.948596262659449
0.9879692962232999 0.9518771848931996
0.98673943476523 0.946957739060922
0.9862558684509305 0.9450234738037234
0.988634866248644 0.954539464994577
0.9881869754067073 0.9527479016268268
0.9851079311228814 0.9404317244915232
0.9867417921599716 0.9469671686398882
0.9875116653581232 0.9500466614324921
0.989081444651255 0.9563257786050215
0.9890766351444978 0.9563065405779905
0.9892057419071558 0.9568229676286255
0.9877496522912748 0.9509986091651009
0.9896339756720947 0.9585359026883796
0.9904670245972741 0.9618680983890978
0.9899859600881858 0.9599438403527434
0.9902456554642741 0.9609826218570996
0.9874769724692166 0.9499078898768682
0.9836883459279536 0.9347533837118185
0.9833661846498799 0.9334647385995232
0.9808271458910767 0.9233085835643078
0.98624886260892 0.944995450435681
0.9830251928076656 0.9321007712306641
0.9859233785815837 0.9436935143263373
0.9857585204563386 0.9430340818253522
0.9877778846427279 0.9511115385709127
0.987177760204788 0.9487110408191545
0.9855061056738118 0.9420244226952487
0.9833266870112176 0.9333067480448708
0.98953316280972 0.9581326512388791
0.9870443682202495 0.9481774728810021
0.9831191851112425 0.9324767404449698
0.9875535470170635 0.950214188068256
0.9868443874453601 0.9473775497814411
0.9898266517554635 0.9593066070218563
0.9893467462350776 0.9573869849403098
0.9859418429780474 0.9437673719121892
0.9903817365576373 0.9615269462305487
0.9890756070844559 0.9563024283378232
0.9856771289085962 0.9427085156343845
0.9888743394010651 0.9554973576042598
0.9886457168126804 0.9545828672507227
0.9897571853023527 0.9590287412094126
0.9897416152523684 0.9589664610094729
0.9912781030186751 0.9651124120747002
0.9902140229543569 0.9608560918174277
0.9907620533534288 0.9630482134137162
0.9910166754038217 0.9640667016152866
0.9871798600734281 0.9487194402937146
0.9886204614684848 0.9544818458739399
0.9892194450121852 0.9568777800487384
0.9925774360819963 0.9703097443279866
0.9892782953369205 0.9571131813476846
0.9896092127617702 0.9584368510470823
0.9902918534897246 0.9611674139588987
0.9867216559011132 0.9468866236044522
0.9822281443066063 0.9289125772264248
0.9877236131555602 0.9508944526222409
0.9864829669160461 0.9459318676641872
0.9892874150177078 0.9571496600708309
0.9878905749359224 0.9515622997436897
0.9898489537014546 0.9593958148058218
0.9897944786673162 0.9591779146692636
0.9909820991109457 0.9639283964437844
0.9903075887996816 0.9612303551987247
0.9917663624776981 0.9670654499107915
0.9911185682334123 0.9644742729336516
0.9880517778437806 0.9522071113751249
0.9849525586386227 0.9398102345544903
0.9902510998490124 0.9610043993960492
0.9857112224787403 0.9428448899149643
0.9825987379456964 0.9303949517827885
0.9819326560372904 0.9277306241491636
0.9871563227569206 0.9486252910276799
0.9848662077834605 0.9394648311338402
0.9822417431509632 0.9289669726038531
0.986760818791313 0.9470432751652509
0.9856559639991554 0.9426238559966207
0.9887980616820349 0.9551922467281431
0.9876442373316885 0.9505769493267574
0.9892483534795004 0.9569934139180016
0.9854980952275908 0.941992380910363
0.98486322891358 0.9394529156543221
0.9837738535568574 0.9350954142274283
0.9886119363941169 0.9544477455764698
0.9858454801079168 0.9433819204316687
0.9822524954852676 0.9290099819410693
0.9879196114791686 0.9516784459166745
0.9859919300911555 0.9439677203646233
0.9830587112293705 0.9322348449174797
0.9882336072766449 0.952934429106579
0.9869992615012803 0.9479970460051221
0.9852382527404018 0.9409530109616093
0.9899083091406508 0.9596332365626022
0.9866741345573397 0.9466965382293582
0.9879864758027298 0.9519459032109213
0.9880180529420588 0.9520722117682352
0.9893529513113773 0.9574118052455113
0.9894651990643546 0.9578607962574195
0.9923347619103967 0.9693390476415894
0.9899118356640381 0.959647342656153
0.9859662374464526 0.9438649497858103
0.9834775862488473 0.9339103449953879
0.9829417120541183 0.9317668482164743
0.9869169568951014 0.9476678275804055
0.9843624743384922 0.9374498973539666
0.9880775117871771 0.9523100471487086
0.9872715351240218 0.9490861404960856
0.9848897766836034 0.9395591067344169
0.9874889513427827 0.9499558053711304
0.9873891160169573 0.9495564640678276
0.98445112596983 0.9378045038793181
0.9870689635337677 0.9482758541350728
0.9879543304909147 0.9518173219636603
0.986364213109267 0.9454568524370676
0.990021830814467 0.9600873232578679
0.9882508524976684 0.9530034099906759
0.9909749668494379 0.963899867397751
0.9886456012887065 0.9545824051548284
0.990023846529494 0.9600953861179775
0.9898798193927462 0.9595192775709862
0.9855591433957166 0.9422365735828664
0.9825376373615339 0.9301505494461386
0.9887839842880723 0.9551359371522886
0.9906507142907124 0.9626028571628495
0.990239457950919 0.9609578318036778
0.9886538095755988 0.9546152383023978
0.9852539661010684 0.9410158644042771
0.9849909274957236 0.939963709982895
0.9832412467923851 0.9329649871695374
0.9876191808659849 0.9504767234639405
0.9873657650780427 0.9494630603121721
0.9892874961600526 0.9571499846402122
0.9862884368382566 0.9451537473530253
0.9832100263251925 0.932840105300773
0.9831067301697898 0.9324269206791594
0.9869602086637234 0.9478408346548958
0.9874322660193648 0.9497290640774608
0.9852506276144287 0.9410025104577169
0.9843432064502593 0.9373728258010364
0.9876105056087263 0.9504420224349075
0.9886433626939467 0.9545734507757893
0.9890667609691844 0.9562670438767374
0.9883219949297064 0.9532879797188258
0.9914869792810146 0.9659479171240569
0.9884309720270228 0.9537238881080952
0.9922586527613191 0.9690346110452775
0.9911340107317461 0.9645360429269827
0.9930981740204566 0.9723926960818257
0.9898131811011642 0.9592527244046604
0.9863130140208682 0.9452520560834724
0.9857169159346019 0.942867663738407
0.9830707911499857 0.9322831645999452
0.986812147002969 0.9472485880118796
0.9866382885256839 0.9465531541027373
0.9833895201819288 0.9335580807277136
0.9821005514234519 0.9284022056938116
0.9874810783384181 0.9499243133536739
0.9903763041621797 0.9615052166487197
0.9898502073066677 0.959400829226672
0.9866297443218518 0.9465189772874073
0.9896025206907153 0.9584100827628622
0.9895123114256321 0.958049245702532
0.986539518833591 0.9461580753343664
0.9856371794014861 0.9425487176059455
0.9887481918929671 0.9549927675718684
0.9873142673851731 0.9492570695406922
0.9839150584480378 0.9356602337921521
0.9876741513922483 0.9506966055689962
0.988395705553045 0.9535828222121796
0.9902136030221446 0.9608544120885795
0.9876094931932288 0.9504379727729132
0.9860594331402095 0.9442377325608398
0.9897921263609156 0.9591685054436642
0.991818697439059 0.9672747897562374
0.9884171563261436 0.9536686253045746
0.9880355209269157 0.9521420837076634
0.9844200422720778 0.9376801690883098
0.9880520423371236 0.9522081693484966
0.9883071297009763 0.9532285188039071
0.98760324911764 0.9504129964705622
0.9899213018147922 0.9596852072591717
0.9879564507468835 0.9518258029875355
0.9906495310427075 0.96259812417083
0.9900334451683827 0.9601337806735333
0.9857097229613652 0.9428388918454632
0.9874249761954449 0.9496999047817812
0.9830154247336802 0.9320616989347221
0.9790887937161714 0.9163551748646893
0.981253573386585 0.9250142935463398
0.9856906425942662 0.942762570377065
0.9859249752527315 0.9436999010109233
0.9830051644208584 0.9320206576834345
0.9816070432480601 0.9264281729922423
0.9859951996787892 0.943980798715157
0.9863974083221652 0.9455896332886594
0.9897273934645578 0.9589095738582303
0.9907136599256045 0.9628546397024172
0.9910803991014334 0.9643215964057336
0.9881580018002538 0.9526320072010174
0.9868438847950369 0.9473755391801485
0.9844554676337303 0.9378218705349214
0.9892233878346957 0.9568935513387845
0.9858048109550686 0.9432192438202723
0.9819223579223062 0.9276894316892259
0.9853888667072883 0.9415554668291531
0.9860752806415043 0.9443011225660186
0.9840304160770915 0.936121664308368
0.9817666926336743 0.9270667705346967
0.9871353632062743 0.9485414528250942
0.9892835695513069 0.9571342782052281
0.9893753064815166 0.9575012259260643
0.985740190362978 0.9429607614519139
0.9883967303829333 0.9535869215317321
0.9883782936871033 0.9535131747484136
0.989529648267218 0.9581185930688723
0.9869646626484829 0.9478586505939363
0.9869979671586439 0.9479918686345736
0.9894903256829284 0.957961302731717
0.9859717011655644 0.9438868046622595
0.9855034352746758 0.9420137410987023
0.98382375073877 0.9352950029550807
0.9888703423543173 0.9554813694172689
0.9846508734762695 0.9386034939050755
0.9869731125488167 0.9478924501952668
0.9889562519254856 0.9558250077019435
0.9857806459083496 0.9431225836333964
0.9826066460477031 0.930426584190815
0.9847319950103478 0.93892798004139
0.9859570590450558 0.9438282361802233
0.9851770562216643 0.9407082248866587
0.9879082337328349 0.951632934931339
0.9872641703249468 0.9490566812997854
0.9890095611400029 0.956038244560014
0.9889987159064557 0.9559948636258236
0.9865122142151399 0.946048856860559
0.9848630539026978 0.9394522156107918
0.981777358368388 0.9271094334735521
0.9869796953125749 0.9479187812503025
0.9893230400555987 0.9572921602223978
0.9893668408637619 0.957467363455047
0.989720561098559 0.9588822443942376
0.9882013467401586 0.9528053869606368
0.9880659741081165 0.9522638964324665
0.98717958224252 0.9487183289700816
0.9901141702607937 0.9604566810431743
0.9892775680127369 0.9571102720509461
0.9861636541595965 0.9446546166383878
0.9893213896380237 0.9572855585520956
0.9890108789272146 0.9560435157088629
0.9860999213017375 0.944399685206951
0.9830272915702991 0.9321091662812
0.9814753468522399 0.9259013874089592
0.9876653756231429 0.9506615024925698
0.9843518954763644 0.9374075819054607
0.985286342820823 0.9411453712832926
0.9874895571616892 0.9499582286467577
0.9866712448717756 0.9466849794871034
0.9840265914438655 0.9361063657754621
0.988724388047397 0.9548975521895886
0.9903777514462354 0.9615110057849463
0.9899503777559505 0.9598015110238033
0.986448398073086 0.9457935922923448
0.988679738986574 0.9547189559462977
0.9857565961034334 0.943026384413738
0.9822248502288492 0.9288994009153986
0.9826989716200216 0.9307958864800884
0.9858981864288698 0.9435927457154797
0.9867484779256026 0.9469939117024091
0.9904180269584714 0.9616721078338872
0.9871817010342804 0.9487268041371216
0.9881143127830398 0.9524572511321607
0.9891792207703474 0.9567168830813898
0.9849572846532577 0.9398291386130321
0.9882327224875703 0.9529308899502823
0.9895326292336523 0.9581305169346096
0.9882044952284265 0.9528179809137055
0.991146705766663 0.9645868230666528
0.9885548735147747 0.9542194940590992
0.9918416406153598 0.9673665624614404
0.9876468628985744 0.9505874515942978
0.9874643513407624 0.9498574053630509
0.9843385886223137 0.9373543544892565
0.9863787678957386 0.9455150715829567
0.9876439391874261 0.9505757567497025
0.9861045455899766 0.9444181823599094
0.9893109389226076 0.9572437556904312
0.9885135006096332 0.9540540024385311
0.9911825293082077 0.96473011723283
0.9895797299220446 0.9583189196881803
0.9912060808618409 0.9648243234473654
0.9878948421663888 0.951579368665555
0.9912259719025583 0.9649038876102322
0.9879284742236051 0.9517138968944201
0.9868288356434742 0.9473153425738958
0.9855867984239464 0.9423471936957876
0.9896747887451036 0.9586991549804129
0.9884033174421066 0.9536132697684268
0.9849382389575958 0.9397529558303829
0.982279872537906 0.9291194901516237
0.9869722362425408 0.947888944970162
0.984959613356986 0.9398384534279428
0.9838802101041318 0.9355208404165274
0.9877805036401661 0.9511220145606633
0.9868679415429624 0.947471766171851
0.9887282767458615 0.9549131069834438
0.9869680188359072 0.9478720753436292
0.986165288434737 0.9446611537389491
0.9834743054891397 0.9338972219565577
0.988516542204663 0.9540661688186511
0.9855071705826747 0.9420286823306975
0.9844474708750319 0.9377898835001285
0.9892520489180306 0.9570081956721236
0.9873202857875836 0.949281143150336
0.9845613567779659 0.9382454271118629
0.9816845542525786 0.926738217010316
0.9790735013662356 0.9162940054649433
0.9829982908633541 0.931993163453418
0.983352013195619 0.9334080527824775
0.9863012173098595 0.9452048692394405
0.9868100853818977 0.9472403415275914
0.9832902855427385 0.9331611421709535
0.9824018878392881 0.9296075513571533
0.9872275683304591 0.9489102733218374
0.9873158163809008 0.949263265523605
0.9895684238297509 0.9582736953190053
0.9913090485658543 0.9652361942634223
0.9907688535862528 0.9630754143450136
0.98781564720089 0.9512625888035595
0.9896500352464386 0.9586001409857546
0.9901364940328253 0.9605459761313035
0.9862591065943317 0.9450364263773265
0.9833760624474565 0.9335042497898266
0.9827690705990924 0.9310762823963674
0.9813090008909122 0.9252360035636512
0.9873046570379919 0.9492186281519654
0.9843303980867936 0.9373215923471734
0.983564947176822 0.9342597887072897
0.9819141140136368 0.9276564560545463
0.9854208760209662 0.9416835040838641
0.9871521605027185 0.9486086420108734
0.9887724681652511 0.9550898726610046
0.9855267291258449 0.9421069165033801
0.9829603719159894 0.9318414876639568
0.9846232444208378 0.9384929776833537
0.9865521481637372 0.9462085926549471
0.9836536616444019 0.9346146465776064
0.9850053995609978 0.9400215982439919
0.9868113758172481 0.9472455032689949
0.9859596601477592 0.9438386405910366
0.9837600854584749 0.9350403418339005
0.9865753347701925 0.9463013390807693
0.9857795895005799 0.9431183580023184
0.9843824852061204 0.9375299408244817
0.9818109482980174 0.9272437931920696
0.9895051654226978 0.9580206616907931
0.9907535464078974 0.963014185631588
0.9879920396108485 0.9519681584433941
0.9903212435011494 0.9612849740045977
0.9907131619231468 0.9628526476925887
0.9877538577052816 0.9510154308211267
0.9887908042148955 0.9551632168595799
0.9896502484875133 0.9586009939500559
0.9871701658794366 0.9486806635177503
0.9858033754619047 0.9432135018476205
0.9822384875807635 0.928953950323055
0.9873103140541111 0.9492412562164452
0.9865364927830207 0.9461459711320824
0.9829292296951307 0.9317169187805218
0.9886382891478052 0.9545531565912218
0.9901430741154056 0.9605722964616236
0.9893234590252651 0.9572938361010601
0.986959176276317 0.9478367051052701
0.9852017373858919 0.9408069495435697
0.9825786533773447 0.93031461350938
0.9799102234672695 0.9196408938690772
0.9856484045705429 0.9425936182821727
0.9853902470414333 0.9415609881657357
0.9885285089891305 0.9541140359565229
0.9882535232573159 0.9530140930292668
0.985356035240156 0.9414241409606254
0.9872932917314928 0.9491731669259716
0.9870455607407771 0.9481822429631093
0.9895002032426643 0.9580008129706602
0.9880223064152165 0.9520892256608673
0.986628376474946 0.946513505899788
0.9890005108712145 0.9560020434848604
0.9866436104510697 0.9465744418042787
0.9866841181613389 0.9467364726453557
0.989341377613627 0.9573655104545074
0.986357084924065 0.9454283396962598
0.989950665494606 0.9598026619784273
0.9900037794307458 0.9600151177229865
0.9870551804312632 0.9482207217250511
0.9887999438861648 0.9551997755446613
0.9887542470385583 0.9550169881542319
0.9896676604297648 0.9586706417190598
0.9881891543475142 0.9527566173900565
0.9905592842584867 0.9622371370339483
0.990379356300904 0.9615174252036173
0.9911880560933224 0.9647522243732917
0.9907807992770725 0.9631231971082909
0.9886673341362013 0.9546693365448057
0.991151508914747 0.9646060356589896
0.990249634673611 0.9609985386944463
0.9922615252692077 0.9690461010768296
0.9890650153077057 0.9562600612308231
0.9876829782769567 0.9507319131078296
0.9843354406510327 0.9373417626041319
0.9824481445061067 0.9297925780244257
0.9879530025131321 0.951812010052527
0.9864114811970416 0.9456459247881668
0.982660158831017 0.930640635324071
0.9879494547724107 0.9517978190896446
0.983720677264055 0.9348827090562193
0.9841985543172399 0.936794217268959
0.9823262498188271 0.9293049992753099
0.9877756037660128 0.9511024150640525
0.9857896046930514 0.9431584187722092
0.988764035714337 0.9550561428573511
0.9857353255255764 0.9429413021023043
0.987880290369678 0.9515211614787117
0.9884888415391994 0.9539553661567972
0.9844277100898127 0.9377108403592531
0.9903466459154118 0.9613865836616462
0.9864126425792226 0.94565057031689
0.9903665602180355 0.9614662408721419
0.9856079490176849 0.942431796070742
0.9863028766637175 0.9452115066548699
0.9881132163153888 0.9524528652615558
0.9873018914188946 0.9492075656755801
0.9894024588729811 0.957609835491927
0.9893046832107376 0.9572187328429556
0.9856054552777949 0.9424218211111784
0.9871664780517512 0.9486659122070016
0.9870775617551498 0.9483102470206001
0.9852527037161899 0.9410108148647622
0.9821608772764283 0.9286435091057156
0.9821920847826958 0.9287683391307836
0.9799843634888381 0.9199374539553528
0.9864791937270109 0.9459167749080453
0.9854833605177424 0.9419334420709714
0.9882706653494294 0.9530826613977194
0.987252949014908 0.9490117960596336
0.9894895762256479 0.9579583049025928
0.987035871150521 0.9481434846020852
0.9863256155652228 0.9453024622608901
0.9844132775290843 0.9376531101163365
0.9873310746370947 0.9493242985483822
0.9868672642306693 0.9474690569226805
0.9891464248357386 0.9565856993429552
0.9890488303131328 0.9561953212525315
0.9901908146320966 0.9607632585283855
0.9907899892008867 0.9631599568035466
0.9879605854602196 0.9518423418408806
0.9888388158763901 0.9553552635055607
0.9886853779802575 0.9547415119210299
0.9896375273586338 0.9585501094345333
0.9901031721716446 0.9604126886865778
0.9877799351823353 0.951119740729339
0.9901130215279231 0.960452086111693
0.988559813384376 0.9542392535375059
0.9851194756027657 0.9404779024110641
0.9865945138036132 0.9463780552144526
0.9880629500984881 0.9522518003939549
0.9868016453171953 0.9472065812687827
0.9850966199764721 0.940386479905889
0.99015604613368 0.9606241845347222
0.9870439749474861 0.9481758997899448
0.9898199773760564 0.9592799095042259
0.9875116088587869 0.9500464354351486
0.9861355887496451 0.9445423549985809
0.9837983810830963 0.9351935243323872
0.987318688055757 0.9492747522230313
0.9841241097666753 0.9364964390667011
0.9836949890561989 0.9347799562247944
0.9877210013084003 0.9508840052336012
0.9871137058925722 0.9484548235702889
0.9831751953831113 0.9327007815324448
0.9862513505511689 0.9450054022046751
0.9868913260486893 0.9475653041947578
0.9860864335587654 0.9443457342350624
0.9828987327985307 0.9315949311941231
0.9859961002293903 0.9439844009175619
0.9862094839628004 0.9448379358512013
0.9844939881091334 0.9379759524365334
0.9887642854624272 0.9550571418497098
0.9858927953488944 0.9435711813955803
0.9898659331978772 0.9594637327915081
0.9885923927021125 0.9543695708084502
0.986079789233721 0.9443191569348861
0.9896423474193163 0.9585693896772658
0.987254290807114 0.9490171632284562
0.9895558725560655 0.9582234902242642
0.9865017786282344 0.9460071145129371
0.9873434628604879 0.9493738514419516
0.9839024226219878 0.9356096904879526
0.988933690999925 0.9557347639996986
0.9858508115378335 0.9434032461513329
0.988705021929977 0.9548200877199092
0.9859197208680923 0.9436788834723722
0.9864566971713586 0.9458267886854343
0.9829545839635891 0.9318183358543584
0.9895499216334847 0.9581996865339409
0.9871006118705528 0.9484024474822109
0.9830889253578639 0.9323557014314542
0.9883134317327833 0.9532537269311331
0.989747606328236 0.9589904253129419
0.9869450143807756 0.9477800575231039
0.9880263887233087 0.9521055548932341
0.989848345368509 0.9593933814740357
0.9898503023600856 0.9594012094403429
0.9880787038543285 0.9523148154173158
0.990252847416413 0.9610113896656541
0.9881900509805037 0.9527602039220143
0.990480465444412 0.9619218617776493
0.9876205909225699 0.9504823636902813
0.9867766135581211 0.9471064542324844
0.9890394739288189 0.9561578957152749
0.9902353776993083 0.9609415107972328
0.9904374558291693 0.961749823316677
0.9879077362026506 0.9516309448105998
0.9866639533045779 0.9466558132183125
0.989684238263526 0.9587369530541031
0.9881323193141323 0.9525292772565287
0.9905853181488763 0.9623412725955042
0.9903904586005038 0.9615618344020165
0.987044138664715 0.9481765546588611
0.9857649577732532 0.943059831093016
0.9898625233933319 0.9594500935733281
0.989088037909231 0.9563521516369263
0.9866692471138511 0.9466769884554053
0.9902482964272779 0.9609931857091084
0.9872597619870825 0.9490390479483303
0.983632459989827 0.9345298399593078
0.9833700446987518 0.9334801787950073
0.9885588427837217 0.9542353711348888
0.9863295674172555 0.945318269669021
0.9895144799112429 0.9580579196449718
0.9887852066654257 0.9551408266617024
0.990685071970625 0.9627402878825012
0.9910335315523396 0.9641341262093611
0.9880671115238158 0.9522684460952651
0.9882795583668157 0.9531182334672647
0.9887097023441433 0.9548388093765731
0.9866444680646399 0.9465778722585592
0.9898296324960155 0.9593185299840594
0.9887626138951755 0.9550504555807022
0.985152866616469 0.9406114664658751
0.9876264576796836 0.9505058307187337
0.9902953535049871 0.9611814140199493
0.9885007546071266 0.9540030184285041
0.9843993498602382 0.9375973994409529
0.9844964012728002 0.9379856050912025
0.9872905472022272 0.9491621888089099
0.9870909936168344 0.9483639744673362
0.984934979424272 0.9397399176970879
0.9884713459069723 0.9538853836278877
0.9879211943382481 0.9516847773529943
0.9859043166445913 0.943617266578366
0.9893024671234258 0.9572098684937052
0.9861140298345978 0.9444561193383915
0.9853076645869127 0.941230658347648
0.9897396878865224 0.9589587515460927
0.9908837847867263 0.9635351391469057
0.9893989665370257 0.9575958661481045
0.9861993787237968 0.9447975148951862
0.9867186396465958 0.9468745585863826
0.9893467517771374 0.9573870071085507
0.988963056990618 0.9558522279624704
0.9860386143357226 0.9441544573428905
0.9895587620885062 0.9582350483540254
0.9882908103384729 0.9531632413538919
0.9911059645480728 0.9644238581922906
0.9876597724734618 0.950639089893847
0.9902905551595748 0.961162220638301
0.9903490226444619 0.9613960905778481
0.9911382671405643 0.9645530685622553
0.9908759381085779 0.9635037524343093
0.9885397943706523 0.9541591774826095
0.9861545661566865 0.9446182646267455
0.9899732181128996 0.9598928724515996
0.9893384067557786 0.9573536270231154
0.9855109876010502 0.9420439504042002
0.9889027757110932 0.9556111028443738
0.9886952133502372 0.9547808534009499
0.9854154934417484 0.9416619737669946
0.9839303929342019 0.9357215717368078
0.9883259652943795 0.95330386117752
0.9864631548089413 0.9458526192357694
0.9900741564207773 0.9602966256831094
0.9864607920443085 0.9458431681772342
0.9903332405028348 0.9613329620113393
0.9891435776977512 0.9565743107910074
0.9863420524840434 0.9453682099361739
0.9888757472593153 0.9555029890372642
0.9854020180032458 0.9416080720129848
0.9867032020896752 0.9468128083587017
0.9886224159729907 0.9544896638919649
0.9880026976182057 0.9520107904728263
0.9850798104377532 0.9403192417510149
0.9890439722751165 0.9561758891004688
0.9884078318149494 0.9536313272597988
0.9854261038775302 0.9417044155101212
0.9878386235968499 0.951354494387404
0.987778062655644 0.951112250622578
0.9891553664535503 0.956621465814205
0.9861678482906738 0.9446713931626975
0.9859126544352478 0.9436506177409941
0.982588036355792 0.9303521454231699
0.9823094601583467 0.9292378406333893
0.9876614658285249 0.950645863314102
0.9845235419040483 0.9380941676161928
0.9847610441770375 0.9390441767081527
0.9882129445778758 0.952851778311503
0.9875714884366176 0.9502859537464726
0.9894579200603946 0.9578316802415785
0.9894526820598155 0.9578107282392618
0.9861448078510997 0.9445792314044009
0.9883035553954461 0.953214221581784
0.9878273283686767 0.9513093134747066
0.9850864585710281 0.9403458342841126
0.986672078287412 0.9466883131496485
0.9863884713294873 0.945553885317952
0.9843446555124699 0.9373786220498803
0.9882507448638213 0.9530029794552867
0.989596931773333 0.9583877270933344
0.9863415631718577 0.9453662526874321
0.9902220654128926 0.9608882616515713
0.98708906388312 0.9483562555324783
0.9875663312467686 0.950265324987077
0.9854689793777299 0.9418759175109188
0.9817580111330361 0.927032044532146
0.9811163540133385 0.9244654160533565
0.9873313367362319 0.9493253469449274
0.9853180748900933 0.9412722995603735
0.9830955708700366 0.932382283480149
0.9803382864529742 0.9213531458118999
0.9846188225836214 0.9384752903344843
0.9817114146685241 0.9268456586740969
0.9824929236327161 0.9299716945308668
0.9866249620274811 0.9464998481099252
0.9841569722929746 0.9366278891718989
0.9853434070476422 0.9413736281905684
0.9821909764902423 0.9287639059609697
0.9857156030594219 0.9428624122376896
0.9861528873119763 0.9446115492479027
0.985284538962357 0.941138155849429
0.9826887919677337 0.9307551678709359
0.9862115015755216 0.9448460063020874
0.9857899857305366 0.9431599429221474
0.9823298947062875 0.9293195788251525
0.9853041908294692 0.941216763317877
0.9862927748422634 0.9451710993690541
0.9835832100596892 0.9343328402387574
0.9855435439721263 0.9421741758885043
0.9870520742478243 0.9482082969912985
0.989619090963176 0.9584763638527037
0.9869160246428917 0.9476640985715719
0.9875120857695592 0.9500483430782377
0.9877328807936767 0.9509315231747071
0.9896834795220544 0.9587339180882185
0.9888178911107224 0.9552715644428915
0.988358893712648 0.9534355748505924
0.9897729814575392 0.9590919258301572
0.9884474017305511 0.9537896069222042
0.988348627262102 0.9533945090484075
0.9847868880825221 0.9391475523300863
0.9868461583222374 0.9473846332889483
0.9865031596394883 0.9460126385579531
0.9837877967369208 0.9351511869476845
0.9826985815600608 0.9307943262402424
0.9877125128053856 0.9508500512215412
0.985627524321035 0.9425100972841398
0.9893085776970344 0.9572343107881375
0.9863787991007292 0.9455151964029175
0.9880434960692073 0.952173984276831
0.9889199576399708 0.9556798305598835
0.9855176259494434 0.9420705037977766
0.9869579403697066 0.9478317614788293
0.9879081169648332 0.9516324678593339
0.9839594867165444 0.9358379468661778
0.9860725304196487 0.9442901216785935
0.9865318209242124 0.9461272836968487
0.9881416248150444 0.952566499260179
0.9876353020882916 0.9505412083531687
0.9851734203863539 0.9406936815454153
0.9863385268539234 0.9453541074156927
0.9873587807675172 0.9494351230700704
0.9846259711510779 0.9385038846043124
0.9842943385282424 0.9371773541129699
0.9879877984001384 0.9519511936005525
0.9885161750498971 0.9540647001995909
0.9869064086866866 0.9476256347467448
0.9900222338182553 0.9600889352730215
0.9881710302523224 0.952684121009288
0.9912457797554537 0.9649831190218147
0.9880637138920666 0.9522548555682675
0.9848331481623761 0.9393325926495044
0.9903070759856051 0.9612283039424231
0.9896158063071685 0.9584632252286778
0.9874176854245883 0.9496707416983534
0.9912924352096235 0.9651697408384926
0.9893930127079302 0.9575720508317223
0.987122533649961 0.9484901345998458
0.9837632581657465 0.9350530326629871
0.986615949477866 0.9464637979114607
0.9868177829977202 0.9472711319908789
0.9856253414788544 0.9425013659154199
0.9892945930574473 0.9571783722297902
0.9865657849908461 0.9462631399633871
0.9876474974337875 0.9505899897351501
0.9883760738475741 0.9535042953902958
0.9870439502708582 0.948175801083433
0.9845511173379842 0.9382044693519386
0.9875643541469943 0.9502574165879786
0.9873413391180782 0.9493653564723152
0.990007962442986 0.9600318497719431
0.9899756150064206 0.9599024600256812
0.9920221988713371 0.9680887954853524
0.991238192496994 0.9649527699879732
0.9917832902212375 0.9671331608849486
0.9910329139622472 0.9641316558489892
0.9871049715977962 0.9484198863911866
0.9854897010995817 0.9419588043983286
0.989411416025722 0.9576456641028902
0.9862670717469328 0.9450682869877329
0.9851381750063324 0.9405527000253283
0.9886993473951962 0.9547973895807849
0.9883630107876185 0.9534520431504764
0.9903214182545972 0.961285673018388
0.9895875939794716 0.9583503759178857
0.9860812696096194 0.9443250784384775
0.9884679780956763 0.9538719123827079
0.9884939642037817 0.9539758568151298
0.9856520421717316 0.9426081686869279
0.9895606080478513 0.9582424321914074
0.988733815981719 0.9549352639268769
0.9907750037171706 0.9631000148686835
0.9884961222209465 0.9539844888837866
0.9885792140945834 0.9543168563783346
0.9888702156427381 0.9554808625709516
0.9854686188231091 0.9418744752924357
0.9837286432817456 0.9349145731269821
0.9877114834606455 0.9508459338425815
0.987494296689204 0.9499771867568199
0.9896776626928131 0.9587106507712508
0.9886943710021326 0.9547774840085309
0.9861608180037598 0.9446432720150368
0.9823376942285249 0.9293507769141004
0.98754369157041 0.9501747662816408
0.9886956925180916 0.9547827700723671
0.9859106183665738 0.9436424734662944
0.9866758288994326 0.9467033155977305
0.9848430763550019 0.9393723054200086
0.9892126700076973 0.9568506800307905
0.9878215754782531 0.9512863019130119
0.9855075047559866 0.9420300190239489
0.987447156981982 0.9497886279279318
0.9906481355387068 0.9625925421548291
0.9906378899731272 0.9625515598925091
0.9915136386767446 0.9660545547069784
0.9916175826599829 0.9664703306399341
0.9899086705554643 0.9596346822218577
0.9861323529875534 0.9445294119502163
0.989463408792912 0.9578536351716473
0.989616084833316 0.9584643393332626
0.9869943999891625 0.9479775999566494
0.9839944535271069 0.9359778141084267
0.9887898923101267 0.9551595692405074
0.9858750710723797 0.9435002842895207
0.9907163020793984 0.9628652083175945
0.9892792544208565 0.9571170176834266
0.9863321417443944 0.945328566977577
0.9834151738482991 0.933660695393195
0.9881059906334323 0.9524239625337297
0.9868073958378918 0.9472295833515674
0.9841857076451366 0.9367428305805449
0.9870477288287592 0.9481909153150369
0.991838069299135 0.9673522771965405
0.9879841984770537 0.9519367939082142
0.9871418148613317 0.9485672594453278
0.9836151781662293 0.934460712664917
0.9866371612388294 0.9465486449553171
0.9868715990029014 0.9474863960116076
0.9852595242293987 0.9410380969175943
0.9895370231437713 0.9581480925750878
0.9876353839817318 0.9505415359269267
0.985150401838482 0.9406016073539274
0.9815669588743341 0.9262678354973385
0.985808291844252 0.9432331673770102
0.9860862455055325 0.9443449820221284
0.9873737574558923 0.9494950298235705
0.9886446106390078 0.9545784425560332
0.9876565769252504 0.9506263077010025
0.9846463985731637 0.9385855942926561
0.9882897271122468 0.9531589084489862
0.9886750669177904 0.9547002676711629
0.9861944286578428 0.9447777146313716
0.9837914805352779 0.9351659221411097
0.988246685102006 0.9529867404080238
0.9851994333486012 0.9407977333944065
0.9898861335356125 0.9595445341424501
0.985948229053713 0.9437929162148531
0.9879801840585563 0.9519207362342261
0.9886230444080124 0.954492177632047
0.991565799205088 0.9662631968203503
0.9898606020621274 0.9594424082485128
0.9887748577694826 0.9550994310779329
0.9858113771001389 0.9432455084005555
0.9818870422838107 0.9275481691352415
0.9848766308658942 0.9395065234635758
0.9872322460052797 0.9489289840211211
0.9839210000706997 0.9356840002828001
0.9829115865693732 0.9316463462774942
0.9797753696441509 0.9191014785766072
0.9858229773659146 0.9432919094636572
0.9835519715267657 0.9342078861070601
0.9814815535370289 0.9259262141481179
0.9865040239620171 0.9460160958480712
0.9864858027224112 0.9459432108896454
0.9893943139021869 0.9575772556087502
0.9867847569930696 0.94713902797228
0.9862816987018388 0.9451267948073557
0.9894125982993939 0.9576503931975742
0.9891896060252336 0.9567584241009367
0.9872600387447901 0.9490401549791591
0.9907210480951245 0.9628841923805007
0.9880877152645396 0.9523508610581587
0.9902440599728145 0.9609762398912568
0.9869257120258432 0.9477028481033745
0.9870731336520677 0.9482925346082693
0.9826464134794064 0.9305856539176279
0.9860290470656595 0.9441161882626397
0.9869433212873027 0.9477732851492102
0.9853896485765063 0.9415585943060257
0.9829292247450405 0.9317168989801626
0.9869124361175937 0.9476497444703748
0.9859138695509293 0.9436554782037168
0.9847024577736433 0.9388098310945712
0.9826629327447077 0.9306517309788309
0.9806710158132804 0.9226840632531217
0.9799389547932644 0.9197558191730599
0.9856890365093102 0.9427561460372412
0.9838438192107527 0.9353752768430118
0.9809291999334617 0.9237167997338469
0.9811454684400565 0.9245818737602266
0.9851775439841205 0.9407101759364818
0.988279661530267 0.9531186461210696
0.9886686446878729 0.954674578751491
0.9894335269274654 0.9577341077098636
0.9895093939986981 0.9580375759947916
0.9865903249143116 0.9463612996572452
0.9854123367471207 0.9416493469884812
0.9836702268988698 0.9346809075954806
0.9883473381397291 0.9533893525589174
0.9864947865198513 0.9459791460794048
0.9851003639034084 0.9404014556136359
0.9824989583060971 0.9299958332243876
0.9883992527132313 0.9535970108529267
0.9857514282031756 0.9430057128127031
0.9890696079028871 0.9562784316115512
0.9884916745476496 0.9539666981905971
0.9903687614409945 0.9614750457639762
0.9897166507919948 0.958866603167978
0.9915316043918897 0.96612641756756
0.9878959815352047 0.9515839261408208
0.9873190233271196 0.9492760933084786
0.9894174848304276 0.9576699393217107
0.9878831427091846 0.951532570836739
0.984937511129298 0.9397500445171958
0.9877466984197711 0.9509867936790859
0.9876570688787011 0.950628275514804
0.9896636532738851 0.9586546130955401
0.987271386024376 0.9490855440975051
0.9861016063333764 0.9444064253335075
0.9839649459629319 0.9358597838517277
0.9898023768332641 0.9592095073330572
0.9877099963784965 0.9508399855139872
0.9906189460408409 0.962475784163365
0.9900003415449479 0.9600013661797904
0.9907942778356553 0.9631771113426199
0.9916248225491405 0.9664992901965636
0.9873992324161286 0.9495969296645128
0.9842077770610516 0.9368311082442108
0.9892154076920822 0.9568616307683309
0.9880452535281112 0.9521810141124452
0.9848767329605386 0.9395069318421525
0.9875970855702563 0.9503883422810232
0.9875445905713518 0.9501783622854078
0.9837431658014728 0.9349726632058913
0.9885694191318666 0.9542776765274668
0.9851838141121685 0.9407352564486733
0.9844828734827815 0.9379314939311294
0.9877595456037878 0.9510381824151513
0.9875643044757969 0.9502572179031895
0.9894404376209947 0.9577617504839789
0.9869982032031226 0.9479928128124905
0.9868994351344627 0.9475977405378522
0.9890524257924496 0.9562097031697995
0.9885499885398928 0.9541999541595686
0.9894918464376158 0.9579673857504615
0.9903400140354978 0.9613600561419902
0.9868732576133132 0.947493030453255
0.9857231536790088 0.9428926147160354
0.9891322063016106 0.9565288252064448
0.9866860324440024 0.9467441297760102
0.9868171517154363 0.9472686068617461
0.9863228128141516 0.9452912512566073
0.9896753143151842 0.958701257260737
0.9893793564393236 0.9575174257572934
0.9874312429962535 0.949724971985013
0.9907343660434469 0.9629374641737872
0.9901084101462474 0.9604336405849894
0.9915750242975931 0.9663000971903731
0.9894843466614744 0.9579373866458972
0.9880073955671719 0.9520295822686903
0.9851483326640955 0.9405933306563817
0.9831477808874923 0.9325911235499703
0.9887102383146149 0.9548409532584605
0.9857644997429024 0.9430579989716091
0.9848578836725979 0.9394315346903914
0.9825461612748847 0.9301846450995386
0.9880355855300023 0.952142342120009
0.9863932405100166 0.9455729620400679
0.9889846504292455 0.9559386017169831
0.986034080653463 0.9441363226138548
0.9856125245678059 0.9424500982712237
0.9887103319999281 0.9548413279997118
0.9877833017687746 0.9511332070751002
0.9838807891762997 0.9355231567052007
0.9886441201632143 0.9545764806528575
0.9848303620083421 0.9393214480333699
0.9866578015227412 0.9466312060909636
0.9875601889209844 0.9502407556839393
0.9865739305802198 0.9462957223208768
0.9896132233548998 0.9584528934196013
0.9856034114838882 0.9424136459355543
0.9866043732507441 0.9464174930029772
0.988419413036452 0.9536776521458086
0.9865570965345303 0.9462283861381219
0.9887226946721114 0.9548907786884464
0.9888087145891445 0.955234858356576
0.9906933509502968 0.9627734038011903
0.9898848660204917 0.9595394640819679
0.9916789379634747 0.966715751853899
0.9911861259508317 0.9647445038033257
0.9918024420903657 0.9672097683614618
0.9906861219437996 0.9627444877751979
0.9881144293091357 0.952457717236543
0.9852684484029851 0.9410737936119402
0.9906265186092514 0.9625060744370064
0.9874119184277373 0.949647673710951
0.9858240279239334 0.9432961116957351
0.9898299166054622 0.9593196664218481
0.9874492172205461 0.9497968688821848
0.9841636664701722 0.9366546658806881
0.9881200783379299 0.9524803133517199
0.9837750204298727 0.9351000817194904
0.983295043423508 0.9331801736940328
0.986212506779675 0.9448500271186969
0.9868307581423724 0.9473230325694909
0.9851543894948414 0.9406175579793645
0.9896631141904768 0.9586524567619088
0.9862351511046822 0.9449406044187287
0.9890825746028468 0.9563302984113871
0.9855115883657096 0.9420463534628389
0.9819445457266176 0.9277781829064701
0.9818926172445198 0.9275704689780787
0.9784647414026607 0.913858965610643
0.9838858845440845 0.9355435381763385
0.9842206119237847 0.9368824476951398
0.986487834214637 0.9459513368585487
0.9863163476106709 0.9452653904426856
0.9838402770468267 0.9353611081873068
0.9879217106535482 0.9516868426141931
0.9855178743639502 0.942071497455803
0.9844908784484165 0.9379635137936672
0.9821114470360002 0.928445788144003
0.9874174381718663 0.9496697526874646
0.9850958842483898 0.9403835369935608
0.9867644263655423 0.9470577054621709