0.9803926533981285 0.9215706135925217
0.978583135066631 0.9143325402665377
0.9744274730886822 0.8977098923547284
0.9789030886917363 0.9156123547669359
0.9799354428655902 0.9197417714623631
0.9787137166652693 0.9148548666610762
0.9797079242675316 0.9188316970701281
0.9834414435520762 0.9337657742083053
0.980564996713914 0.9222599868556525
0.9806425941982009 0.9225703767928038
0.9827575105403342 0.9310300421613347
0.9859421634302804 0.9437686537211225
0.9860484367311432 0.9441937469245729
0.9845442324957796 0.938176929983118
0.987921234494264 0.9516849379770562
0.9843263519290705 0.9373054077162791
0.9891423420718385 0.9565693682873554
0.9882765662573554 0.9531062650294214
0.984141365764971 0.9365654630598839
0.9802761636566711 0.9211046546266864
0.9764924797375787 0.905969918950316
0.9811884233755757 0.9247536935023032
0.9821551609265701 0.9286206437062803
0.9788491557431306 0.9153966229725223
0.9823153288630974 0.9292613154523877
0.9834830592891002 0.9339322371564035
0.9848209471554016 0.9392837886216091
0.9860606416705595 0.9442425666822365
0.9869023725184393 0.9476094900737548
0.9881317442268659 0.9525269769074627
0.9876094280285382 0.9504377121141545
0.9891029001987671 0.9564116007950664
0.9878020836287078 0.9512083345148322
0.9898507294630586 0.9594029178522325
0.991846826357733 0.9673873054309347
0.9911422117552354 0.9645688470209397
0.988214614727277 0.9528584589091068
0.9848537713278752 0.9394150853115001
0.9839632094482925 0.93585283779317
0.9893393160632672 0.9573572642530733
0.9881161374052375 0.9524645496209471
0.990543784979333 0.9621751399173345
0.9881144846042043 0.9524579384168179
0.9849731757437035 0.9398927029748151
0.984034812411595 0.9361392496463798
0.9868823644596658 0.9475294578386635
0.9871457844543282 0.9485831378173137
0.9838600490766364 0.9354401963065464
0.9825206368465821 0.9300825473863302
0.985624835935976 0.9424993437439041
0.9831509693599859 0.9326038774399446
0.9876441439382607 0.9505765757530459
0.9854332107760884 0.9417328431043522
0.9855606151773213 0.9422424607092863
0.9874189687090503 0.9496758748362031
0.9906729028845579 0.9626916115382332
0.9905868341210098 0.9623473364840389
0.9872468556863526 0.9489874227454087
0.9838491932480732 0.935396772992293
0.9867972460774925 0.9471889843099701
0.9875799764244075 0.9503199056976289
0.9905718217805821 0.9622872871223294
0.9875973056004327 0.95038922240173
0.9893041884765659 0.957216753906261
0.9898547571300981 0.9594190285203923
0.9862366443987944 0.9449465775951771
0.9882360534415814 0.9529442137663261
0.9886251858724963 0.9545007434899848
0.9852190426835854 0.9408761707343427
0.9886230158171851 0.9544920632687421
0.9851044906359295 0.9404179625437198
0.9852048996577372 0.9408195986309508
0.9883237513105722 0.9532950052422889
0.9879248493390387 0.9516993973561553
0.9895317061316384 0.9581268245265535
0.9886177022489389 0.9544708089957542
0.9845047592973762 0.9380190371895057
0.9816463353930521 0.9265853415722092
0.9805905648656515 0.9223622594626074
0.9847617576097302 0.9390470304389202
0.9815851402566542 0.9263405610266165
0.9873048943986045 0.9492195775944192
0.9866902223883446 0.9467608895533784
0.9844260437591358 0.9377041750365437
0.989461599582709 0.9578463983308374
0.9869242862032418 0.9476971448129662
0.9855981344511596 0.9423925378046393
0.9889762092642684 0.9559048370570713
0.9860848608710078 0.9443394434840288
0.9855788272450932 0.9423153089803731
0.9832266757610251 0.9329067030441016
0.9891698587184398 0.9566794348737571
0.987680508906517 0.9507220356260676
0.9857952217074196 0.9431808868296784
0.9906565715029092 0.9626262860116348
0.9917818288849309 0.9671273155397238
0.9914212704797317 0.965685081918931
0.9897650005689613 0.9590600022758471
0.9863979151907258 0.9455916607629017
0.98182189051617 0.9272875620646799
0.9862249615204205 0.9448998460816828
0.9825953270042634 0.9303813080170508
0.984998208442066 0.9399928337682649
0.9878482678046743 0.9513930712186967
0.98762009450148 0.9504803780059189
0.9856382878994968 0.9425531515979904
0.9890632756724937 0.9562531026899742
0.989681230043624 0.9587249201744974
0.9898403500934281 0.9593614003737103
0.9894456653305496 0.9577826613221992
0.9908352301523725 0.96334092060949
0.9890472748238588 0.9561890992954355
0.9868325862689776 0.9473303450759113
0.9836837559634384 0.934735023853755
0.9865322180755806 0.9461288723023209
0.9866526990091838 0.9466107960367353
0.9843609707856622 0.9374438831426474
0.9878384897808792 0.951353959123519
0.9848533449475348 0.9394133797901376
0.9868941242569185 0.9475764970276721
0.9880917240501595 0.9523668962006349
0.9864599683147063 0.9458398732588261
0.9903388298993208 0.9613553195972855
0.9873914269704475 0.9495657078817915
0.9912969400756232 0.96518776030249
0.9884559829842885 0.953823931937155
0.9892551612638237 0.9570206450552924
0.9896763912210659 0.9587055648842626
0.9865550756142638 0.9462203024570561
0.9850279845911658 0.9401119383646629
0.9830477662471051 0.9321910649884189
0.9804100545201189 0.9216402180804747
0.9859503034637319 0.9438012138549293
0.9888924593135993 0.955569837254398
0.9855823866167048 0.9423295464668213
0.9865696668486865 0.9462786673947429
0.9884783728407975 0.9539134913631913
0.9859911997922219 0.9439647991688851
0.9851190439987492 0.9404761759949974
0.9838925654755164 0.9355702619020654
0.9882648882509737 0.9530595530038957
0.9864199890449709 0.9456799561798838
0.9895266904611184 0.9581067618444741
0.9893009071709161 0.957203628683665
0.9863789987000708 0.9455159948002823
0.9828455131618234 0.9313820526472935
0.9860078990014296 0.9440315960057143
0.9869940858150931 0.9479763432603714
0.9842849196598533 0.9371396786394106
0.9839846856271507 0.9359387425086009
0.9883045819989705 0.9532183279958828
0.987628153574725 0.9505126142988988
0.9905694974852639 0.9622779899410603
0.9878265679784434 0.9513062719137763
0.9874986291045222 0.9499945164180875
0.9865212518873893 0.9460850075495573
0.9891348172086124 0.9565392688344506
0.988288758663471 0.9531550346538852
0.9860508611560044 0.9442034446240183
0.9826674612024446 0.9306698448097813
0.9823435471734903 0.9293741886939618
0.987128566347587 0.9485142653903477
0.9879236483094611 0.9516945932378446
0.9860226790971305 0.9440907163885214
0.9865404081593668 0.9461616326374712
0.9882396493914957 0.9529585975659803
0.9865362923859194 0.9461451695436763
0.986784480481937 0.9471379219277481
0.9880875404910422 0.9523501619641718
0.988756045742719 0.955024182970879
0.9853359884677366 0.9413439538709444
0.9830781071047956 0.9323124284191855
0.9820859777184914 0.9283439108739658
0.9879801439661733 0.9519205758646934
0.9902329656324983 0.9609318625299966
0.9904299157388047 0.9617196629552192
0.988296300090552 0.953185200362209
0.9901667606776994 0.9606670427107963
0.9876132782919701 0.9504531131678831
0.9874330108177234 0.949732043270894
0.990430514617441 0.9617220584697622
0.9882024817128031 0.95280992685121
0.9866848719227326 0.9467394876909306
0.9898595389209471 0.9594381556837874
0.987422600859966 0.9496904034398621
0.9865904410140177 0.9463617640560722
0.9846910432778588 0.9387641731114331
0.9898504430629071 0.9594017722516263
0.9886433499189407 0.9545733996757635
0.9852781199234835 0.9411124796939305
0.9820321145282164 0.9281284581128653
0.9853209832474112 0.941283932989646
0.9857297013582201 0.9429188054328803
0.9846116472359248 0.9384465889436987
0.9880109402955182 0.9520437611820709
0.986702554983091 0.9468102199323642
0.9890962278850388 0.9563849115401569
0.9887396439064403 0.9549585756257651
0.9867848952198216 0.9471395808792852
0.9901503545313437 0.9606014181253717
0.9877415838711788 0.9509663354847154
0.9880406705769771 0.952162682307909
0.9884969117849919 0.9539876471399659
0.9862193195380127 0.9448772781520499
0.989015110525928 0.9560604421037111
0.9885425850346998 0.9541703401387955
0.98583945087432 0.9433578034972822
0.9896200067443608 0.9584800269774437
0.9866093606780895 0.9464374427123572
0.9829821720821573 0.9319286883286274
0.9838824162520212 0.935529665008082
0.987536148458574 0.9501445938342937
0.9872168343749962 0.9488673374999831
0.9903700920836492 0.9614803683345944
0.9874034731010477 0.9496138924041919
0.9839873548135003 0.9359494192540044
0.9833704075997445 0.9334816303989765
0.9872484494853033 0.9489937979412119
0.9842470535765194 0.9369882143060788
0.9842326774165735 0.9369307096662939
0.9831780384726162 0.9327121538904639
0.9891500797357088 0.9566003189428348
0.9880347348034343 0.9521389392137383
0.9905995256591715 0.9623981026366871
0.9899151263321053 0.9596605053284196
0.9920802418374208 0.9683209673496823
0.989267837919828 0.9570713516793109
0.9907482200634106 0.9629928802536392
0.9872448853768705 0.9489795415074846
0.9868105339366076 0.9472421357464336
0.9889544182709008 0.9558176730836019
0.9888580950669332 0.9554323802677317
0.9872346994054145 0.9489387976216609
0.9898098664702186 0.9592394658808753
0.9891853514702899 0.9567414058811599
0.9914347349640465 0.9657389398561856
0.9905909722121877 0.9623638888487522
0.9919414354573095 0.9677657418292358
0.9905544666075788 0.9622178664303149
0.9886067818772932 0.9544271275091742
0.9924951310980401 0.9699805243921599
0.9906651335735268 0.9626605342941069
0.9923012279863829 0.9692049119455333
0.9914898344622474 0.9659593378489864
0.9880363796296954 0.9521455185187793
0.9845212601427139 0.9380850405708572
0.9814457557137521 0.9257830228550037
0.9810561237057034 0.9242244948228159
0.9859339446720718 0.9437357786882852
0.9830621229929473 0.9322484919717874
0.9827493716438483 0.9309974865753955
0.9867493735965476 0.946997494386192
0.9866800496148634 0.946720198459455
0.98316837645041 0.9326735058016462
0.9861789406774888 0.9447157627099557
0.9863879932091609 0.9455519728366433
0.9835272536823446 0.9341090147293785
0.9815001733091422 0.926000693236568
0.9885333810119947 0.9541335240479802
0.9870308007064407 0.9481232028257626
0.9898776215106595 0.9595104860426382
0.9867212770700878 0.9468851082803519
0.9837167807317779 0.9348671229271132
0.9858553056932285 0.9434212227729146
0.9860082960380271 0.9440331841521059
0.9876597082816369 0.9506388331265475
0.988553012469043 0.9542120498761713
0.9867666104206617 0.9470664416826483
0.9848361152439482 0.9393444609757938
0.9886174098748964 0.9544696394995854
0.9876115727227841 0.9504462908911377
0.9905189162077015 0.962075664830807
0.9876672213986759 0.9506688855947054
0.9864745133539082 0.9458980534156315
0.9886954259648575 0.9547817038594272
0.9851678749164344 0.9406714996657365
0.9847022555358138 0.938809022143254
0.9887772628196988 0.9551090512787975
0.988742239671404 0.9549689586856147
0.9907183827550758 0.9628735310203012
0.9893732102733401 0.9574928410933601
0.9868064266547887 0.947225706619154
0.9854397433979976 0.9417589735919879
0.9894533662257166 0.9578134649028673
0.9871881449124763 0.948752579649904
0.9839267790465697 0.935707116186278
0.983045999844877 0.9321839993795064
0.9874677273637582 0.9498709094550333
0.9870666444647485 0.9482665778589936
0.9842663526884123 0.9370654107536498
0.9868467113289586 0.9473868453158333
0.9871271331734487 0.9485085326937941
0.98871776179406 0.9548710471762383
0.985469282550574 0.9418771302022944
0.985720433662117 0.9428817346484658
0.9842177285450343 0.9368709141801371
0.9816761959262347 0.9267047837049422
0.9888240984997871 0.9552963939991477
0.9866439819562178 0.9465759278248688
0.9839764686003625 0.9359058744014507
0.9891598074110394 0.9566392296441569
0.9869027876411726 0.9476111505646904
0.9892337849789469 0.9569351399157873
0.9891816240479172 0.9567264961916646
0.9865613999419351 0.9462455997677393
0.9840030184509497 0.936012073803798
0.9862452292792695 0.9449809171170784
0.9874444328737855 0.9497777314951392
0.9863275704296975 0.9453102817187884
0.9834923691416548 0.9339694765666176
0.986963809114008 0.9478552364560311
0.9866972987429266 0.946789194971703
0.9890930657845807 0.9563722631383207
0.9872200073105784 0.9488800292423106
0.9898536363818171 0.9594145455272713
0.9896405867856352 0.9585623471425417
0.9907726484001023 0.9630905936004099
0.990031010123998 0.960124040495992
0.9906087341574953 0.9624349366299818
0.9913754502583022 0.9655018010332079
0.9881324396331617 0.9525297585326484
0.9866371112406146 0.9465484449624583
0.9891956429193276 0.956782571677309
0.9877863967218181 0.9511455868872731
0.9903822515273175 0.961529006109271
0.9900851032690275 0.9603404130761096
0.9868381017124556 0.9473524068498221
0.9897681344591374 0.9590725378365492
0.9882954438168163 0.953181775267265
0.9909631361494408 0.9638525445977638
0.988258604196246 0.953034416784982
0.9877045045724031 0.9508180182896107
0.9893040641212777 0.9572162564851092
0.9882098453471662 0.9528393813886629
0.986264710966312 0.9450588438652473
0.988196538788687 0.9527861551547491
0.9881028131499059 0.9524112525996226
0.9846308170461162 0.9385232681844649
0.9805072137210827 0.9220288548843293
0.9839332984052145 0.9357331936208579
0.9858112744387029 0.9432450977548109
0.9874550160643278 0.9498200642573121
0.9872167950876218 0.9488671803504866
0.9861180440553551 0.9444721762214179
0.9834967730710191 0.9339870922840771
0.9877332143253789 0.9509328573015113
0.9873780296774081 0.9495121187096324
0.9885611013054152 0.954244405221659
0.9848805038156122 0.9395220152624519
0.9847629446042434 0.9390517784169725
0.9814332071139101 0.9257328284556384
0.9841358229495725 0.9365432917982901
0.985607841409104 0.9424313656364153
0.9869382849045698 0.9477531396182816
0.988875125726505 0.9555005029060173
0.9868280210206369 0.9473120840825484
0.9835450135250187 0.9341800541000755
0.9870211440656863 0.9480845762627442
0.986623962358604 0.9464958494344157
0.9894050603962622 0.9576202415850495
0.9880031293425084 0.952012517370034
0.9856576877181829 0.9426307508727321
0.9868019426426642 0.9472077705706562
0.9843329975429578 0.9373319901718301
0.9848607888066364 0.9394431552265453
0.9824668202496454 0.9298672809985825
0.9812165886924931 0.924866354769972
0.978804258974095 0.9152170358963813
0.985349407059081 0.9413976282363233
0.9821429356469972 0.9285717425879879
0.9811018587283812 0.924407434913526
0.9800908781398229 0.9203635125592917
0.9782923042658108 0.9131692170632449
0.9834006155063263 0.9336024620253032
0.987011799651186 0.9480471986047422
0.9874036884642159 0.9496147538568646
0.9847162422616555 0.9388649690466235
0.9895531923236479 0.9582127692945884
0.9911484043905666 0.9645936175622661
0.9882384929491188 0.9529539717964739
0.9879764407819921 0.9519057631279669
0.985902822364135 0.943611289456538
0.9894412621355165 0.9577650485420668
0.9887744153747969 0.9550976614991875
0.984922242771278 0.9396889710851132
0.9832707023726838 0.9330828094907351
0.9808766849717315 0.9235067398869253
0.9867021539914677 0.9468086159658697
0.9845057652794397 0.9380230611177582
0.9829144544690442 0.9316578178761781
0.9881461978978875 0.9525847915915527
0.9851931398276389 0.9407725593105547
0.9864394487196878 0.9457577948787494
0.9887230885977882 0.9548923543911536
0.9904145620453975 0.9616582481815886
0.9886543405019129 0.9546173620076511
0.9875470561432022 0.9501882245728125
0.9844394793727029 0.9377579174908115
0.9877054983494628 0.9508219933978512
0.9862751458545018 0.9451005834180041
0.9837030901654343 0.9348123606617363
0.9858114223007423 0.943245689202967
0.9857546348910582 0.9430185395642319
0.983935245462918 0.9357409818516732
0.9885749929189009 0.9542999716756033
0.9875592944742227 0.9502371778968908
0.9899826069875425 0.9599304279501686
0.988179415406063 0.9527176616242522
0.9865192593851156 0.9460770375404621
0.9836165481066632 0.934466192426654
0.9827543465641514 0.9310173862566057
0.9866930099043536 0.946772039617417
0.9842686801335858 0.937074720534342
0.9857976553456607 0.9431906213826435
0.9870901622287015 0.9483606489148027
0.986346036683091 0.9453841467323632
0.9888668259551904 0.9554673038207606
0.9887481798413222 0.9549927193652908
0.9907408301026314 0.9629633204105246
0.9879277947938409 0.9517111791753643
0.9879355745532663 0.9517422982130642
0.9897685728790071 0.959074291516029
0.9889466706539544 0.9557866826158186
0.9856516070888788 0.9426064283555162
0.9844293416146422 0.9377173664585697
0.9894510052036594 0.9578040208146379
0.9878861275277603 0.9515445101110442
0.9902560269867159 0.9610241079468637
0.9899093021566311 0.9596372086265222
0.9869746150116184 0.9478984600464757
0.9885129742710526 0.9540518970842088
0.9882675123776368 0.953070049510548
0.9858986101049476 0.9435944404197888
0.9881131147467974 0.9524524589871892
0.9858147459534129 0.943258983813652
0.986108315923043 0.9444332636921722
0.9880314086654924 0.9521256346619696
0.9881955111170714 0.9527820444682886
0.9861711717944346 0.944684687177737
0.9829647906688266 0.9318591626753059
0.988275965891204 0.9531038635648162
0.985081766476223 0.9403270659048928
0.98212704372421 0.9285081748968395
0.9865355527304185 0.9461422109216716
0.9880471075574921 0.95218843022997
0.9854319252946234 0.9417277011784921
0.9843583096360673 0.9374332385442703
0.9878716761445965 0.9514867045783865
0.9870721306299347 0.9482885225197367
0.9891258466979375 0.956503386791751
0.9874248766993037 0.9496995067972143
0.989303434343054 0.9572137373722177
0.9916628534690901 0.96665141387636
0.9886592829101162 0.9546371316404658
0.9885616550205408 0.9542466200821634
0.9911665252837665 0.9646661011350655
0.9879558982113023 0.9518235928452107
0.987202319948749 0.9488092797949977
0.9887427785634405 0.9549711142537628
0.9886902796171456 0.9547611184685842
0.9854808365737087 0.941923346294837
0.9840205343984233 0.9360821375936957
0.988197328026391 0.952789312105564
0.9884705293315956 0.953882117326381
0.9906803360402017 0.9627213441608058
0.989607070655049 0.9584282826201977
0.9861624364368261 0.9446497457473036
0.989192680174152 0.9567707206966078
0.988966789905157 0.9558671596206295
0.9856749209502936 0.9426996838011769
0.9842813294439514 0.9371253177758088
0.9879539803016617 0.9518159212066467
0.9870758062571363 0.9483032250285436
0.9892675184905777 0.9570700739623099
0.9881646690091626 0.9526586760366498
0.9898954497847607 0.9595817991390438
0.9894085478425373 0.9576341913701502
0.9875894947379341 0.9503579789517369
0.9914653009024101 0.9658612036096405
0.9880848279015376 0.9523393116061526
0.9846470920219142 0.9385883680876617
0.9869814092114235 0.9479256368456965
0.9875572500902143 0.9502290003608596
0.9890282027000754 0.9561128108002981
0.9894772520881975 0.9579090083527911
0.9901756578235202 0.9607026312940815
0.9903284572358437 0.9613138289433742
0.9866311275441975 0.9465245101767876
0.9914707996540192 0.9658831986160813
0.990321537526637 0.9612861501065503
0.9855790580832519 0.942316232333008
0.9882934571849651 0.9531738287398623
0.9888933879042245 0.9555735516169008
0.9857095648892792 0.9428382595571148
0.9841617530555559 0.936647012222225
0.989979523281625 0.9599180931265017
0.990194196036942 0.96077678414777
0.9906855435231807 0.9627421740927204
0.9876315828394775 0.950526331357909
0.9837422103225042 0.9349688412900177
0.9871734730756105 0.9486938923024407
0.9847846932665045 0.9391387730660188
0.9842186383670559 0.9368745534682226
0.9874228106942291 0.9496912427769167
0.986908596036767 0.9476343841470674
0.9835338146142764 0.9341352584571068
0.9867312051531617 0.9469248206126472
0.9868386218427498 0.9473544873709983
0.9837102982360701 0.9348411929442798
0.9857492501093188 0.9429970004372712
0.9860946926793733 0.9443787707174931
0.9851962207781113 0.9407848831124462
0.983449375041393 0.9337975001655721
0.9886584833305702 0.9546339333222806
0.987284468228296 0.9491378729131833
0.9844916304486355 0.9379665217945429
0.9834552897226491 0.9338211588905985
0.987107446031122 0.9484297841244888
0.9864452456289498 0.9457809825157973
0.9892754767901688 0.9571019071606774
0.9887030642329309 0.954812256931724
0.9909117887924027 0.963647155169611
0.9903553687491913 0.961421474996766
0.9913024243948801 0.9652096975795204
0.9878266936120152 0.9513067744480584
0.9913671319307921 0.9654685277231693
0.9881671869040298 0.9526687476161206
0.9880316599548435 0.9521266398193738
0.9897590265869448 0.9590361063477795
0.9896771961868146 0.958708784747259
0.9880362958809976 0.9521451835239902
0.9836647438622645 0.9346589754490564
0.9811465167652211 0.9245860670608866
0.9847748144630873 0.9390992578523502
0.9844459233517918 0.9377836934071692
0.9875056368468276 0.950022547387312
0.9863547611283852 0.9454190445135404
0.9888910267975645 0.9555641071902586
0.986360663499548 0.9454426539981925
0.9864620190288046 0.9458480761152198
0.9888896888182098 0.9555587552728378
0.9884060112092357 0.9536240448369437
0.9869924515722331 0.9479698062889322
0.9901209030659801 0.9604836122639173
0.9889536610205674 0.9558146440822733
0.9854099899722523 0.9416399598890096
0.987881705480642 0.9515268219225662
0.9852101020477747 0.9408404081911002
0.984483001541833 0.9379320061673333
0.9877845456345403 0.9511381825381632
0.9853255845326112 0.941302338130444
0.9836266502406111 0.9345066009624448
0.9877658206734915 0.9510632826939647
0.9852517048862439 0.9410068195449771
0.9827985172583021 0.9311940690332098
0.9882351404096554 0.952940561638622
0.9876619755501579 0.9506479022006314
0.9887901211672918 0.9551604846691676
0.9888982692235538 0.9555930768942154
0.9857318286776109 0.9429273147104448
0.990094580316437 0.9603783212657494
0.9908869394305068 0.9635477577220288
0.9917284036046916 0.9669136144187668
0.9892747621954165 0.9570990487816685
0.9858757108049305 0.9435028432197226
0.9852222189907336 0.940888875962937
0.9817948456448794 0.9271793825795188
0.9865569824750783 0.9462279299003147
0.9834170973698104 0.9336683894792419
0.9836118851152833 0.9344475404611334
0.9878137085353252 0.9512548341413012
0.9849114070339708 0.9396456281358829
0.9837580562063418 0.9350322248253669
0.9876297044979617 0.9505188179918498
0.9880106520550231 0.9520426082200903
0.9852614718576005 0.941045887430403
0.9861336642553888 0.9445346570215564
0.9879520402362033 0.9518081609448131
0.9894393154653514 0.957757261861405
0.987453298789694 0.9498131951587766
0.9902670552691615 0.9610682210766458
0.9892223007895783 0.956889203158315
0.9853898997309659 0.9415595989238638
0.9843325728865961 0.9373302915463833
0.9813336604024105 0.9253346416096432
0.9863059133161544 0.9452236532646168
0.983674861138086 0.9346994445523464
0.9882582360714015 0.9530329442856058
0.9852782059643321 0.9411128238573278
0.9857752102299843 0.9431008409199382
0.9894576760250758 0.9578307041003015
0.987079256041028 0.9483170241641128
0.9894352824024918 0.9577411296099667
0.9863500489915338 0.9454001959661343
0.986592598832994 0.9463703953319735
0.9887490383442525 0.9549961533770116
0.989348310154869 0.9573932406194757
0.9857639298219999 0.943055719288001
0.9828749661456267 0.9314998645825086
0.982474262080934 0.9298970483237382
0.9861505254154533 0.9446021016618164
0.9855527470407105 0.9422109881628422
0.9890735448012599 0.9562941792050381
0.9898633601317576 0.9594534405270331
0.9877728992030791 0.951091596812316
0.9874813816643021 0.9499255266572084
0.9888910682710856 0.9555642730843426
0.9881465425085816 0.9525861700343284
0.9848963296953309 0.9395853187813223
0.9888736710321855 0.955494684128744
0.9863921242647713 0.9455684970590849
0.9850992496927928 0.9403969987711716
0.9829843451054863 0.9319373804219471
0.9872625845609397 0.9490503382437575
0.9863569272551997 0.9454277090208003
0.9831425865730782 0.9325703462923132
0.9798879887569748 0.9195519550278979
0.9845766636791314 0.9383066547165257
0.9855106361309508 0.9420425445238007
0.9879322395455007 0.9517289581820013
0.9875682197200678 0.9502728788802725
0.9856223705157153 0.9424894820628614
0.9882834720505873 0.9531338882023497
0.9890292871087434 0.956117148434975
0.9863925125427175 0.9455700501708693
0.9869868803770112 0.9479475215080442
0.9893019725083465 0.9572078900333846
0.9865258926812827 0.9461035707251315
0.9866636731823856 0.9466546927295404
0.9842745107263997 0.9370980429055987
0.9822106167851371 0.92884246714055
0.9870423946047014 0.9481695784188071
0.9857527139056914 0.9430108556227684
0.9856973391832394 0.9427893567329579
0.9844007340819343 0.9376029363277383
0.9864239687335082 0.9456958749340343
0.9842713342372117 0.9370853369488471
0.9851983866951418 0.9407935467805677
0.9865949391038451 0.9463797564153803
0.9839141274676659 0.935656509870663
0.9881974451736026 0.9527897806944111
0.9882188306388585 0.952875322555435
0.9848373758104954 0.9393495032419835
0.9812817243903069 0.9251268975612287
0.9859482570411399 0.9437930281645592
0.987033167925438 0.948132671701754
0.9884281820564504 0.9537127282258032
0.9885922996158716 0.9543691984634863
0.9875975293445307 0.9503901173781242
0.9903546359371311 0.961418543748524
0.9891374786120807 0.9565499144483198
0.9872095082884143 0.948838033153658
0.9904523199353025 0.9618092797412097
0.9918682682029334 0.9674730728117347
0.9905312733131235 0.9621250932524954
0.988766740547151 0.9550669621886027
0.9918882756712009 0.9675531026848035
0.9879859457422181 0.9519437829688726
0.9861587192919569 0.9446348771678269
0.9823422900448712 0.929369160179484
0.9874483331718292 0.9497933326873177
0.9869941070658312 0.9479764282633246
0.9835709948932271 0.9342839795729089
0.9802189539420506 0.9208758157682019
0.9834630225795616 0.9338520903182463
0.9854912856498039 0.9419651425992158
0.9839757643062457 0.9359030572249836
0.9878670335111447 0.9514681340445793
0.9869937262530057 0.9479749050120239
0.9904549712071556 0.9618198848286218
0.9922384257139879 0.968953702855954
0.991072803763338 0.9642912150533541
0.9877053250646651 0.9508213002586631
0.9895849700749408 0.9583398802997661
0.9895080882143067 0.9580323528572263
0.9898005287969518 0.9592021151878106
0.9900709131685551 0.96028365267422
0.9868303819432037 0.947321527772817
0.9885157977159557 0.9540631908638203
0.9891176615043652 0.9564706460174621
0.9879207212696357 0.9516828850785432
0.9905193122920619 0.9620772491682481
0.9906067894598136 0.9624271578392529
0.9907171452715637 0.9628685810862566
0.9874827442750861 0.949930977100345
0.9893950793317756 0.957580317327103
0.9887245723395466 0.9548982893581875
0.9880073030655958 0.9520292122623824
0.9858651934562146 0.9434607738248607
0.989724373686032 0.9588974947441308
0.9877023737492207 0.9508094949968838
0.9861319017399396 0.9445276069597548
0.9831480160499698 0.9325920641998803
0.9872422526600321 0.9489690106401273
0.9878060206675309 0.9512240826701226
0.9906515784155927 0.9626063136623686
0.9884290496113508 0.9537161984454032
0.9850142344246177 0.9400569376984693
0.9850132894631969 0.9400531578527892
0.983204017649437 0.9328160705977464
0.9890125537210146 0.9560502148840593
0.985059264886911 0.9402370595476467
0.9869211434501528 0.9476845738006083
0.9873281727994663 0.9493126911978668
0.9849615521252808 0.9398462085011229
0.9885184890525855 0.9540739562103404
0.9855861878895118 0.9423447515580483
0.9877199830091636 0.950879932036656
0.9881530656064073 0.9526122624256275
0.987544205419299 0.9501768216771967
0.9850569288136057 0.9402277152544231
0.9818595263489805 0.9274381053959208
0.9850892245993212 0.9403568983972852
0.9861364284054359 0.9445457136217462
0.9875901001594893 0.9503604006379603
0.9880526272290225 0.9522105089160905
0.9851434816630156 0.9405739266520609
0.9893514800603553 0.9574059202414237
0.9870748847464732 0.9482995389858915
0.9835910515326701 0.9343642061306764
0.9802939697019304 0.9211758788077227
0.9829938995739431 0.9319755982957716
0.9849047975737473 0.9396191902949887
0.9896012557448409 0.9584050229793641
0.9862884074544792 0.9451536298179168
0.9857446138972548 0.9429784555890182
0.9890544013192876 0.9562176052771488
0.9860987494704403 0.9443949978817602
0.9825646533642123 0.9302586134568501
0.9835614123365204 0.9342456493460819
0.9874882965080144 0.9499531860320594
0.9897366611156562 0.958946644462625
0.9873012923095529 0.9492051692382135
0.9868054939681591 0.9472219758726392
0.9886997392416628 0.9547989569666531
0.9859919873419032 0.9439679493676136
0.9857281543851364 0.9429126175405473
0.9818267856485854 0.9273071425943438
0.9850702835212729 0.940281134085091
0.9872013671550641 0.948805468620256
0.984670980731411 0.9386839229256425
0.9841669426838772 0.936667770735506
0.9871904025593071 0.948761610237228
0.9868976561704682 0.9475906246818735
0.9846332791685467 0.938533116674187
0.9892890572687437 0.9571562290749731
0.9880514036602022 0.9522056146408094
0.9899947848594804 0.9599791394379235
0.9870102226372862 0.9480408905491424
0.9865819107561695 0.9463276430246788
0.9881139826487348 0.9524559305949394
0.9877414423841994 0.9509657695367975
0.9859310272738196 0.9437241090952782
0.9830610271042203 0.9322441084168817
0.9879610849646309 0.9518443398585235
0.9872233974968327 0.9488935899873305
0.9840893334601671 0.9363573338406671
0.9869301348336204 0.9477205393344831
0.9868871803835821 0.947548721534328
0.9847834817821892 0.9391339271287568
0.9886870898172719 0.9547483592690912
0.9898993727471803 0.9595974909887208
0.9905199876908247 0.9620799507632983
0.9875138834359192 0.9500555337436772
0.9903629100607584 0.9614516402430326
0.9868867405185401 0.947546962074159
0.9860202670223126 0.9440810680892503
0.9879401663603739 0.9517606654414951
0.9871600461826336 0.9486401847305339
0.9899324556093864 0.9597298224375466
0.9871999304815188 0.9487997219260739
0.9859781706778883 0.9439126827115547
0.9829333359525987 0.9317333438103976
0.9819878213534059 0.927951285413627
0.9797524438147931 0.9190097752591742
0.9851847878209986 0.9407391512839963
0.9865366543874455 0.9461466175497812
0.9873228115586687 0.9492912462346752
0.9853380639454086 0.9413522557816354
0.9874277508851188 0.9497110035404777
0.9847853287311161 0.9391413149244637
0.9861530014469545 0.944612005787818
0.9845066353078711 0.9380265412314861
0.9837653731549233 0.9350614926196944
0.9889679760094139 0.9558719040376563
0.9864658096405877 0.9458632385623515
0.9905968023997402 0.9623872095989634
0.988146025184315 0.9525841007372583
0.9874519356104963 0.949807742441984
0.9844859398288002 0.9379437593152008
0.9872797077309441 0.949118830923775
0.9874716760636325 0.9498867042545298
0.9845882917849061 0.9383531671396248
0.9872563887222686 0.9490255548890745
0.987195009794935 0.9487800391797419
0.9855042304386302 0.9420169217545208
0.9887969848387967 0.9551879393551858
0.9897101766086169 0.9588407064344693
0.9901790691625834 0.9607162766503324
0.9872814988978859 0.9491259955915424
0.9855962507957843 0.9423850031831367
0.9890822866697963 0.9563291466791844
0.9866411746072561 0.9465646984290236
0.9830586879573886 0.9322347518295538
0.9835730828750592 0.9342923315002389
0.9878196770331704 0.9512787081326779
0.9899087434053772 0.9596349736215076
0.9899435858746632 0.9597743434986529
0.9867453697386561 0.9469814789546254
0.9887028649181707 0.9548114596726837
0.9890594480317116 0.956237792126846
0.98992809849648 0.9597123939859208
0.9903918096729896 0.9615672386919601
0.9874322792962671 0.949729117185069
0.9858864698890648 0.9435458795562578
0.9892515345015629 0.9570061380062529
0.9888292001864722 0.9553168007458873
0.9899443366428159 0.9597773465712608
0.9897161231874702 0.9588644927498804
0.9861713432768261 0.9446853731073043
0.9846856247429094 0.9387424989716361
0.9888449466312629 0.9553797865250546
0.9856505822494313 0.9426023289977276
0.9848444726728671 0.9393778906914685
0.9886270486128537 0.9545081944514162
0.9855009438149231 0.9420037752596943
0.9846256450780199 0.9385025803120783
0.9885311800842669 0.9541247203370697
0.9848453778221731 0.9393815112886934
0.9850374094320182 0.9401496377280718
0.9818846122315911 0.9275384489263672
0.9786679475325901 0.9146717901303599
0.9841187993689166 0.9364751974756631
0.9836967279780798 0.9347869119123174
0.988110928045023 0.9524437121800942
0.986178962034985 0.9447158481399386
0.9832967088039106 0.9331868352156428
0.983370359386011 0.933481437544043
0.9871874080101994 0.9487496320407983
0.9904887666691932 0.9619550666767732
0.988937693745678 0.9557507749827142
0.9855753735071306 0.9423014940285225
0.9890056454672014 0.956022581868806
0.9880585203256537 0.9522340813026142
0.9903397742205834 0.9613590968823342
0.9903488803375405 0.961395521350165
0.9914379716583059 0.9657518866332231
0.9910576220041079 0.9642304880164331
0.9877091917685685 0.9508367670742759
0.9865954936400008 0.9463819745600013
0.9828789267724132 0.9315157070896537
0.9877597967475282 0.9510391869901135
0.9865070142746586 0.9460280570986339
0.9892137663652655 0.9568550654610601
0.9895368570844453 0.9581474283377795
0.991068272544194 0.964273090176777
0.9884966815042019 0.9539867260168071
0.9867229398330994 0.9468917593323972
0.9894246352621404 0.9576985410485617
0.989661610581445 0.9586464423257816
0.9864274457335273 0.945709782934109
0.9830038142831735 0.9320152571326952
0.9861945604533237 0.9447782418132958
0.9853794358521657 0.9415177434086622
0.9881978931567141 0.952791572626856
0.9875991554793234 0.9503966219172935
0.985796662044897 0.9431866481795896
0.9833741180274563 0.9334964721098258
0.9879136621467787 0.9516546485871155
0.985884890248228 0.9435395609929117
0.9843836045003077 0.9375344180012334
0.9818086036899588 0.9272344147598361
0.9869503372571005 0.9478013490284032
0.9879049336576076 0.9516197346304288
0.9892588945756454 0.9570355783025823
0.9884477365425941 0.953790946170376
0.9859444289644482 0.9437777158577936
0.9891862135627743 0.9567448542510989
0.9904851728988855 0.9619406915955412
0.9908734822223535 0.963493928889413
0.9880599125511431 0.9522396502045729
0.9903374432365522 0.9613497729462104
0.9888134430715482 0.9552537722861918
0.985857043323021 0.9434281732920824
0.9893644357065153 0.9574577428260628
0.9885706841530824 0.9542827366123281
0.9906003842968946 0.9624015371875789
0.9902636825459737 0.9610547301838963
0.9863484775930599 0.9453939103722392
0.9851414663168953 0.9405658652675817
0.9887661670465245 0.9550646681860968
0.9857554823358268 0.9430219293433063
0.9847532663664108 0.9390130654656403
0.9883588740413957 0.9534354961655832
0.987880703999233 0.95152281599693
0.9857196396243545 0.9428785584974204
0.9890428902424009 0.956171560969605
0.9853940724352488 0.9415762897409947
0.9867861089150897 0.947144435660358
0.9840086721839945 0.9360346887359775
0.9849860803156063 0.9399443212624248
0.9822416111544184 0.9289664446176735
0.9844960410922385 0.9379841643689553
0.9849657738810588 0.9398630955242336
0.9877584801921226 0.9510339207684937
0.9871051463454333 0.948420585381732
0.9909360824333056 0.9637443297332229
0.9898458261095915 0.9593833044383667
0.9869775579598482 0.9479102318393925
0.9842731836396222 0.9370927345584908
0.9902861048598719 0.9611444194394891
0.9904499593643235 0.9617998374572947
0.9907052096558089 0.9628208386232366
0.9886030546400132 0.9544122185600525
0.9873977022017272 0.9495908088069078
0.9900115316109437 0.9600461264437725
0.989188768323272 0.9567550732930898
0.9856135804660165 0.9424543218640667
0.9881119194216486 0.9524476776865953
0.9871089348882528 0.9484357395530105
0.9894033884980845 0.9576135539923375
0.9870368565240015 0.9481474260960069
0.9869999828090187 0.9479999312360731
0.984912828643348 0.9396513145733941
0.9839673687534822 0.9358694750139253
0.9813946235162143 0.9255784940648565
0.986079893077235 0.944319572308938
0.9861166680213143 0.9444666720852589
0.9884160093449617 0.9536640373798463
0.987873008147261 0.9514920325890445
0.9891641874275687 0.9566567497102747
0.988298921847167 0.9531956873886681
0.9907234379486449 0.9628937517945799
0.98953980347892 0.9581592139156802
0.9860538428664484 0.9442153714657932
0.9845066148384352 0.9380264593537423
0.9885808935342508 0.9543235741370032
0.9868072231642314 0.9472288926569236
0.9833893680464135 0.9335574721856574
0.9802328180181357 0.9209312720725432
0.9857672995249629 0.94306919809985
0.9826456786159268 0.9305827144637075
0.9821269399589927 0.9285077598359716
0.9878962257033099 0.9515849028132388
0.9858365972069056 0.9433463888276225
0.983436082022472 0.9337443280898867
0.9879800882544341 0.9519203530177371
0.9852954687799818 0.9411818751199275
0.9892401763536482 0.9569607054145938
0.9860859725391136 0.9443438901564554
0.9859686850344839 0.9438747401379379
0.9886510823270471 0.9546043293081893
0.9877520503675083 0.9510082014700302
0.9901006558609974 0.9604026234439904
0.987246594013052 0.9489863760522101
0.9864957560097267 0.9459830240389064
0.9847938696750123 0.9391754787000476
0.9826841731064313 0.9307366924257279
0.9885698876319353 0.9542795505277417
0.9867743429544847 0.9470973718179401
0.9832502990476876 0.9330011961907495
0.9802387106096142 0.9209548424384577
0.9844387456482917 0.9377549825931654
0.9835023727741701 0.9340094910966831
0.9809540243239604 0.9238160972958408
0.980370047579518 0.9214801903180748
0.985532446686519 0.9421297867460763
0.9850189603516253 0.9400758414065037
0.9876341846232254 0.9505367384929029
0.9872344424021344 0.9489377696085399
0.98495785363603 0.9398314145441227
0.9890128131102282 0.9560512524409123
0.9869299917083468 0.9477199668333864
0.9893566293474314 0.957426517389726
0.9902200248776909 0.9608800995107617
0.9907099973786363 0.9628399895145463
0.9888989143948272 0.9555956575793115
0.9913683920693751 0.965473568277502
0.9899230204401671 0.9596920817606694
0.9880437789898004 0.9521751159592017
0.9906325750906154 0.9625303003624613
0.9882270520669639 0.9529082082678552
0.9853274977684277 0.9413099910737133
0.9880366823806902 0.9521467295227604
0.9860881296692723 0.9443525186770897
0.9832234260148097 0.9328937040592382
0.988241763856565 0.95296705542626
0.9875207995746463 0.9500831982985865
0.9853719069607557 0.9414876278430218
0.9880685185186908 0.9522740740747654
0.9877095726492504 0.9508382905970025
0.9904061754606905 0.961624701842762
0.9874620268263485 0.9498481073053963
0.9865330775262302 0.9461323101049195
0.9891933354660633 0.9567733418642522
0.9866875017373311 0.9467500069493252
0.9866208394235588 0.9464833576942353
0.9895176453701093 0.9580705814804369
0.9861878385085204 0.9447513540340827
0.9860779278588813 0.9443117114355245