0.9793990359503424 0.9175961438013762
0.9784949803927929 0.9139799215711858
0.9800173902138899 0.9200695608555561
0.9770339873063227 0.9081359492252833
0.976929855922338 0.9077194236893535
0.974926137984143 0.8997045519365706
0.980181794901528 0.9207271796061137
0.9775324886441016 0.9101299545764054
0.9785341428035131 0.9141365712140528
0.9823244193867677 0.9292976775470688
0.9806599974764981 0.9226399899059899
0.9832010784366215 0.9328043137464874
0.9837133976808032 0.9348535907232146
0.9857755576323777 0.9431022305295089
0.9848432167172152 0.9393728668688623
0.9813047970207793 0.925219188083116
0.9846643585236841 0.9386574340947392
0.9856511021051599 0.94260440842064
0.9875919499906963 0.9503677999627897
0.9874856856210268 0.9499427424841065
0.9831133103664633 0.9324532414658525
0.9813661514670216 0.9254646058680871
0.9869239993477216 0.9476959973908872
0.9860758395727699 0.94430335829108
0.9887101920757236 0.9548407683028927
0.9879979795129789 0.9519919180519186
0.9848850540316243 0.9395402161265
0.9876961157391395 0.9507844629565549
0.9885559040124808 0.954223616049926
0.9913976793076433 0.9655907172305749
0.9901211195205957 0.9604844780823834
0.9868403368854598 0.9473613475418392
0.98316283762863 0.9326513505145222
0.9868754859236698 0.9475019436946761
0.9839186355676568 0.9356745422706298
0.9848482217819161 0.9393928871276658
0.9878954293365887 0.9515817173463558
0.9845837870928402 0.9383351483713628
0.9838482740365335 0.9353930961461343
0.986755756456559 0.9470230258262391
0.9891835381175023 0.95673415247001
0.9885293438391356 0.9541173753565403
0.9865163138108802 0.9460652552435225
0.9888053143219867 0.955221257287947
0.9889997881802952 0.955999152721181
0.9864419550909528 0.9457678203638104
0.985647237617618 0.9425889504704732
0.9892574941825475 0.9570299767301901
0.9860130644324032 0.944052257729611
0.989011154632751 0.9560446185310029
0.9856308678287611 0.9425234713150469
0.9855612474775901 0.942244989910362
0.9889673386365417 0.9558693545461678
0.9886313056481325 0.9545252225925285
0.9894540298665675 0.9578161194662694
0.9895765378438945 0.9583061513755767
0.9885764571747611 0.9543058286990462
0.9854152191572321 0.941660876628929
0.9908842027111154 0.963536810844462
0.9878140011303219 0.951256004521284
0.9910188761523506 0.9640755046094033
0.988461561902323 0.9538462476092936
0.9871101553942024 0.948440621576808
0.989452384652993 0.9578095386119719
0.9886589869393153 0.9546359477572629
0.9853293937965887 0.9413175751863524
0.987351032441361 0.9494041297654435
0.9873743619840808 0.9494974479363231
0.9891769838360532 0.956707935344215
0.988376975842564 0.9535079033702574
0.9851684668084624 0.9406738672338482
0.9819430049149771 0.9277720196599085
0.9861345677308215 0.9445382709232844
0.9861236789224421 0.9444947156897667
0.9828771740541246 0.931508696216499
0.9822590918761588 0.9290363675046346
0.9875088166948874 0.9500352667795504
0.9870355228831197 0.9481420915324784
0.9887555453139651 0.9550221812558624
0.989347518090279 0.957390072361116
0.9893261808594338 0.957304723437736
0.9889276823013964 0.955710729205585
0.9867068492255211 0.9468273969020836
0.9856650559529619 0.9426602238118477
0.9882426111776271 0.9529704447105096
0.9871782431108076 0.9487129724432318
0.9894813482058938 0.9579253928235747
0.989034668623584 0.9561386744943354
0.9909559535461824 0.9638238141847323
0.9879848210003042 0.9519392840012185
0.9880563079546109 0.9522252318184427
0.9867688005546755 0.9470752022187022
0.9899820129194492 0.9599280516777974
0.9888436622858988 0.9553746491435962
0.9861619065258133 0.944647626103253
0.9908313186595117 0.9633252746380458
0.9910660681778053 0.9642642727112228
0.9904578200154347 0.9618312800617419
0.9861495905882286 0.9445983623529147
0.987394598637145 0.9495783945485803
0.9883010029462079 0.9532040117848305
0.9857644305218729 0.9430577220874876
0.9851439017855388 0.9405756071421567
0.9884948651929458 0.9539794607717793
0.9910253056224104 0.9641012224896451
0.9897581600062586 0.9590326400250341
0.9862196333153441 0.9448785332613774
0.9884925958137196 0.9539703832548752
0.9887965802979584 0.9551863211918353
0.9852177941578464 0.9408711766313869
0.98358033433835 0.9343213373534046
0.9809434900620623 0.9237739602482504
0.9874888971348154 0.9499555885392639
0.9849008103073564 0.9396032412294241
0.9818562230539171 0.9274248922156697
0.984696859824911 0.9387874392996437
0.9859028032128755 0.9436112128515015
0.9865981948821951 0.9463927795287838
0.9872589879863203 0.9490359519452838
0.983605449461801 0.9344217978472044
0.9859996440272646 0.9439985761090587
0.9875261023076958 0.9501044092307819
0.9844329602343072 0.9377318409372293
0.9868018495758111 0.9472073983032426
0.9870692641823352 0.9482770567293423
0.9841402788082294 0.9365611152329204
0.9830832230105524 0.9323328920422134
0.9882851169895795 0.9531404679583193
0.9878123136706124 0.9512492546824486
0.9851146978902408 0.9404587915609605
0.988902101701578 0.9556084068063119
0.9901722491826064 0.9606889967304244
0.99030797921272 0.9612319168508798
0.9885281440548629 0.9541125762194538
0.9854389678865912 0.9417558715463658
0.9892635333448803 0.9570541333795213
0.9864694478736528 0.9458777914946112
0.9862926014299138 0.9451704057196564
0.9896988394244101 0.9587953576976408
0.9881457994571186 0.9525831978284711
0.9890272511056035 0.9561090044224169
0.9891832481917447 0.9567329927669797
0.9856294714496998 0.9425178857988027
0.9879308728137716 0.9517234912550842
0.9893270074377558 0.9573080297510242
0.9876141615212148 0.9504566460848598
0.9898886111203555 0.9595544444814219
0.9885334124626585 0.9541336498506351
0.9911169379285039 0.9644677517140164
0.9903249211490899 0.9612996845963575
0.9870897911945324 0.9483591647781313
0.984535709638593 0.9381428385543745
0.9811305189618821 0.9245220758475301
0.9844521780853573 0.9378087123414306
0.9859321278451249 0.9437285113805014
0.9827145267662547 0.9308581070650207
0.9875232084350466 0.9500928337401864
0.9867913976292193 0.9471655905168765
0.9897133747644089 0.9588534990576367
0.9870164712002767 0.948065884801109
0.9877815278063014 0.9511261112252091
0.9897310238913591 0.958924095565439
0.9886078481845391 0.9544313927381576
0.9845792425235715 0.9383169700942853
0.9826336612164561 0.9305346448658263
0.9807801411836731 0.9231205647346934
0.9859034031102383 0.9436136124409517
0.9829187633083898 0.9316750532335587
0.986723789559812 0.9468951582392467
0.9872257902437697 0.948903160975076
0.9852600097002753 0.9410400388011041
0.989719464299198 0.9588778571967934
0.9914980105070268 0.9659920420281115
0.9888243850462628 0.9552975401850577
0.9847751856836436 0.939100742734576
0.9856290512001178 0.9425162048004743
0.9885943775462516 0.9543775101850094
0.985844301138222 0.9433772045528905
0.9893598323400026 0.957439329360014
0.9888987852804239 0.9555951411216961
0.9903491580050741 0.9613966320202981
0.9902313614128516 0.9609254456514055
0.9877199935706635 0.9508799742826487
0.9843242745458385 0.9372970981833533
0.9865581063407538 0.9462324253630157
0.9882303531722019 0.9529214126888078
0.987436533753077 0.9497461350123068
0.9903298237625107 0.9613192950500449
0.9864845299013985 0.945938119605594
0.985738045878974 0.9429521835158963
0.9882685278379695 0.9530741113518792
0.9863765358612757 0.9455061434451025
0.985673186401753 0.9426927456070139
0.9840903295115326 0.9363613180461315
0.9880932557981902 0.9523730231927636
0.9860948420242819 0.9443793680971302
0.9841385198430406 0.9365540793721635
0.9815974518560122 0.9263898074240474
0.9809343965047601 0.9237375860190369
0.9872286729168952 0.9489146916675812
0.9856055212674758 0.9424220850699033
0.9888128833094679 0.955251533237873
0.9863232108328446 0.9452928433313804
0.9858497091151536 0.9433988364606141
0.989205790717766 0.9568231628710651
0.9892105436497778 0.9568421745991129
0.9903386053104651 0.9613544212418609
0.991893536609728 0.9675741464389109
0.9918072264721964 0.9672289058887853
0.9885237926003764 0.954095170401504
0.9878660289185548 0.9514641156742215
0.990004995294622 0.9600199811784891
0.9882486381588316 0.9529945526353285
0.9910037782368788 0.9640151129475173
0.9892271307905193 0.9569085231620762
0.9871736634059269 0.9486946536237081
0.9896998059292907 0.9587992237171654
0.9896724853999715 0.9586899415998862
0.9879673663508604 0.951869465403443
0.9913285069594199 0.9653140278376808
0.988862197960467 0.9554487918418694
0.9902923993774907 0.9611695975099641
0.9898771583770567 0.9595086335082267
0.9869262473195464 0.9477049892781904
0.9841746452228893 0.9366985808915588
0.987940885462471 0.9517635418498855
0.9871926527045001 0.9487706108180006
0.9854069819368039 0.9416279277472155
0.9823990344044086 0.9295961376176339
0.9812610627426243 0.9250442509704958
0.9877419486731204 0.9509677946924835
0.9879060147738619 0.9516240590954516
0.9894457725279919 0.957783090111969
0.9867033521939678 0.9468134087758695
0.9862675112546195 0.9450700450184781
0.9835865086808062 0.9343460347232236
0.9810297844247828 0.9241191376991345
0.9853178809360409 0.9412715237441652
0.9848815406831518 0.9395261627326082
0.9869089302317872 0.9476357209271513
0.9872619045366757 0.9490476181467037
0.9862516632296852 0.9450066529187428
0.9882253808950443 0.9529015235801783
0.9884896814425338 0.9539587257701372
0.9857984837279019 0.9431939349116092
0.9881897821112269 0.9527591284449092
0.9880207576839592 0.9520830307358372
0.9865407936871041 0.9461631747484169
0.990201267502157 0.9608050700086294
0.9885876268241638 0.9543505072966549
0.9861321210182663 0.9445284840730658
0.9904728667132694 0.9618914668530771
0.9908846734598354 0.9635386938393431
0.9886636607392814 0.9546546429571237
0.9885625285090488 0.954250114036194
0.9854402273246765 0.9417609092987083
0.9837509461414657 0.9350037845658632
0.9814798189753308 0.9259192759013242
0.9859178470523179 0.9436713882092735
0.9851505083379674 0.9406020333518715
0.9837515526272783 0.9350062105091116
0.9887295505638971 0.954918202255589
0.9871293464298193 0.9485173857192786
0.9864243730281637 0.9456974921126534
0.9897212362463393 0.9588849449853576
0.9890514187189041 0.9562056748756153
0.9859136231016126 0.9436544924064509
0.9882584004226365 0.9530336016905442
0.9851879655196941 0.940751862078778
0.9858960175375983 0.9435840701503925
0.9878470990233571 0.9513883960934281
0.9876964213489003 0.9507856853956025
0.9843927327103388 0.9375709308413552
0.9875337985199448 0.950135194079778
0.9887757600449661 0.9551030401798606
0.9894460765892354 0.9577843063569418
0.9892133982185983 0.9568535928743961
0.9902243125304896 0.96089725012196
0.9896923351112791 0.958769340445118
0.9872663672583144 0.9490654690332566
0.9908768158444349 0.9635072633777391
0.9878325929504902 0.951330371801961
0.9915344192508858 0.9661376770035429
0.989006813482833 0.9560272539313316
0.9877612355351593 0.9510449421406371
0.9903549612883624 0.9614198451534496
0.9906748126403303 0.9626992505613248
0.9869628817794528 0.9478515271178128
0.9853517814580259 0.9414071258321008
0.9887402980530752 0.9549611922122996
0.9871451056024608 0.9485804224098424
0.9843321375348287 0.9373285501393132
0.9890795617921073 0.9563182471684302
0.9924323874005461 0.9697295496021809
0.9910428684605576 0.9641714738422295
0.9871688680313551 0.9486754721254188
0.9883324581310489 0.9533298325241988
0.9889474238729806 0.955789695491924
0.9859960932307472 0.9439843729229905
0.9840704781690123 0.9362819126760484
0.988619886081795 0.9544795443271797
0.9853451599643311 0.9413806398573239
0.9847511044287852 0.9390044177151406
0.9888139013541235 0.9552556054164945
0.9881296495836192 0.9525185983344745
0.9856934941723164 0.9427739766892647
0.9877816791428319 0.9511267165713265
0.9880209253399854 0.9520837013599397
0.9889043133982583 0.9556172535930331
0.9896110128129297 0.9584440512517213
0.9874577606095086 0.9498310424380324
0.990894228563337 0.9635769142533513
0.9886167533413175 0.9544670133652684
0.9856718097269923 0.9426872389079685
0.9898845514291247 0.9595382057164994
0.9894626103133822 0.9578504412535266
0.9860351172809281 0.9441404691237103
0.9887494367159185 0.9549977468636736
0.9879373873048962 0.9517495492195845
0.9852082216479213 0.9408328865916864
0.9890435494556994 0.9561741978227982
0.9853732095096635 0.9414928380386542
0.9844529830991522 0.9378119323966075
0.9823616166572812 0.9294464666291234
0.986578772090174 0.9463150883606969
0.9865702977338267 0.9462811909353064
0.9841752335755817 0.9367009343023273
0.9879077275496607 0.9516309101986434
0.9877939927240077 0.9511759708960267
0.989508496741184 0.9580339869647352
0.9900075825313008 0.960030330125202
0.9872257777218083 0.9489031108872331
0.9891478063278317 0.9565912253113279
0.9898890274757963 0.9595561099031865
0.9854961772483856 0.941984708993543
0.9831641980066225 0.9326567920264901
0.9807349906451155 0.9229399625804627
0.9835732091298414 0.9342928365193651
0.9861602799281579 0.94464111971263
0.9834886360320503 0.9339545441281993
0.9858037159217697 0.9432148636870791
0.9865061621671045 0.9460246486684182
0.9841194755047404 0.9364779020189631
0.9877320801327216 0.9509283205308872
0.9851322746898183 0.9405290987592748
0.982419944472024 0.9296797778880952
0.9831580138386354 0.9326320553545405
0.9875042612059652 0.9500170448238613
0.9865433124610266 0.9461732498441044
0.9839829577937477 0.9359318311749925
0.9810418997630552 0.9241675990522188
0.9843834785651703 0.9375339142606808
0.9858149570813208 0.9432598283252862
0.9888590330006255 0.9554361320025013
0.9883877793244628 0.9535511172978495
0.98557480875456 0.9422992350182399
0.9878306101606492 0.9513224406425974
0.9873517754304438 0.9494071017217748
0.9844256669981281 0.9377026679925105
0.9896162206062857 0.9584648824251442
0.9870758966415824 0.94830358656633
0.9865801910286222 0.9463207641144886
0.9843437382908791 0.9373749531635169
0.9817575353437833 0.9270301413751334
0.9858135054051534 0.9432540216206143
0.9842447834719665 0.9369791338878646
0.9852227143466529 0.9408908573866104
0.9831580444051449 0.9326321776205786
0.9888333583656289 0.9553334334625173
0.9887586102557674 0.9550344410230694
0.9897188011121364 0.9588752044485457
0.9877777182361502 0.9511108729446012
0.9897771694453502 0.9591086777814023
0.9893346230984098 0.9573384923936377
0.9871274907798506 0.948509963119402
0.9853431113281151 0.9413724453124612
0.9898367189640812 0.9593468758563258
0.9874565592093464 0.9498262368373893
0.9864629632718749 0.9458518530875021
0.988965253949794 0.9558610157991764
0.9864164636967696 0.945665854787076
0.986386240880322 0.9455449635212888
0.9851528210208085 0.940611284083235
0.9886013394734501 0.9544053578937999
0.9858446406655426 0.9433785626621695
0.9893695287260827 0.9574781149043301
0.9868674883161322 0.9474699532645293
0.986150711313214 0.9446028452528564
0.9900331940890424 0.9601327763561688
0.9900230342533431 0.9600921370133705
0.9881409254435358 0.9525637017741405
0.9901542331120576 0.9606169324482301
0.9893293936618369 0.9573175746473467
0.9861937010349345 0.9447748041397412
0.9825421736168617 0.9301686944674468
0.9887197359331544 0.9548789437326173
0.9870360636238685 0.948144254495475
0.9847584365015021 0.9390337460060089
0.9901859896767765 0.9607439587071062
0.9872598050684488 0.9490392202737964
0.9885917969558047 0.9543671878232177
0.9900383384678778 0.9601533538715104
0.9858366037168661 0.9433464148674651
0.9845046832739724 0.9380187330958902
0.9879128782979084 0.9516515131916343
0.9867450233972016 0.9469800935888074
0.9852853197809454 0.9411412791237814
0.9838579976645537 0.9354319906582154
0.9880479295294984 0.9521917181179934
0.9864775667398533 0.9459102669594128
0.9897412868864659 0.9589651475458635
0.9882290822577144 0.9529163290308579
0.9901947234683561 0.9607788938734204
0.9895885361826626 0.9583541447306493
0.9904013168017393 0.9616052672069573
0.9882635382445151 0.9530541529780596
0.9879924292408568 0.9519697169634278
0.9862570686383856 0.9450282745535427
0.9908704391789915 0.9634817567159658
0.9877607289750056 0.9510429159000189
0.9840025863585139 0.9360103454340539
0.9839422386744442 0.9357689546977775
0.9876723622451101 0.9506894489804396
0.9839122718404724 0.9356490873618898
0.9835555620541967 0.934222248216788
0.9871548586764672 0.9486194347058707
0.988231149553518 0.9529245982140724
0.9897229057570937 0.9588916230283725
0.9882176922194493 0.9528707688777959
0.9853069263100391 0.9412277052401561
0.9877762935820544 0.951105174328219
0.9879294979476855 0.9517179917907399
0.9868260933770406 0.9473043735081633
0.9897200808432828 0.9588803233731319
0.9879583815959988 0.9518335263839967
0.9857180975206891 0.9428723900827548
0.9892803291201776 0.957121316480711
0.9858735837524644 0.9434943350098592
0.9823824151173999 0.9295296604696012
0.9818661365339928 0.9274645461359724
0.9879522906093975 0.9518091624375878
0.9851416032978386 0.9405664131913527
0.9825200186758687 0.9300800747034734
0.9817757647528638 0.9271030590114572
0.9869348230937637 0.9477392923750563
0.9880737362621845 0.952294945048737
0.9882833280182698 0.9531333120730765
0.9899459626027923 0.9597838504111696
0.9894935163891219 0.9579740655564855
0.9874035874485582 0.9496143497942297
0.9864874266929956 0.9459497067719824
0.9831930515899141 0.9327722063596565
0.9878700727677441 0.951480291070975
0.986100943200556 0.9444037728022235
0.9830519380197569 0.9322077520790286
0.9856652544208838 0.9426610176835338
0.9836813370263736 0.9347253481054962
0.9840160956656527 0.9360643826626094
0.9823539142716475 0.9294156570865888
0.9876166199976177 0.9504664799904742
0.9903155597499793 0.9612622389999176
0.9879278017870855 0.9517112071483385
0.9845081973350536 0.9380327893402122
0.9851311136671338 0.9405244546685312
0.9832761130673472 0.9331044522693862
0.9818965167495947 0.9275860669983803
0.9866497931617855 0.9465991726471414
0.9897069551230162 0.9588278204920606
0.9870678782096642 0.9482715128386594
0.9867108239854185 0.946843295941672
0.9893051572206691 0.9572206288826748
0.9889944720255346 0.9559778881021385
0.9916789366952989 0.9667157467811964
0.991802336771833 0.9672093470873309
0.9922337056389536 0.9689348225558114
0.9917085439029104 0.9668341756116402
0.9921978144658397 0.9687912578633575
0.9888212375500776 0.9552849502003107
0.9847392891750155 0.9389571567000614
0.9870482981027873 0.9481931924111477
0.9881586089305047 0.9526344357220177
0.9876323068921851 0.9505292275687409
0.9841750304004249 0.9367001216016981
0.9887408067434478 0.9549632269737898
0.9873327014966387 0.9493308059865554
0.9911806384010623 0.9647225536042509
0.987206904646731 0.9488276185869267
0.9865981363488048 0.9463925453952174
0.9902190315767936 0.9608761263071759
0.986818318410906 0.9472732736436226
0.9863899650205152 0.9455598600820599
0.9889395299617213 0.9557581198468825
0.9890031648269829 0.95601265930793
0.9899248645919788 0.9596994583679145
0.9896989490870081 0.958795796348032
0.9911976437418404 0.9647905749673623
0.9902998292284816 0.9611993169139244
0.9878173635705356 0.9512694542821426
0.9907112295672653 0.9628449182690609
0.9880942654680643 0.9523770618722567
0.9834960763556923 0.9339843054227656
0.9828523968053758 0.9314095872215027
0.9878193762826374 0.9512775051305477
0.9849270337205597 0.9397081348822388
0.9845764853139032 0.9383059412556133
0.9872843266795782 0.9491373067183143
0.9864844630168619 0.9459378520674484
0.9903299689308365 0.9613198757233434
0.990693226381083 0.9627729055243327
0.988115192140659 0.952460768562634
0.9880477774689064 0.952191109875624
0.9866360225983811 0.9465440903935247
0.9834499740785515 0.9337998963142037
0.9886297613203991 0.9545190452815955
0.9889819490900399 0.955927796360159
0.988325406922998 0.953301627691992
0.9894611382357568 0.9578445529430262
0.9889415938331553 0.9557663753326167
0.9876409173383155 0.9505636693532609
0.9840687925040125 0.9362751700160474
0.9873239491961259 0.949295796784505
0.9882801716396437 0.9531206865585743
0.9880724028044616 0.9522896112178466
0.9863713328142932 0.9454853312571706
0.9850052076521864 0.940020830608745
0.9826740324713037 0.9306961298852177
0.9881044036086741 0.9524176144346963
0.9868674031384093 0.9474696125536388
0.9895517229173157 0.9582068916692621
0.9872800353150974 0.9491201412603891
0.9855151873416428 0.9420607493665686
0.9881113294040054 0.9524453176160206
0.9857779652264889 0.9431118609059556
0.9860370108601498 0.9441480434405999
0.9888023146213475 0.9552092584853885
0.9904285633678964 0.9617142534715865
0.9873479135603891 0.9493916542415571
0.9871111075126094 0.9484444300504373
0.9836329407562711 0.9345317630250826
0.9885774418794112 0.9543097675176462
0.9849500568633005 0.9398002274532008
0.987162458451108 0.9486498338044307
0.9874925881241222 0.94997035249649
0.9860666438226101 0.9442665752904383
0.9898683017903813 0.9594732071615256
0.9884014641196741 0.9536058564786927
0.9919954889426899 0.9679819557707566
0.9884534180992435 0.9538136723969742
0.9901159024604971 0.9604636098419875
0.9888433120275859 0.9553732481103467
0.986598424286384 0.9463936971455367
0.9902919965893883 0.9611679863575527
0.990428631815295 0.9617145272611812
0.9896821943129391 0.9587287772517585
0.9872851123081722 0.9491404492326885
0.9892160128306525 0.9568640513226101
0.9858293419757912 0.943317367903165
0.9856417283813272 0.9425669135253121
0.9882287737997547 0.9529150951990164
0.9887815493941633 0.9551261975766514
0.9841381808214655 0.9365527232858613
0.986274490482407 0.9450979619296266
0.9880564270323821 0.9522257081295286
0.986011401935777 0.9440456077431079
0.9901005175674297 0.9604020702697186
0.9870918805843141 0.948367522337255
0.983225678495815 0.9329027139832587
0.9869448138478922 0.9477792553915689
0.9873029999182309 0.9492119996729258
0.9858284133354945 0.9433136533419751
0.989584218336178 0.9583368733447134
0.988670716330954 0.9546828653238154
0.9903448572229352 0.9613794288917421
0.9885820470876054 0.9543281883504205
0.9906502198431961 0.9626008793727788
0.9893683883986306 0.9574735535945219
0.9879235321587129 0.9516941286348508
0.9908174987003726 0.9632699948014897
0.9885721920351433 0.9542887681405703
0.9864361786146029 0.945744714458411
0.9836874680462344 0.9347498721849399
0.9874288057834206 0.9497152231336825
0.9867256119491787 0.9469024477967145
0.9887231274144174 0.9548925096576666
0.9881084885989471 0.9524339543957866
0.9853212630157213 0.9412850520628847
0.982164391852742 0.9286575674109678
0.9791021415278965 0.9164085661115862
0.9788799192617819 0.9155196770471252
0.9839080840287312 0.9356323361149265
0.9856074309938242 0.942429723975298
0.9869213980833016 0.947685592333209
0.9853768926818115 0.9415075707272418
0.9888688199897179 0.9554752799588713
0.9886614322089352 0.9546457288357424
0.9858261433649347 0.9433045734597375
0.9826391904500484 0.9305567618001939
0.985160044384656 0.9406401775386226
0.9888736936914185 0.9554947747656735
0.9896478774393977 0.9585915097575903
0.9903357294133758 0.961342917653501
0.9907666853611845 0.9630667414447375
0.9868888057810805 0.9475552231243239
0.9857049311679821 0.9428197246719304
0.9894777536675998 0.9579110146703985
0.985964746801296 0.94385898720518
0.9853562089700431 0.941424835880169
0.9881886054378252 0.952754421751302
0.988059952109902 0.9522398084396074
0.9891556242847191 0.9566224971388771
0.9883927407469741 0.9535709629878979
0.9870729880895918 0.9482919523583655
0.984905776081787 0.9396231043271451
0.9834248091720859 0.9336992366883429
0.979981254236611 0.9199250169464451
0.9875203471769413 0.9500813887077648
0.989599280206859 0.9583971208274371
0.9885074339674534 0.9540297358698149
0.9857624850378979 0.9430499401515923
0.9886883535091674 0.9547534140366711
0.9874332320942004 0.9497329283768007
0.9844747579607364 0.9378990318429452
0.9825642785414604 0.9302571141658399
0.9875373402197356 0.9501493608789402
0.9888615216923274 0.9554460867693106
0.9898848281902177 0.959539312760869
0.9878844925335325 0.9515379701341276
0.9899806105647935 0.9599224422591703
0.9877356094919583 0.9509424379678292
0.9866158469507741 0.9464633878030968
0.9843231882758006 0.9372927531032014
0.988169720201116 0.9526788808044642
0.9850428568663067 0.9401714274652255
0.9836164362950618 0.9344657451802455
0.9871529554663873 0.9486118218655488
0.9840887220611322 0.936354888244528
0.9857140792974137 0.9428563171896528
0.9867669681727986 0.9470678726911964
0.9877680301406899 0.9510721205627571
0.9889643943252442 0.9558575773009751
0.9912793671008372 0.9651174684033482
0.990027069476185 0.9601082779047416
0.9864520342003721 0.9458081368014881
0.9831914306747581 0.9327657226990311
0.9819010675407679 0.9276042701630739
0.9871552955741814 0.9486211822967263
0.9863720844368522 0.9454883377474088
0.9831886153980863 0.9327544615923469
0.9861250159745991 0.9445000638983971
0.9866740663962623 0.946696265585047
0.9895536218571296 0.9582144874285199
0.9866673094787395 0.9466692379149572
0.9856102118867497 0.9424408475470013
0.9876198305569452 0.9504793222277818
0.9866410254065738 0.9465641016262927
0.9858167465884392 0.9432669863537564
0.9867576927255298 0.9470307709021196
0.9860234889094914 0.9440939556379656
0.9829835591192497 0.9319342364770016
0.9879496882498873 0.9517987529995482
0.987145637844215 0.9485825513768599
0.9901408271471135 0.9605633085884516
0.9864527006379497 0.9458108025517983
0.9855914930932538 0.942365972373012
0.9891887809733444 0.9567551238933784
0.9890690426259566 0.9562761705038259
0.9850371881681513 0.9401487526726059
0.9867552489481194 0.9470209957924755
0.9868988599935374 0.9475954399741472
0.9890587964285916 0.9562351857143683
0.9877706526310441 0.9510826105241748
0.9904867304239441 0.9619469216957781
0.9888455959427508 0.9553823837710032
0.9856735940373076 0.9426943761492294
0.9884491102608792 0.9537964410435168
0.9887476102507307 0.9549904410029232
0.9894865142241416 0.9579460568965632
0.9896582957480115 0.9586331829920414
0.9882534757695284 0.9530139030781128
0.9857935458033118 0.9431741832132466
0.9889539589779348 0.9558158359117381
0.9861106156975206 0.9444424627900808
0.9865711440325597 0.94628457613024
0.9889327097655921 0.9557308390623652
0.9875049264840408 0.9500197059361623
0.9904535706497916 0.9618142825991692
0.9897162957941465 0.9588651831765899
0.9867244641200327 0.9468978564801316
0.9886095377341085 0.9544381509364358
0.9855592729729272 0.9422370918917086
0.9863762742467841 0.9455050969871359
0.9833839991386334 0.9335359965545306
0.9882290115122566 0.9529160460490254
0.9854265833301301 0.9417063333205203
0.9844825074253261 0.9379300297013036
0.9881375414445902 0.9525501657783586
0.9853016902553862 0.941206761021548
0.9842458808613422 0.9369835234453657
0.9883283662231687 0.9533134648926754
0.9872181695737261 0.948872678294904
0.9887273525185276 0.9549094100741092
0.9879738736170031 0.9518954944680114
0.9898197032239874 0.9592788128959491
0.9898073821071525 0.9592295284286091
0.9885656240674123 0.9542624962696454
0.984663289590232 0.9386531583609289
0.9880216585055073 0.9520866340220289
0.984773817603353 0.9390952704134118
0.9847488594350362 0.938995437740145
0.9883583385259542 0.9534333541038184
0.9863660736652667 0.9454642946610659
0.9862737914965404 0.9450951659861617
0.982689571712083 0.9307582868483294
0.9877530462447913 0.9510121849791655
0.9847285493106213 0.9389141972424846
0.9838196797931196 0.9352787191724761
0.9877266750353918 0.9509067001415658
0.9900115309940609 0.9600461239762426
0.9895706461887696 0.9582825847550765
0.9860558113888562 0.9442232455554277
0.9896913166208554 0.9587652664834208
0.9866526773180414 0.9466107092721675
0.9892044560413729 0.9568178241654945
0.9900601869738224 0.9602407478952893
0.9867965368069964 0.9471861472279829
0.9853605380816296 0.9414421523265191
0.9822658049216548 0.9290632196866216
0.9792163558990551 0.9168654235962188
0.9783172848526427 0.9132691394105708
0.9857667202879835 0.9430668811519334
0.9869125389825248 0.947650155930102
0.9875108912736199 0.9500435650944803
0.9850409536234429 0.9401638144937724
0.9838780974889503 0.9355123899557989
0.9881229615559342 0.9524918462237351
0.9870688759580715 0.9482755038322851
0.9857045575117239 0.9428182300468984
0.9833969318709893 0.9335877274839587
0.9877592625125956 0.9510370500503824
0.9858559025546555 0.9434236102186206
0.9890996847149186 0.9563987388596731
0.9867794706611186 0.947117882644474
0.9862961693389783 0.9451846773559112
0.9897247089479755 0.9588988357919006
0.9891154773051131 0.9564619092204509
0.9873984325100972 0.9495937300403915
0.9898268149774008 0.9593072599096011
0.988092162132776 0.9523686485311021
0.9908106248879639 0.9632424995518568
0.987908211926849 0.9516328477073962
0.9874669902929654 0.9498679611718598
0.9855609157378601 0.9422436629514391
0.9896111515009713 0.9584446060038839
0.987580131330819 0.9503205253232785
0.9850699581870151 0.940279832748062
0.9820485233589175 0.9281940934356682
0.9871056755370665 0.9484227021482677
0.9837908909781222 0.9351635639124884
0.9860015366408724 0.9440061465634905
0.9848300522678776 0.9393202090715078
0.9856533815106817 0.9426135260427217
0.9848750691545667 0.9395002766182659
0.9890253321920802 0.9561013287683182
0.9850055157677362 0.9400220630709422
0.9824746261569736 0.9298985046278951
0.9830893198384824 0.93235727935393
0.9870639780779021 0.9482559123116101
0.9870636154063963 0.948254461625586
0.9890487642638887 0.9561950570555534
0.9890705040329364 0.9562820161317436
0.9874334564080174 0.9497338256320702
0.9850148034562594 0.9400592138250338
0.9881236743552875 0.9524946974211513
0.9872936920634696 0.9491747682538797
0.9878101545393416 0.951240618157367
0.9875071719572296 0.9500286878289175
0.9862966258073602 0.9451865032294404
0.9843508352192383 0.9374033408769524
0.9822717680271674 0.9290870721086704
0.9806985907290242 0.9227943629160975
0.9871010075729493 0.9484040302917961
0.9856936468716794 0.9427745874867185
0.9886782529131695 0.9547130116526804
0.9881993468294583 0.9527973873178327
0.9851060781904559 0.9404243127618231
0.9902488298582223 0.9609953194328906
0.9867702024175975 0.9470808096703918
0.9847441992501565 0.9389767970006253
0.9814603769200544 0.9258415076802209
0.9873700424319546 0.9494801697278191
0.9896111376251961 0.9584445505007809
0.9887209082113744 0.9548836328454982
0.9866879483471516 0.9467517933886088
0.988220819668771 0.9528832786750832
0.9885064965337855 0.9540259861351416
0.986045886057762 0.9441835442310464
0.9887108024451472 0.9548432097805885
0.9865848281224668 0.9463393124898691
0.9873992361066242 0.9495969444264948
0.9888363603989384 0.9553454415957547
0.9915428629792502 0.9661714519169989
0.989102850640085 0.9564114025603412
0.9881773814067152 0.9527095256268591
0.9911923820198364 0.9647695280793461
0.9906981442221792 0.9627925768887153
0.98720919369625 0.9488367747849993
0.9833143087028563 0.9332572348114239
0.9824195668182398 0.9296782672729591
0.9881468045281627 0.9525872181126506
0.9884923809494107 0.953969523797643
0.9897412329945836 0.9589649319783352
0.9861030248599385 0.9444120994397517
0.9852553957463934 0.9410215829855724
0.9822488008073651 0.928995203229458
0.9856298265073211 0.9425193060292821
0.9825694508397743 0.9302778033590993
0.9872271758505603 0.9489087034022419
0.987123980608399 0.948495922433597
0.9889849052753319 0.9559396211013267
0.9900286538926012 0.9601146155704062
0.991956480720366 0.9678259228814643
0.9911862322890902 0.96474492915636
0.9877628698132885 0.9510514792531537
0.9842100648851448 0.9368402595405834
0.9841054962757257 0.9364219851029039
0.9879145404908201 0.9516581619632801
0.9874154414782211 0.9496617659128838
0.9841912525276217 0.9367650101104864
0.9875737119747154 0.9502948478988625
0.9866557435653115 0.9466229742612471
0.9898569249940877 0.9594276999763491
0.9893744952334087 0.9574979809336333
0.9864220467914722 0.9456881871658875
0.9826436076105911 0.9305744304423631
0.9784415912684765 0.9137663650739059
0.9859885468093809 0.943954187237524
0.9845597560924876 0.9382390243699495
0.9819990786701037 0.9279963146804145
0.9788151148967773 0.9152604595871101
0.9841169669350401 0.9364678677401612
0.9849767022772666 0.9399068091090669
0.9873617427533634 0.9494469710134519
0.9875596893567813 0.950238757427126
0.9849619240103703 0.9398476960414809
0.9846476585553744 0.9385906342214994
0.988299264708277 0.953197058833107
0.985379884180433 0.941519536721732
0.9844361628451469 0.9377446513805866
0.9882456082310855 0.9529824329243399
0.9874243891160822 0.9496975564643297
0.9899117569432718 0.9596470277730872
0.9880234730357205 0.9520938921428784
0.9877898408731798 0.9511593634927189
0.9887406600326284 0.9549626401305135
0.9889159616744811 0.9556638466979243
0.9903932161221876 0.9615728644887485
0.9887121540893132 0.9548486163572505
0.9854216463672943 0.9416865854691785
0.9851912806782201 0.940765122712882
0.9836317536567498 0.934527014627
0.9899326675735418 0.9597306702941679
0.9887554268446336 0.9550217073785376
0.9849815616693017 0.939926246677205
0.9879613299470956 0.9518453197883844
0.9883218472087689 0.9532873888350752
0.984930344151648 0.939721376606593
0.9812231270081334 0.9248925080325356
0.9883008602404969 0.9532034409619895
0.987240223106544 0.9489608924261773
0.9899346430026391 0.9597385720105543
0.9867474286490271 0.9469897145961079
0.9858551701006658 0.9434206804026636
0.9890102422880169 0.9560409691520674
0.9878655099486082 0.9514620397944327
0.9845649262388456 0.9382597049553847
0.9894586538829513 0.9578346155318038
0.9865627062145435 0.9462508248581741
0.9852973812874456 0.9411895251497814
0.9823881270398364 0.9295525081593461
0.9807384424669133 0.9229537698676515
0.9866971642089531 0.946788656835812
0.9889216380071844 0.9556865520287378
0.988928942024012 0.9557157680960483
0.9859491031105214 0.9437964124420841
0.9840350384846116 0.9361401539384453
0.9877072065010498 0.9508288260041985
0.9869777701758271 0.9479110807033068
0.9842274550927635 0.9369098203710544
0.9890944303558296 0.9563777214233216
0.9862980603985878 0.945192241594351
0.9881610204982966 0.9526440819931861
0.9886463097470478 0.9545852389881904
0.9887920355752102 0.9551681423008398
0.9893721482498173 0.957488592999271
0.9879399450588938 0.9517597802355742
0.9909707090950219 0.9638828363800874
0.9870130686301484 0.9480522745205936
0.9860314888642208 0.9441259554568817
0.9898352375247899 0.9593409500991575
0.9860034345763521 0.944013738305407
0.9842014828713728 0.9368059314854905
0.9880532403802103 0.9522129615208403
0.9867837093533721 0.9471348374134881
0.9848990575091143 0.9395962300364573
0.982372451820504 0.9294898072820184
0.9879777598259827 0.9519110393039308
0.9859422816888843 0.9437691267555337
0.9900918615387089 0.9603674461548362
0.9899356975025863 0.9597427900103465
0.9902857593671865 0.9611430374687464
0.9871176441869391 0.9484705767477558
0.9854494802698313 0.941797921079322
0.9894254226196789 0.9577016904787149
0.9864592785624454 0.9458371142497805
0.9895530001044116 0.9582120004176474
0.9886791234664212 0.9547164938656817
0.99038193357911 0.9615277343164387
0.9881139374370251 0.9524557497481012
0.990804291926139 0.9632171677045551
0.9875354442435362 0.9501417769741448
0.9873939281485363 0.9495757125941482
0.9897167391940772 0.9588669567763078
0.9866970353275986 0.9467881413103963
0.985804738228107 0.9432189529124281
0.9839060774484508 0.9356243097938024
0.9887106157715202 0.9548424630860797
0.9862476888653383 0.9449907554613541
0.9851189515358599 0.9404758061434402
0.9887445544316037 0.9549782177264146
0.9884180086224617 0.9536720344898458
0.9859132993813265 0.9436531975253043
0.9880942422303326 0.9523769689213312
0.9911370167429133 0.9645480669716542
0.9877016507959343 0.9508066031837372
0.984278245721416 0.9371129828856642
0.9897388609942829 0.9589554439771313
0.9890528705214091 0.9562114820856368
0.9864001000245639 0.9456004000982571
0.9900463714262365 0.9601854857049473
0.9873792527811689 0.9495170111246748
0.9884156904555944 0.9536627618223793
0.9884956757015047 0.953982702806021
0.9892398111187468 0.9569592444749858
0.9892173693335881 0.956869477334352
0.9878929164628546 0.9515716658514157
0.9896510987820173 0.9586043951280674
0.9894440478612868 0.9577761914451497
0.9864405038909129 0.9457620155636541
0.9878929731799659 0.9515718927198645
0.9888833424709341 0.9555333698837363
0.990700240944469 0.9628009637778784
0.987293586112468 0.9491743444498718
0.9832816911963203 0.9331267647852844
0.9887356180770377 0.9549424723081507
0.9852862756442708 0.9411451025770846
0.9904915284197527 0.9619661136790104
0.9902428064922378 0.9609712259689508
0.9861515452421089 0.9446061809684343
0.9884407752294271 0.9537631009177057
0.9873325208423896 0.9493300833695598
0.98970095139273 0.9588038055709193
0.9872061941656858 0.9488247766627418
0.9869413914715576 0.9477655658862285
0.9881903920736975 0.9527615682947898
0.9882310640854192 0.9529242563416791
0.9861191053063769 0.9444764212255058
0.9837218808848714 0.9348875235394868
0.9882418332311983 0.9529673329247907
0.9852221285236183 0.9408885140944737
0.9843976957679623 0.9375907830718497
0.9820033965597382 0.9280135862389518
0.9882182972775775 0.9528731891103078
0.9875546208987626 0.9502184835950529
0.9838467095978202 0.93538683839128
0.9883142586686796 0.9532570346747187
0.9862818392891829 0.9451273571567299
0.9894739396164199 0.9578957584656791
0.9867757526010901 0.9471030104043588
0.9830163566598487 0.9320654266393941
0.982283192465598 0.9291327698623939
0.9863719739455048 0.9454878957820162
0.9856871934840613 0.9427487739362462
0.9823511725385329 0.9294046901541317
0.9815356793756933 0.9261427175027709
0.9871025471773458 0.9484101887093813
0.9878543578940782 0.951417431576312
0.988877837092721 0.9555113483708862
0.9898287930162724 0.95931517206509
0.9904577354318386 0.9618309417273558
0.9866750527743249 0.9467002110972984
0.9856207237629578 0.9424828950518317
0.9892099845769772 0.9568399383079081
0.9882582424844442 0.9530329699377762
0.9848800166238942 0.9395200664955766
0.9881170293302527 0.9524681173210106
0.9882116392841866 0.9528465571367455
0.9850467420986925 0.940186968394769
0.9899679323097879 0.9598717292391502
0.9883889044822411 0.9535556179289615
0.9908603093378063 0.9634412373512253