0.8687104024672289 0.4748416098689203
0.8601320958807624 0.4405283835230574
0.86648958113852 0.4659583245540823
0.8925737319751391 0.5702949279005535
0.861314454495084 0.44525781798034075
0.8700564298234875 0.48022571929395136
0.8647844404078182 0.4591377616312735
0.8866841961931504 0.5467367847726025
0.879096524235432 0.5163860969417298
0.880120897871456 0.5204835914858238
0.8886748554410199 0.5546994217640795
0.9028626638016658 0.611450655206665
0.905632857545242 0.6225314301809692
0.9103886750286673 0.641554700114673
0.909382881481135 0.6375315259245389
0.9136896087621545 0.6547584350486204
0.9119179540304869 0.647671816121948
0.9121979190400465 0.6487916761601853
0.9140769194437862 0.6563076777751468
0.922290218770653 0.6891608750826091
0.919358358021967 0.67743343208787
0.9306948311461332 0.7227793245845334
0.9182968493288286 0.6731873973153131
0.9167516223287234 0.6670064893148926
0.9199695428116312 0.6798781712465232
0.9203585672659669 0.6814342690638675
0.9156134478832225 0.6624537915328895
0.9169885157861961 0.6679540631447825
0.9159617937062611 0.663847174825043
0.9169293337924223 0.6677173351696867
0.9154853149665405 0.6619412598661609
0.9316519709242336 0.7266078836969357
0.9350678740636579 0.7402714962546354
0.9210231867025309 0.6840927468101243
0.916741927233972 0.6669677089358883
0.9266104070711156 0.7064416282844621
0.923444758703217 0.6937790348128701
0.9170298168067936 0.6681192672271745
0.9169097155306186 0.6676388621224758
0.9196057756587476 0.6784231026349914
0.9206391042083315 0.6825564168333251
0.9185372421866151 0.6741489687464599
0.923389073601588 0.6935562944063514
0.9260359511357525 0.7041438045430095
0.9222726981936196 0.6890907927744779
0.9191105231917307 0.6764420927669215
0.9204050044794443 0.6816200179177763
0.9236370246891407 0.6945480987565643
0.9216360420472292 0.686544168188916
0.9170340165888953 0.6681360663555799
0.9194665911103507 0.6778663644414026
0.9226040870872416 0.6904163483489651
0.9201253434955241 0.6805013739820968
0.9180051022485634 0.6720204089942534
0.9177742134853883 0.671096853941554
0.9204014892090603 0.6816059568362427
0.9197771530002096 0.6791086120008394
0.9178127209339569 0.6712508837358295
0.9186415577684558 0.6745662310738237
0.9196848949701303 0.6787395798805232
0.9196264488947479 0.678505795578993
0.917362195508515 0.6694487820340618
0.9178793590706386 0.6715174362825537
0.9194030457116128 0.6776121828464515
0.9188819498910482 0.6755277995641916
0.9182381540248633 0.6729526160994539
0.9185535200300107 0.6742140801200417
0.9198750782664133 0.6795003130656543
0.918425458922249 0.6737018356889953
0.9186504865031886 0.674601946012756
0.919505990844091 0.6780239633763636
0.9205081664105185 0.6820326656420744
0.9200372700975551 0.680149080390221
0.9196910801911206 0.6787643207644837
0.9193164348564972 0.67726573942599
0.9189599693759923 0.6758398775039705
0.9182615119053453 0.6730460476213806
0.917255904398228 0.6690236175929113
0.9183384374444319 0.6733537497777266
0.918674931101088 0.6746997244043507
0.9176840743545243 0.6707362974180964
0.9170261009432221 0.6681044037728876
0.9184356126360259 0.6737424505441035
0.9183602205702446 0.6734408822809799
0.917588930900929 0.6703557236037165
0.9175200766871169 0.6700803067484687
0.9188806869271477 0.6755227477085892
0.9212134746530171 0.6848538986120708
0.9177650967527203 0.671060387010881
0.9177047658329044 0.6708190633316179
0.9182436733726739 0.6729746934906945
0.926601397242812 0.7064055889712497
0.9209008173206854 0.6836032692827427
0.9197987468420924 0.6791949873683696
0.9189016594455649 0.6756066377822597
0.923303860021863 0.6932154400874528
0.9242684292619928 0.6970737170479689
0.9222379315841135 0.6889517263364574
0.9176890569917526 0.6707562279670126
0.9205284231393991 0.682113692557597
0.9250175161339023 0.7000700645356103
0.9208114992314798 0.6832459969259189
0.9183434279801491 0.6733737119205983
0.9176187420645268 0.6704749682581069
0.9211780516874035 0.6847122067496163
0.9195614640013925 0.6782458560055702
0.9190809711927064 0.676323884770827
0.9174941773920072 0.6699767095680277
0.9206336705550588 0.682534682220234
0.9190636574183974 0.6762546296735891
0.9190636732066986 0.676254692826794
0.9176682164385163 0.6706728657540669
0.9210980616655735 0.6843922466622939
0.9192981899124946 0.6771927596499796
0.9188091426986756 0.6752365707947063
0.9178795890957391 0.671518356382956
0.9193843495445689 0.6775373981782734
0.918524709902867 0.674098839611469
0.9218637186292972 0.6874548745171882
0.9178762147181823 0.6715048588727279
0.9192011217203653 0.6768044868814623
0.9202497161717408 0.6809988646869644
0.9202861182334576 0.6811444729338341
0.9192303319732859 0.6769213278931425
0.9198816251560435 0.6795265006241744
0.9180395507596768 0.6721582030387088
0.9187337906907693 0.6749351627630776
0.9182857519273777 0.6731430077095093
0.9183985564005985 0.6735942256023942
0.9204272668934869 0.6817090675739467
0.9186422059186752 0.6745688236747013
0.9180772667182536 0.6723090668730125
0.9186551619317002 0.6746206477268007
0.9183824100692624 0.6735296402770469
0.9189368365971188 0.6757473463884741
0.919885376342994 0.6795415053719768
0.9186075448711104 0.6744301794844432
0.9193053812833699 0.6772215251334802
0.918359337613741 0.673437350454965
0.9177855335307059 0.6711421341228224
0.9196395157379175 0.6785580629516714
0.9207154144671097 0.6828616578684407
0.9207225647872441 0.6828902591489768
0.9204478213824054 0.6817912855296216
0.9248934573301868 0.6995738293207461
0.9216991215296358 0.6867964861185434
0.9216278345482298 0.6865113381929205
0.921635925252161 0.6865437010086424
0.9198934059638706 0.6795736238554829
0.9199017059396422 0.6796068237585692
0.9190556401163952 0.6762225604655813
0.9192059525249088 0.6768238100996373
0.9303477896958547 0.7213911587834193
0.9226075690617256 0.6904302762468999
0.918389987417822 0.6735599496712887
0.9180267438296192 0.672106975318475
0.9190374899315881 0.6761499597263524
0.9186604910040017 0.6746419640160068
0.9177091366625113 0.6708365466500447
0.9171894274341903 0.6687577097367607
0.9190131825776481 0.6760527303105909
0.9187982149259163 0.6751928597036648
0.9177704437736837 0.671081775094733
0.9176221571531348 0.67048862861254
0.9252061761362813 0.7008247045451257
0.9223014676680714 0.6892058706722869
0.9199814786035146 0.6799259144140593
0.9202133615436248 0.680853446174499
0.9208160755494282 0.6832643021977113
0.9210680155605938 0.6842720622423729
0.9198652008802611 0.679460803521044
0.917388642691302 0.6695545707652052
0.925728530927161 0.7029141237086445
0.9189002447397693 0.6756009789590766
0.9194267058046963 0.6777068232187847
0.9193352462244319 0.6773409848977255
0.9188619338560653 0.675447735424262
0.9180514432569993 0.6722057730279959
0.9177244597275491 0.6708978389101963
0.9182283356837934 0.6729133427351758
0.9185973064506544 0.6743892258026191
0.9183491015881612 0.6733964063526435
0.9181057781174851 0.6724231124699412
0.9185153898797328 0.6740615595189311
0.9192230695595314 0.6768922782381249
0.9185953525974353 0.6743814103897422
0.9192401440681695 0.6769605762726774
0.9203845504903363 0.6815382019613427
0.9183149327828416 0.6732597311313644
0.9234921918352044 0.6939687673408172
0.9207933091244758 0.6831732364979033
0.9184805099953031 0.673922039981214
0.9174808186075715 0.6699232744302829
0.9190869147184073 0.6763476588736282
0.9187023714868663 0.6748094859474664
0.9184056771346292 0.6736227085385184
0.9178402656281609 0.6713610625126424
0.9201009878054699 0.680403951221881
0.9191517313605264 0.6766069254421067
0.9204462905076304 0.6817851620305198
0.91808924697114 0.6723569878845601
0.9181151910925952 0.6724607643703806
0.9190295988122028 0.6761183952488121
0.9187436909492345 0.6749747637969373
0.9192428148200893 0.6769712592803595
0.9237659130354281 0.6950636521417116
0.9200731342609509 0.6802925370438043
0.9174889027160064 0.6699556108640259
0.9187262972149645 0.6749051888598584
0.9184768457664138 0.673907383065654
0.9179550720274894 0.6718202881099592
0.9170818935367538 0.6683275741470123
0.9188661041013 0.6754644164051994
0.9183947123916854 0.6735788495667399
0.9184111773317526 0.6736447093270109
0.917470628314097 0.6698825132563894
0.9184162125343666 0.673664850137466
0.918945505073972 0.6757820202958879
0.9188256341907428 0.675302536762972
0.9181596291403855 0.6726385165615414
0.9191676943474312 0.6766707773897248
0.9193350175438262 0.6773400701753054
0.9186954539674917 0.6747818158699666
0.9186660053263384 0.6746640213053529
0.9188581121121572 0.6754324484486282
0.919386180698632 0.6775447227945298
0.9192780688685991 0.6771122754743956
0.9189586332884087 0.675834533153634
0.9225380748936093 0.6901522995744349
0.9197409056281445 0.6789636225125777
0.9189588729439735 0.6758354917758929
0.9189282202796456 0.6757128811185815
0.9190371663442818 0.6761486653771253
0.9184789167900417 0.6739156671601663
0.9181287110992898 0.6725148443971599
0.9183662477181529 0.6734649908726107
0.9186888466228309 0.6747553864913219
0.9188693525994484 0.6754774103977932
0.9186008314021543 0.6744033256086177
0.9187404978898784 0.6749619915595141
0.9188961926895206 0.6755847707580813
0.91935036602459 0.6774014640983604
0.9190378266653481 0.6761513066613921
0.9189785452989234 0.6759141811956931
0.919378995371831 0.6775159814873252
0.9189088111565968 0.6756352446263876
0.9203637379208988 0.6814549516835947
0.9205279320346699 0.68211172813868
0.9206425380415618 0.6825701521662473
0.9199902365512757 0.6799609462051032
0.9241360150145635 0.696544060058254
0.9223822218212157 0.6895288872848641
0.9206435414336314 0.6825741657345266
0.917893402555487 0.671573610221947
0.9240668318702908 0.6962673274811618
0.920568427574926 0.6822737102997042
0.9191580018528295 0.6766320074113173
0.9181857748333291 0.6727430993333149
0.9198033281136243 0.6792133124544995
0.9211531000815731 0.6846124003262938
0.9192973457399667 0.6771893829598657
0.9182843067134641 0.6731372268538571
0.919518981863726 0.6780759274549059
0.9201414369354277 0.6805657477417099
0.919472248535518 0.6778889941420732
0.9184631102205674 0.6738524408822674
0.918323149632495 0.6732925985299794
0.9196226897302343 0.6784907589209371
0.9189618211060137 0.6758472844240561
0.9182124629389835 0.6728498517559351
0.9174369850828742 0.6697479403314966
0.9183566185954364 0.6734264743817442
0.9193344788925714 0.6773379155702858
0.9186605171502248 0.6746420686008987
0.918181450669331 0.6727258026773247
0.9189303706568899 0.675721482627559
0.919324393017103 0.6772975720684109
0.9190832584306128 0.6763330337224512
0.9185989833369862 0.6743959333479445
0.9193627278403508 0.6774509113614028
0.9195690227966203 0.6782760911864798
0.9193267297550716 0.677306919020288
0.919081948112378 0.6763277924495122
0.9192244345958297 0.6768977383833192
0.9234121330989241 0.693648532395694
0.9192755703213819 0.6771022812855297
0.9203831360710368 0.6815325442841476
0.9195380606194912 0.6781522424779622
0.9194610036015407 0.6778440144061632
0.9191667770021746 0.6766671080086966
0.919377391251223 0.6775095650048889
0.9181150780489367 0.6724603121957442
0.9186446363941747 0.6745785455766987
0.9186897919777084 0.6747591679108319
0.9185662341544334 0.6742649366177323
0.9185887278846638 0.6743549115386562
0.9185572942296187 0.6742291769184737
0.9191420888190684 0.6765683552762726
0.9192291906867606 0.6769167627470408
0.9187932284400392 0.6751729137601563
0.9192005438637629 0.6768021754550501
0.9194564168449212 0.6778256673796839
0.9194205190371779 0.6776820761487102
0.9190278211551606 0.676111284620641
0.9196499330033725 0.6785997320134871
0.9193154731655714 0.677261892662282
0.9192138925060785 0.676855570024312
0.9188891709289633 0.675556683715853
0.9198300606160374 0.6793202424641475
0.9196758169930552 0.6787032679722197
0.9195009066981913 0.6780036267927624
0.9195421754065642 0.6781687016262566
0.9195292523912432 0.678117009564971
0.9196972109113061 0.678788843645224
0.9195195620281998 0.6780782481127986
0.9196206356793531 0.6784825427174122
0.9198288669936765 0.6793154679747037
0.9198462408646711 0.6793849634586836
0.9197703211858743 0.6790812847434945
0.9197737803438787 0.6790951213755144
0.9234054282475455 0.6936217129901827
0.9271167934841642 0.7084671739366551
0.9232097465061712 0.6928389860246834
0.9231379409811834 0.692551763924732
0.921266551768674 0.6850662070746932
0.9205557586519232 0.6822230346076903
0.9189801149380681 0.6759204597522693
0.9193651782028704 0.6774607128114795
0.9208937622251931 0.6835750489007707
0.9196558288222941 0.6786233152891774
0.9192242074656243 0.6768968298624964
0.9231327689649913 0.6925310758599638
0.9205409618391779 0.6821638473567108
0.9187384237796586 0.6749536951186337
0.9182954164286046 0.6731816657144146
0.919228288486634 0.676913153946535
0.9188216342827752 0.6752865371311001
0.918323911020417 0.6732956440816674
0.9185662428901389 0.6742649715605534
0.9195041565700931 0.6780166262803716
0.9191510914039606 0.6766043656158407
0.9188033180957897 0.6752132723831572
0.9188147862918338 0.6752591451673338
0.9197221002560909 0.6788884010243617
0.919441154273285 0.6777646170931392
0.9191929835677833 0.6767719342711322
0.9191429541182479 0.6765718164729912
0.9198289286655933 0.6793157146623725
0.9196595396778858 0.6786381587115433
0.9209539011603738 0.6838156046414948
0.919574471233838 0.6782978849353506
0.9203005483954871 0.6812021935819482
0.922461334868432 0.689845339473728
0.9208978986904917 0.6835915947619658
0.9205921482273633 0.6823685929094531
0.9192937342113914 0.6771749368455638
0.9195623885527484 0.6782495542109932
0.9194225695140725 0.6776902780562882
0.9191109371943514 0.676443748777405
0.9184757216975288 0.6739028867901152
0.9184006963923741 0.6736027855694963
0.9190054784988924 0.6760219139955691
0.9185874873475391 0.6743499493901558
0.9190747336721249 0.6762989346884988
0.9187135890351196 0.674854356140477
0.919301372418722 0.6772054896748874
0.9188609389597292 0.6754437558389164
0.9189782640201553 0.6759130560806197
0.9194086885957955 0.6776347543831812
0.9194058943395041 0.6776235773580159
0.9193352775553274 0.6773411102213092
0.9193160799109802 0.6772643196439208
0.9195285279130242 0.6781141116520963
0.9194381559712512 0.6777526238850031
0.9195558171840043 0.678223268736017
0.9193168204324114 0.6772672817296452
0.9193755697348507 0.6775022789394036
0.9197697774925384 0.6790791099701542
0.9197336341579905 0.6789345366319617
0.9240623696030282 0.6962494784121135
0.9203594851647612 0.6814379406590437
0.9199822110256296 0.6799288441025181
0.9195496312169509 0.6781985248678034
0.9198503077873468 0.6794012311493866
0.9198182057350475 0.6792728229401888
0.9198621696376847 0.6794486785507378
0.9198316748495389 0.6793266993981546
0.9198310451596272 0.6793241806385082
0.9198022929864169 0.6792091719456673
0.9198020815233671 0.6792083260934677
0.9199281338266804 0.6797125353067209
0.9199325860225824 0.6797303440903303
0.9199151181627372 0.6796604726509492
0.9198896257383105 0.6795585029532419
0.919877248716148 0.6795089948645914
0.9199271905168506 0.6797087620674015
0.9199349002377472 0.6797396009509878
0.9208659323716349 0.6834637294865399
0.9242622230114673 0.6970488920458694
0.9208935484161997 0.6835741936647991
0.9210413929299972 0.6841655717199888
0.9193384337099055 0.6773537348396212
0.9206969067086223 0.6827876268344906
0.9255429932585796 0.7021719730343186
0.9214578827024417 0.6858315308097673
0.9195067073856013 0.6780268295424055
0.9188147689895576 0.6752590759582309
0.9203003742249821 0.6812014968999285
0.9188309839203754 0.6753239356815013
0.9198881676047473 0.6795526704189908
0.9192044651440794 0.6768178605763179
0.9193177770255556 0.6772711081022229
0.9189560116607959 0.6758240466431839
0.9192448092116018 0.6769792368464074
0.918674541988264 0.6746981679530569
0.9192999981971047 0.6771999927884187
0.9188539314589347 0.6754157258357388
0.9190372110088402 0.6761488440353607
0.9192587689264491 0.6770350757057966
0.9197426983848274 0.6789707935393097
0.9194112379754641 0.6776449519018561
0.9194998317240123 0.6779993268960496
0.9192454732685827 0.6769818930743309
0.9191322570200384 0.6765290280801532
0.9196488475965373 0.6785953903861496
0.9197273837615356 0.6789095350461422
0.9195761692378968 0.6783046769515871
0.9194980471702568 0.6779921886810276
0.92003416752867 0.6801366701146802
0.9190517250999667 0.6762069003998665
0.9192844764731658 0.6771379058926648
0.9193718082240919 0.677487232896368
0.9196074693769699 0.6784298775078785
0.9192627124108816 0.6770508496435266
0.919485590939514 0.6779423637580563
0.9192187883674133 0.676875153469653
0.9196518559247955 0.6786074236991817
0.919726432351806 0.6789057294072243
0.9238863686802987 0.6955454747211948
0.9189734927542278 0.6758939710169108
0.9199957104243386 0.6799828416973536
0.9197307249633426 0.6789228998533714
0.9180174323145739 0.6720697292582958
0.9184343527857565 0.6737374111430258
0.9188157777637933 0.6752631110551736
0.9187426085941343 0.6749704343765368
0.9186747520536176 0.67469900821447
0.9187771579999953 0.6751086319999813
0.9189824002905496 0.6759296011621981
0.9199595578725085 0.6798382314900374
0.9187297669845157 0.674919067938062
0.9188686575840124 0.6754746303360493
0.9194380926660096 0.6777523706640387
0.9190202976348077 0.6760811905392313
0.919389870403771 0.6775594816150834
0.9191107872319223 0.6764431489276885
0.9191020725601853 0.6764082902407414
0.9187498304644635 0.674999321857854
0.9193090275898746 0.6772361103594992
0.9197733630578558 0.6790934522314239
0.9196356068734356 0.678542427493744
0.9195107055722784 0.6780428222891128
0.920501617000833 0.682006468003332
0.9197701921696771 0.6790807686787088
0.9196219551965555 0.678487820786222
0.9205323589022002 0.6821294356088012
0.9202456354132755 0.6809825416531008
0.9194737333484168 0.6778949333936679
0.9191097024042443 0.6764388096169766
0.9197378887130703 0.6789515548522815
0.9196596144434142 0.6786384577736573
0.9195279698099091 0.6781118792396371
0.9193997597921574 0.6775990391686303
0.9247314891569338 0.698925956627735
0.9217484794269706 0.6869939177078808
0.9208310672665768 0.6833242690663072
0.9194689060450133 0.6778756241800535
0.9213047491884684 0.6852189967538725
0.9194517144424195 0.6778068577696783
0.9190349129684904 0.6761396518739616
0.9188114389204882 0.6752457556819534
0.9192890465868644 0.6771561863474581
0.9196499178624226 0.67859967144969
0.9193733913745401 0.6774935654981598
0.9191989153924937 0.6767956615699744
0.9193103585684848 0.6772414342739396
0.9196720051932952 0.6786880207731809
0.919637675917762 0.6785507036710482
0.9195751674053476 0.6783006696213912
0.9195525725749307 0.6782102902997222
0.9194312635160484 0.6777250540641941
0.9197987193167154 0.6791948772668628
0.9196487364458197 0.6785949457832791
0.9198721746621631 0.6794886986486537
0.9272042261816256 0.7088169047265013
0.9241810724221106 0.6967242896884414
0.9201158716871597 0.6804634867486388
0.920361323196996 0.6814452927879842
0.9192785956829131 0.6771143827316527
0.9191821483726417 0.6767285934905671
0.9188147979784697 0.6752591919138782
0.9189710427616007 0.6758841710464021
0.9195551364627117 0.6782205458508473
0.9195757684380294 0.6783030737521171
0.9191906802243437 0.6767627208973752
0.9192564690692435 0.677025876276974
0.9197300503155107 0.6789202012620442
0.9195618958621884 0.6782475834487549
0.9194673085378032 0.6778692341512135
0.9195097456987407 0.6780389827949622
0.9198518585860493 0.6794074343441967
0.919617910554792 0.6784716422191677
0.9196312859537837 0.6785251438151346
0.9194659171604318 0.6778636686417271
0.919896760429959 0.6795870417198359
0.9197428024077959 0.6789712096311831
0.9196658841882227 0.6786635367528913
0.9198139257181555 0.6792557028726218
0.9196787546815276 0.6787150187261106
0.9198270130289412 0.6793080521157646
0.9198626213676487 0.6794504854705946
0.9198282066459045 0.6793128265836184
0.9198248772381803 0.6792995089527207
0.9199156192686901 0.6796624770747602
0.9199602388403768 0.679840955361508
0.919921236232045 0.6796849449281799
0.9199139069871872 0.6796556279487488
0.9198713911996695 0.6794855647986773
0.9199108823655215 0.6796435294620865
0.9198718805361942 0.6794875221447771
0.9198369468305089 0.6793477873220355
0.9198962594113548 0.6795850376454187
0.9198734190148437 0.679493676059375
0.9199547109645277 0.6798188438581108
0.9199592724247767 0.679837089699107
0.9199383724252091 0.6797534897008369
0.9199577699185149 0.6798310796740598
0.9199688048721113 0.6798752194884453
0.9199534666991873 0.6798138667967488
0.919942474276804 0.6797698971072182
0.9199654347456171 0.6798617389824677
0.9199563140593371 0.6798252562373492
0.9199511328898916 0.6798045315595671
0.9199742215980772 0.6798968863923077
0.9202597120280247 0.6810388481121
0.9275999186690268 0.7103996746761081
0.9233451464873649 0.6933805859494616
0.9193409729937144 0.6773638919748584
0.9197406221320144 0.6789624885280577
0.9198328252859761 0.6793313011439047
0.9191727655461612 0.6766910621846447
0.9192174025995862 0.6768696103983438
0.9204465363190136 0.6817861452760549
0.9204729092709878 0.6818916370839513
0.9209708278912948 0.6838833115651787
0.9187719367438256 0.6750877469753023
0.9184807452989358 0.673922981195744
0.9190843059221305 0.6763372236885223
0.9189962722741333 0.6759850890965319
0.9189285863801709 0.6757143455206844
0.9192353194791587 0.6769412779166353
0.9189425326835289 0.6757701307341162
0.9185765317884788 0.6743061271539161
0.9195764411905708 0.6783057647622823
0.9195784033259362 0.6783136133037447
0.9194741970031836 0.677896788012735
0.9193153488764786 0.6772613955059145
0.9194749579043361 0.6778998316173442
0.919814943041255 0.6792597721650201
0.9196362856162841 0.6785451424651361
0.9194791660841057 0.6779166643364235
0.9193454234287615 0.6773816937150453
0.9195219586574737 0.6780878346298946
0.9195419691577378 0.6781678766309525
0.9197769812694465 0.6791079250777858
0.9196468211984785 0.6785872847939144
0.9197259787256642 0.6789039149026572
0.9196460322601827 0.6785841290407315
0.9234859900307 0.6939439601227984
0.9209678790662705 0.683871516265085
0.9200772029939994 0.6803088119759984
0.9269916581912696 0.7079666327650777
0.9237176284572635 0.6948705138290537
0.9244950189944846 0.6979800759779387
0.9196408993190939 0.678563597276375
0.9221033441858206 0.6884133767432824
0.9250611812474115 0.7002447249896472
0.924659728281329 0.6986389131253137
0.9232079039549869 0.6928316158199483
0.9219461821177287 0.6877847284709159
0.9222731629050683 0.6890926516202734
0.9214481551655692 0.6857926206622766
0.9203767507508857 0.6815070030035421
0.9197076356284134 0.678830542513653
0.9193313640603771 0.6773254562415083
0.9193581050675194 0.6774324202700782
0.9187210899203351 0.6748843596813408
0.9189567060711833 0.6758268242847336
0.9194232570022657 0.6776930280090628
0.9191649991252192 0.6766599965008773
0.9193040613065957 0.677216245226383
0.9194188221516327 0.6776752886065314
0.9192270931934055 0.6769083727736218
0.9192017521145527 0.6768070084582108
0.9195061186306112 0.6780244745224442
0.9193914453149002 0.6775657812596013
0.9190636493725217 0.6762545974900867
0.9189477217544496 0.6757908870177991
0.9193885406001484 0.6775541624005945
0.9192336688788951 0.6769346755155802
0.9196217010867757 0.6784868043471025
0.9220923505949823 0.6883694023799294
0.9188182455419712 0.6752729821678852
0.919082354451603 0.676329417806413
0.9196163030047783 0.6784652120191138
0.9193035521052699 0.6772142084210795
0.9192808460697661 0.6771233842790653
0.9192811352727199 0.6771245410908798
0.920230367036455 0.6809214681458206
0.92254783580564 0.69019134322256
0.9205159539677119 0.6820638158708471
0.9197359256639631 0.6789437026558525
0.9199776193956669 0.6799104775826679
0.9198918039705921 0.679567215882369
0.9202891096570994 0.6811564386283979
0.9194357416861753 0.6777429667447019
0.9196088367716078 0.6784353470864312
0.919797709291488 0.6791908371659519
0.9197594369699702 0.6790377478798801
0.9195829659261563 0.678331863704625
0.9198562152684043 0.6794248610736174
0.9198793810180482 0.6795175240721935
0.9200143462859953 0.6800573851439805
0.9197322495291484 0.6789289981165942
0.919833699785065 0.6793347991402594
0.9197360796748313 0.678944318699325
0.9197019621077455 0.6788078484309813
0.9197053061233642 0.6788212244934574
0.9198172731238998 0.6792690924955984
0.9203937310263786 0.6815749241055149
0.9198869307832761 0.6795477231331045
0.9198442837191648 0.6793771348766594
0.9198309591252225 0.6793238365008905
0.9198726781735042 0.6794907126940175
0.9199462280457628 0.6797849121830514
0.9199111421156672 0.6796445684626682
0.9199158605812165 0.6796634423248664
0.9198816378130581 0.679526551252232
0.9198953449892914 0.6795813799571672
0.919977143647528 0.6799085745901119
0.9199629064846533 0.6798516259386126
0.9199642097188111 0.679856838875244
0.9199641299100598 0.6798565196402396
0.9199619951206647 0.6798479804826595
0.9199615927706469 0.6798463710825875
0.9199804211194724 0.6799216844778893
0.9199700207694312 0.6798800830777252
0.9199866507060102 0.6799466028240413
0.9199910877639189 0.6799643510556755
0.9199906459475212 0.6799625837900848
0.9199898738478356 0.6799594953913425
0.9199853425176925 0.6799413700707707
0.9199814200865929 0.6799256803463727
0.9211934620275577 0.6847738481102307
0.9270412935973885 0.7081651743895545
0.9229840684490612 0.6919362737962438
0.9198983015221313 0.6795932060885255
0.9195957006766863 0.6783828027067452
0.9185339300507154 0.6741357202028625
0.91869566270079 0.6747826508031601
0.9194132075753633 0.6776528303014527
0.9192175832897215 0.6768703331588876
0.9190852557202859 0.6763410228811441
0.919366155020452 0.6774646200818077
0.9192028037866578 0.6768112151466306
0.9194760789800148 0.6779043159200594
0.9193955288976148 0.6775821155904599
0.9194869525260277 0.6779478101041116
0.9190567342603657 0.6762269370414632
0.9193747665964885 0.6774990663859543
0.9192082401953008 0.676832960781203
0.9196162266841016 0.6784649067364068
0.9194705406174293 0.6778821624697159
0.9195664932999208 0.6782659731996824
0.919503605046901 0.6780144201876044
0.9195689636293746 0.6782758545174982
0.9208279504765996 0.6833118019063992
0.9270867437130818 0.7083469748523266
0.9229045073526667 0.6916180294106674
0.9209110830920214 0.6836443323680861
0.919357465262446 0.6774298610497832
0.920046774090219 0.6801870963608766
0.9192798334650464 0.6771193338601856
0.9194810449371715 0.6779241797486861
0.9191278782367204 0.6765115129468814
0.9197435237472992 0.6789740949891978
0.9196973346085147 0.6787893384340582
0.9193950087840632 0.6775800351362526
0.9190707077130067 0.6762828308520269
0.9189662357033858 0.6758649428135447
0.9202106094697294 0.6808424378789185
0.9197221943350854 0.678888777340343
0.9202882810468069 0.681153124187227
0.9194786753592598 0.6779147014370391
0.9208266246238501 0.6833064984954001
0.919571451042233 0.6782858041689329
0.9191652770075609 0.6766611080302446
0.9197681133641055 0.6790724534564225
0.9196321727425711 0.6785286909702833
0.921011704926679 0.6840468197067169
0.919338966647444 0.6773558665897759
0.919285367129558 0.6771414685182319
0.9195228005536581 0.6780912022146329
0.9196079594435392 0.6784318377741573
0.9196089075099494 0.678435630039798
0.9198700554939976 0.6794802219759913
0.9197648369198975 0.6790593476795906
0.9197967601397655 0.6791870405590626
0.9198256426078226 0.6793025704312922
0.923674864659345 0.694699458637379
0.9195125952293233 0.6780503809172942
0.9193944224598878 0.677577689839551
0.9184880001342954 0.6739520005371821
0.9195195024144902 0.678078009657961
0.9192033569418788 0.6768134277675152
0.918575926493807 0.6743037059752288
0.9192320921845734 0.6769283687382933
0.919709005216803 0.6788360208672117
0.9193964511375331 0.6775858045501327
0.9189340613025873 0.6757362452103493
0.9194654167364862 0.677861666945944
0.9193496671033909 0.6773986684135631
0.9195949722058371 0.6783798888233479
0.9193704934297408 0.6774819737189641
0.9194722683729014 0.6778890734916042
0.9194267656290133 0.6777070625160522
0.9191830144570088 0.6767320578280347
0.9196596926226526 0.67863877049061
0.9194880922288854 0.6779523689155416
0.919485613053095 0.6779424522123797
0.9193348301350511 0.6773393205402051
0.9194678248466065 0.6778712993864261
0.9197387338057013 0.678954935222804
0.919788663623831 0.6791546544953241
0.9199251895726142 0.6797007582904567
0.9198667507684716 0.6794670030738863
0.9199042046366215 0.6796168185464863
0.9198281036733963 0.679312414693586
0.9198378872382645 0.6793515489530563
0.9198699700558205 0.6794798802232818
0.9209845964912078 0.6839383859648318
0.9197635598096783 0.6790542392387129
0.9198762627980197 0.6795050511920787
0.9199317390439266 0.6797269561757058
0.9199554825417546 0.6798219301670176
0.9199336609577371 0.6797346438309485
0.9199246893237654 0.6796987572950607
0.9199319617459109 0.6797278469836424
0.9199725988504245 0.6798903954016982
0.9199540438568152 0.6798161754272602
0.9199456160520877 0.6797824642083511
0.9199421104722686 0.6797684418890743
0.9199871337291265 0.6799485349165046
0.9211224535273352 0.684489814109341
0.9205743103648962 0.6822972414595849
0.9212439946127821 0.6849759784511272
0.921180428621301 0.6847217144852028
0.9213440710801968 0.6853762843207866
0.9208521308882274 0.6834085235529098
0.9214188411036408 0.6856753644145639
0.9210667181955934 0.6842668727823734
0.9195826109463097 0.6783304437852381
0.9194653407458698 0.6778613629834804
0.9199503107034163 0.679801242813664
0.9194098285612013 0.6776393142448055
0.9198166061685309 0.6792664246741243
0.9196960067876667 0.6787840271506669
0.9208895800494743 0.6835583201978965
0.9197566904325735 0.6790267617302949
0.9198605551864157 0.6794422207456632
0.919777624988308 0.6791104999532315
0.9198681104503647 0.6794724418014587
0.9198436527279473 0.6793746109117899
0.919925214187942 0.6797008567517683
0.922612985878942 0.6904519435157676
0.919325534920608 0.6773021396824326
0.918645551334708 0.6745822053388313
0.9192760495471377 0.677104198188552
0.9195187526020464 0.6780750104081859
0.91928647171564 0.6771458868625605
0.9192808103538148 0.6771232414152595
0.9194137345705558 0.6776549382822222
0.9197097092037733 0.6788388368150922
0.9195383169251706 0.6781532677006845
0.919423409216354 0.6776936368654166
0.9193033819670747 0.6772135278682995
0.9193720917257474 0.67748836690299
0.91970377067498 0.6788150826999203
0.9196833354892819 0.6787333419571279
0.9198160126894805 0.6792640507579232
0.9198688482036416 0.6794753928145665
0.919812535278261 0.6792501411130443
0.9196821652462982 0.6787286609851934
0.9198815524416681 0.6795262097666728
0.9199142803015113 0.6796571212060456
0.9198817264560902 0.6795269058243608
0.919816113493801 0.6792644539752045
0.9197720637415726 0.67908825496629
0.9199733802332419 0.6798935209329676
0.9199201732953665 0.6796806931814663
0.9199111988235109 0.6796447952940434
0.919937342820182 0.6797493712807285
0.9199018574249864 0.6796074296999468
0.9220703864928459 0.6882815459713854
0.9203595180923998 0.6814380723696001
0.9209177590803578 0.6836710363214316
0.9201115489290892 0.6804461957163576
0.9232885012125935 0.6931540048503748
0.9203602047364713 0.6814408189458856
0.9208939719678225 0.6835758878712894
0.9197031904961519 0.6788127619846072
0.9194036481721514 0.6776145926886059
0.9194779806726093 0.6779119226904375
0.9196665578681997 0.6786662314727988
0.9193609753902621 0.6774439015610486
0.91930632136521 0.6772252854608396
0.9197358863973313 0.6789435455893248
0.9195396849993516 0.6781587399974067
0.9196341256212619 0.6785365024850473
0.9194834880231192 0.677933952092477
0.9199038723062876 0.6796154892251506
0.9197740658290727 0.6790962633162915
0.9196579715061123 0.6786318860244493
0.9195838191392383 0.6783352765569527
0.9194403179512726 0.6777612718050903
0.9204050601277953 0.6816202405111814
0.9230132866318811 0.6920531465275248
0.9211102050933211 0.6844408203732837
0.9210370326929102 0.6841481307716407
0.919927652985671 0.6797106119426845
0.9197820149997551 0.6791280599990202
0.919643216308605 0.6785728652344196
0.9195843763231681 0.6783375052926733
0.919362436737711 0.6774497469508447
0.9193575925490296 0.6774303701961183
0.9198900532812799 0.6795602131251203
0.9197979613815772 0.6791918455263094
0.9198136670275937 0.6792546681103774
0.9199532225692874 0.6798128902771492
0.9216097238677723 0.6864388954710906
0.9195550532011 0.6782202128043999
0.9207417501493855 0.6829670005975433
0.9194418014033687 0.6777672056134739
0.9206223437122071 0.682489374848829
0.9223691963678252 0.6894767854713001
0.9194804694592716 0.6779218778370866
0.9193322966427305 0.6773291865709211
0.9202801472705361 0.6811205890821446
0.919481403113834 0.6779256124553368
0.9192856328463633 0.6771425313854535
0.9187979610669401 0.67519184426776
0.9195568635288945 0.6782274541155782
0.9196096824511673 0.6784387298046689
0.9195166681556713 0.6780666726226863
0.9191820373196038 0.6767281492784153
0.9194630250095799 0.6778521000383201
0.9197861419923756 0.679144567969502
0.919544712762074 0.6781788510482959
0.9194504495156366 0.6778017980625464
0.9193579093937376 0.6774316375749512
0.919819120571934 0.6792764822877341
0.9196532769165162 0.6786131076660652
0.9195945393823168 0.6783781575292676
0.9198169970152577 0.6792679880610303
0.9198640663299199 0.6794562653196795
0.9198795149611632 0.6795180598446532
0.9200087082326464 0.6800348329305854
0.9248676872355711 0.6994707489422844
0.9202864010282108 0.6811456041128433
0.9209598817527188 0.683839527010875
0.9210225160385865 0.6840900641543454
0.9193015817848572 0.6772063271394287
0.9194071067063863 0.6776284268255452
0.9194666202466175 0.6778664809864701
0.9197467207495396 0.678986882998158
0.919505048885594 0.6780201955423761
0.9196282077407997 0.6785128309631985
0.9194535522543283 0.6778142090173133
0.9195210448066865 0.6780841792267467
0.9193381695804209 0.6773526783216832
0.9197497002383219 0.6789988009532882
0.9197407503750353 0.6789630015001409
0.9197114028628681 0.6788456114514724
0.9198699627063595 0.6794798508254372
0.9197603283759735 0.679041313503895
0.9196244559016423 0.6784978236065694
0.9198760588092096 0.6795042352368383
0.919803127186791 0.6792125087471647
0.9198553601575236 0.6794214406300944
0.9199585267892246 0.6798341071568991
0.9199166054282129 0.6796664217128526
0.9199531757349071 0.6798127029396293
0.9199027453254248 0.679610981301698
0.9210611532819847 0.68424461312794
0.9198281772933795 0.6793127091735182
0.9198800593494728 0.6795202373978906
0.9198632370646462 0.6794529482585857
0.9198330354616489 0.6793321418465949
0.919802975144486 0.679211900577944
0.9199225147463849 0.6796900589855399
0.9199978245837653 0.6799912983350611
0.9199808372390917 0.679923348956367
0.91997094692391 0.6798837876956405
0.9199735887584282 0.679894355033713
0.9199600815471839 0.6798403261887365
0.9199936391429778 0.6799745565719113
0.9199826252692195 0.6799305010768776
0.9201329931955677 0.6805319727822693
0.924690887572736 0.6987635502909433
0.9210420072308386 0.6841680289233548
0.9190425106936809 0.6761700427747243
0.9186751402767693 0.6747005611070789
0.9196654594237043 0.6786618376948167
0.9193649946820659 0.6774599787282637
0.9193785168080734 0.6775140672322938
0.9190830217753082 0.6763320871012326
0.9198251926275338 0.6793007705101354
0.9196754101896784 0.6787016407587132
0.9196953839343989 0.6787815357375958
0.9194751633139301 0.6779006532557215
0.91988054141084 0.6795221656433603
0.9199257163906442 0.6797028655625765
0.9231416979110934 0.6925667916443716
0.9206783274464967 0.682713309785987
0.9193273503465457 0.6773094013861827
0.9192819463939399 0.6771277855757596
0.9198114690430659 0.6792458761722638
0.9196749005012699 0.6786996020050793
0.9195082023166278 0.6780328092665118
0.9198609742068161 0.6794438968272645
0.9197426506747943 0.678970602699177
0.9203473066388231 0.6813892265552921
0.9198275684637301 0.6793102738549205
0.9196972841386339 0.678789136554536
0.9196336714156321 0.678534685662529
0.919844494320263 0.6793779772810525
0.919844952751853 0.6793798110074122
0.9198726507776922 0.6794906031107688
0.9202795939178755 0.6811183756715026
0.9199419277045496 0.6797677108181984
0.9199297397700258 0.679718959080103
0.9199435885615755 0.6797743542463025
0.9199039665757772 0.6796158663031084
0.9199819731078045 0.6799278924312177
0.9199620617742278 0.6798482470969113
0.9199468952151932 0.679787580860773
0.9199176427712463 0.6796705710849852
0.9198957433299082 0.6795829733196326
0.919975752238534 0.6799030089541364
0.9199535503981349 0.6798142015925397
0.9199524892818443 0.6798099571273769
0.9199649346343007 0.6798597385372028
0.9199935523458009 0.6799742093832034
0.9199873609333206 0.6799494437332819
0.9199806547161793 0.6799226188647176
0.9199988230221198 0.6799952920884801
0.9202904696147781 0.6811618784591125
0.9208885452563845 0.6835541810255386
0.9220987906401752 0.6883951625607015
0.9213910655468518 0.6855642621874061
0.9211738307889638 0.6846953231558544
0.9197950505008178 0.6791802020032707
0.9199490587549813 0.6797962350199248
0.9198808905119762 0.6795235620479051
0.919801012515576 0.6792040500623029
0.9199100170154076 0.6796400680616309
0.9211031403427877 0.6844125613711506
0.9199786566431061 0.6799146265724239
0.9199338833527982 0.6797355334111923
0.9199202464960484 0.6796809859841938
0.9198807113072087 0.6795228452288345
0.9198528296306459 0.6794113185225833
0.9198141372645533 0.6792565490582124
0.9199625428018495 0.6798501712073982
0.9199553565011424 0.6798214260045699
0.9199358984861638 0.679743593944655
0.9199201487465032 0.6796805949860131
0.9198996337305811 0.6795985349223247
0.9200034397831037 0.6800137591324145
0.9224094243960862 0.6896376975843446
0.9258701531890555 0.7034806127562213
0.9245200509801127 0.6980802039204502
0.9260809828932148 0.7043239315728587
0.9204905941105771 0.6819623764423087
0.9202859547191616 0.6811438188766464
0.9202322336305374 0.6809289345221498
0.9198015856424985 0.6792063425699943
0.9193169042477856 0.6772676169911422
0.9189071915898183 0.6756287663592734
0.9197087233992279 0.6788348935969117