0 0 13 20 25 31 39 48 58 66 74 85 0 0 0 2 3 3 5 6 7 10
0 1 6 13 21 27 38 47 56 63 70 76 2 3 3 3 3 5 6 7 7 8
0 2 8 17 24 32 40 47 57 72 79 89 0 0 0 1 1 1 1 3 3 3
0 3 6 11 22 34 41 53 57 66 72 84 0 1 2 2 2 5 5 5 5 5
0 4 8 16 25 39 47 53 59 68 78 88 1 1 1 1 1 4 7 7 8 8
0 5 8 15 22 31 40 47 56 65 74 81 0 1 3 4 4 4 4 4 4 5
0 6 8 17 26 36 45 52 62 71 75 83 1 2 3 4 4 5 8 9 9 10
0 7 8 17 29 38 44 55 61 67 75 82 2 3 3 4 4 4 4 4 4 5
0 8 5 16 20 30 37 47 57 69 81 89 0 2 2 5 8 8 11 11 14 15
0 9 5 17 26 32 40 46 59 66 75 86 0 1 1 1 1 3 3 4 4 4
0 10 8 13 21 29 35 44 51 61 68 77 1 1 1 2 4 4 5 5 5 5
1 0 10 25 34 40 51 55 66 74 82 89 1 1 2 2 3 3 4 4 4 5
1 1 6 13 25 36 43 56 67 78 88 98 0 1 4 4 4 4 4 6 7 9
1 2 8 18 27 40 51 60 65 70 79 85 0 3 6 6 6 6 6 6 6 6
1 3 6 14 24 34 43 53 64 69 79 88 0 5 5 6 8 8 8 11 12 13
1 4 8 14 25 29 36 42 49 59 66 69 1 2 2 3 3 3 4 4 4 4
1 5 9 21 31 39 44 51 64 72 82 91 1 4 5 5 5 5 5 5 5 6
1 6 3 11 21 28 38 44 50 59 70 77 0 1 3 9 11 11 12 12 12 13
1 7 6 16 25 37 46 55 57 69 71 79 0 3 3 3 3 3 3 3 3 3
1 8 8 22 32 40 44 50 61 73 79 87 0 0 1 2 2 4 4 4 6 6
1 9 12 19 30 42 47 55 63 72 77 85 0 2 3 3 3 3 5 5 7 7
1 10 9 20 27 37 45 58 69 76 88 100 0 2 2 2 3 5 5 5 5 5
2 0 7 13 22 35 44 50 55 62 69 80 0 1 2 3 3 3 4 4 4 4
2 1 7 15 24 33 44 51 57 67 73 81 0 0 1 1 1 1 2 3 4 5
2 2 12 23 33 45 49 52 60 71 80 85 0 1 2 2 2 2 3 3 3 3
2 3 8 18 27 35 42 49 58 70 81 88 2 4 5 6 6 7 8 9 9 9
2 4 9 13 22 30 46 53 59 69 78 89 1 2 4 6 9 10 11 11 12 12
2 5 11 25 34 41 50 60 69 77 86 94 1 1 1 1 2 4 4 4 4 4
2 6 6 13 20 25 34 39 45 55 65 72 2 3 3 3 4 6 8 8 9 10
2 7 8 21 30 42 53 60 68 80 87 95 0 0 1 3 3 3 3 3 3 3
2 8 8 16 29 35 44 50 56 62 68 75 0 1 4 4 6 6 6 6 6 7
2 9 7 13 25 35 44 52 60 67 78 85 0 0 0 1 2 3 4 4 4 4
2 10 8 17 27 36 42 51 57 61 64 68 0 1 1 1 1 1 2 2 2 3
3 0 11 21 29 36 46 54 57 62 67 76 1 2 2 3 3 4 5 5 5 5
3 1 9 22 33 39 47 52 60 71 77 86 2 4 5 6 7 7 10 10 10 11
3 2 10 13 19 26 35 42 49 59 67 78 1 1 1 1 1 1 1 2 2 2
3 3 7 16 28 35 44 48 54 61 65 74 0 2 3 3 4 4 7 7 7 7
3 4 10 14 27 40 54 61 69 74 84 97 0 0 0 1 1 1 2 2 3 3
3 5 5 14 23 35 42 51 59 65 77 87 0 0 0 0 0 0 0 0 1 4
3 6 10 15 22 33 42 50 57 66 72 80 0 1 1 1 2 2 2 3 4 6
3 7 11 20 27 37 46 57 68 73 80 89 0 0 0 1 2 2 4 4 5 6
3 8 5 12 19 27 37 43 48 55 61 68 0 0 0 1 3 3 5 7 7 8
3 9 11 18 25 34 41 50 56 62 68 77 0 0 0 0 1 1 2 2 2 4
3 10 5 12 21 28 38 45 54 60 69 77 4 4 7 8 8 9 10 10 10 12
4 0 6 16 25 28 38 49 56 65 72 78 0 1 1 2 2 2 2 3 3 3
4 1 5 12 18 23 31 35 43 50 56 66 0 0 0 2 3 3 3 4 4 4
4 2 6 10 15 24 30 42 56 61 70 76 1 1 1 1 2 3 3 4 6 6
4 3 5 12 23 29 38 43 47 58 67 75 0 2 5 5 5 5 6 9 12 12
4 4 7 18 23 32 37 45 52 66 71 77 1 3 5 5 7 7 8 8 9 9
4 5 5 16 25 31 40 53 61 71 78 86 0 0 0 0 0 2 2 3 4 5
4 6 7 19 28 36 43 50 57 64 70 77 1 2 2 3 3 4 6 6 6 6
4 7 4 11 25 38 48 58 66 77 83 89 0 1 2 4 4 5 5 5 6 8
4 8 7 12 19 27 36 41 47 54 58 68 1 2 2 3 3 3 4 5 7 8
4 9 8 16 23 30 41 51 59 64 75 83 0 0 0 0 0 0 1 2 3 5
4 10 10 23 26 32 38 50 56 64 75 87 1 3 4 5 6 9 10 11 11 12
5 0 8 14 23 33 41 48 55 64 70 85 1 1 1 1 1 2 3 4 4 4
5 1 9 19 28 42 46 50 55 63 75 82 1 4 4 4 6 6 10 10 11 12
5 2 14 21 29 41 49 58 66 75 82 88 1 1 1 2 5 7 8 10 10 11
5 3 7 13 24 31 39 47 56 64 68 78 3 3 5 6 7 7 9 10 10 10
5 4 8 17 31 39 46 50 54 65 75 86 1 2 2 2 2 2 3 3 3 3
5 5 10 20 29 37 46 54 63 70 80 87 0 1 1 3 3 4 5 5 6 6
5 6 6 12 18 25 31 41 49 56 67 73 1 1 2 2 3 3 3 4 6 6
5 7 11 19 28 36 46 52 62 67 82 87 2 3 4 4 4 4 5 5 7 7
5 8 5 20 28 32 41 51 64 71 79 86 0 1 1 1 4 4 5 5 5 5
5 9 11 23 26 35 44 49 53 61 73 82 2 4 5 5 6 6 6 6 6 7
5 10 13 19 25 32 46 57 66 75 81 93 1 1 1 2 2 2 2 2 4 5
6 0 8 19 28 37 45 55 61 72 83 93 0 1 1 3 3 3 4 5 5 6
6 1 6 17 25 34 37 44 50 59 63 76 4 4 4 5 5 5 5 6 6 7
6 2 12 28 40 51 61 73 80 93 96 106 1 1 2 4 5 5 6 6 6 8
6 3 5 12 19 27 37 47 61 68 74 81 0 0 0 1 1 2 2 3 4 5
6 4 10 15 24 30 39 44 54 64 76 82 0 1 1 1 2 2 2 2 3 3
6 5 9 17 26 33 43 51 63 76 82 91 0 1 1 1 2 2 3 3 3 3
6 6 9 16 23 32 40 46 53 62 68 74 1 1 1 1 1 1 1 1 2 2
6 7 13 16 27 34 47 62 70 78 86 94 1 2 2 2 2 2 5 7 7 7
6 8 6 10 19 26 34 44 56 60 65 71 0 0 2 3 3 4 8 8 9 9
6 9 12 23 36 44 47 56 64 76 83 86 1 2 2 2 5 5 5 7 7 7
6 10 6 16 20 30 37 47 55 60 67 75 0 0 0 0 1 1 2 3 4 4
7 0 10 18 25 33 44 53 61 70 80 96 0 0 1 2 2 3 4 5 5 6
7 1 5 12 26 35 42 55 61 67 72 78 0 1 1 1 2 3 4 4 5 6
7 2 13 20 28 40 47 51 59 67 77 83 0 0 1 2 2 4 5 5 6 7
7 3 16 21 28 34 41 48 51 62 68 81 0 1 1 1 2 3 3 5 5 6
7 4 9 21 32 34 45 52 61 66 77 86 1 2 2 3 3 5 6 6 6 6
7 5 12 19 31 45 51 56 65 71 78 93 0 1 2 2 3 3 3 3 3 3
7 6 9 18 24 33 41 50 59 65 69 81 0 2 2 4 4 6 8 8 9 10
7 7 14 20 28 35 49 55 58 68 76 88 1 1 1 3 3 4 4 6 6 6
7 8 10 21 33 40 48 57 65 71 78 85 0 1 2 2 2 2 2 3 4 5
7 9 8 16 22 30 40 50 57 69 75 88 0 1 3 3 4 5 8 9 11 12
7 10 4 11 18 27 34 39 48 61 64 73 0 0 0 0 1 1 1 3 5 6
8 0 7 18 27 37 41 49 60 66 73 80 1 1 2 2 3 3 3 3 3 5
8 1 8 14 22 29 37 45 55 61 69 75 2 2 2 3 3 4 4 5 5 7
8 2 7 20 28 35 43 49 51 57 66 71 1 3 5 5 7 7 7 8 10 10
8 3 12 23 32 42 51 63 69 77 84 90 2 3 3 3 3 3 3 4 4 5
8 4 10 20 30 37 45 53 61 66 76 84 0 1 1 3 4 4 5 5 6 7
8 5 7 15 25 36 44 55 63 74 81 83 1 1 1 4 6 7 9 10 10 10
8 6 7 17 23 26 38 49 57 66 71 75 1 1 2 2 4 5 6 7 8 9
8 7 1 12 19 28 36 44 58 66 75 84 3 3 3 5 6 6 6 7 9 9
8 8 13 20 31 37 46 57 63 75 85 95 0 3 4 4 6 6 6 8 8 9
8 9 7 16 22 32 39 52 63 70 74 81 0 0 0 0 0 0 0 0 0 0
8 10 2 11 22 31 40 47 55 65 73 78 1 2 3 4 5 5 5 7 11 12
9 0 11 22 34 40 43 50 59 66 75 85 0 3 3 3 5 6 7 8 8 9
9 1 10 22 34 41 50 61 68 79 88 97 2 3 5 5 5 6 6 6 6 6
9 2 11 21 30 37 47 55 63 72 78 85 0 0 1 2 2 2 2 2 2 2
9 3 7 15 24 29 39 50 59 67 77 86 1 3 6 7 8 10 10 11 11 13
9 4 6 12 19 29 40 49 54 60 66 74 1 1 1 1 3 3 5 5 5 6
9 5 7 12 21 36 43 52 65 70 79 86 0 1 1 2 4 5 6 8 10 10
9 6 7 21 30 35 43 50 67 76 82 93 1 2 2 2 3 3 3 3 4 5
9 7 7 13 19 23 32 40 48 56 66 72 1 1 1 1 1 1 2 2 2 3
9 8 8 16 26 35 45 52 61 69 76 86 0 1 1 2 2 3 4 5 5 6
9 9 13 24 32 41 47 58 67 78 89 96 0 0 1 2 4 5 7 7 7 8
9 10 10 19 31 38 44 53 64 74 78 88 0 0 0 1 3 4 4 5 6 7
10 0 11 23 32 34 43 49 54 64 74 82 0 0 2 2 2 2 2 2 2 3
10 1 12 19 25 26 34 41 47 52 58 67 2 2 2 2 2 3 4 5 5 6
10 2 9 18 31 38 49 58 63 72 84 89 0 1 2 3 4 5 5 7 8 9
10 3 10 21 26 32 37 45 51 58 64 74 1 2 2 3 3 3 3 3 4 6
10 4 7 17 33 41 50 57 66 74 85 96 1 2 3 3 4 6 6 8 8 10
10 5 11 17 30 38 43 52 60 68 80 92 0 1 2 2 2 4 5 7 7 7
10 6 7 20 28 39 48 56 63 67 77 87 0 1 2 3 3 4 4 5 5 5
10 7 8 15 27 34 45 52 61 65 75 83 1 1 1 2 3 5 7 9 9 12
10 8 13 22 28 33 44 55 69 73 83 92 0 1 2 3 3 3 4 5 6 6
10 9 7 17 32 40 47 50 59 64 68 75 0 0 2 3 3 3 4 5 6 6
10 10 9 16 22 29 40 47 54 66 79 84 1 1 2 4 7 8 9 9 9 10